"","HA","vs","played","Pts","GD","GS","ePts","sched","cumulative"
"1","H","Tel","yes",3,2,2,"2.46","-0.31","-0.31"
"2","A","GoA","yes",1,0,2,"1.79","0.05","-0.26"
"3","H","Her","yes",3,2,2,"2.89","-0.53","-0.79"
"4","A","Vol","yes",1,0,1,"1.76","0.07","-0.72"
"5","H","Zwo","yes",3,2,3,"2.71","-0.44","-1.16"
"6","A","PSV","yes",1,0,2,"0.70","0.63","-0.53"
"7","H","NAC","yes",3,1,2,"2.70","-0.43","-0.96"
"8","A","Spa","no",NA,NA,NA,"1.56","0.17","-0.79"
"9","H","AZA","no",NA,NA,NA,"2.27","-0.21","-0.99"
"10","A","Twe","no",NA,NA,NA,"1.33","0.29","-0.70"
"11","H","Hee","no",NA,NA,NA,"2.79","-0.48","-1.18"
"12","A","Utr","no",NA,NA,NA,"1.56","0.17","-1.00"
"13","H","Exc","no",NA,NA,NA,"2.67","-0.42","-1.42"
"14","H","Gro","no",NA,NA,NA,"2.42","-0.28","-1.70"
"15","A","Sit","no",NA,NA,NA,"1.07","0.43","-1.27"
"16","H","Fey","no",NA,NA,NA,"0.96","0.49","-0.78"
"17","A","NEC","no",NA,NA,NA,"0.47","0.75","-0.03"
"18","A","Tel","no",NA,NA,NA,"1.99","-0.06","-0.09"
"19","H","GoA","no",NA,NA,NA,"2.74","-0.45","-0.54"
"20","H","Vol","no",NA,NA,NA,"2.84","-0.51","-1.05"
"21","A","Exc","no",NA,NA,NA,"1.57","0.17","-0.88"
"22","A","AZA","no",NA,NA,NA,"0.71","0.63","-0.26"
"23","H","Sit","no",NA,NA,NA,"2.68","-0.42","-0.68"
"24","H","NEC","no",NA,NA,NA,"2.68","-0.42","-1.10"
"25","A","Zwo","no",NA,NA,NA,"1.97","-0.04","-1.15"
"26","A","Gro","no",NA,NA,NA,"0.55","0.71","-0.44"
"27","H","Spa","no",NA,NA,NA,"2.60","-0.38","-0.82"
"28","A","Fey","no",NA,NA,NA,"0.13","0.93","0.11"
"29","H","Twe","no",NA,NA,NA,"2.65","-0.40","-0.29"
"30","A","Her","no",NA,NA,NA,"2.05","-0.09","-0.38"
"31","A","NAC","no",NA,NA,NA,"1.24","0.34","-0.04"
"32","H","PSV","no",NA,NA,NA,"0.88","0.53","0.50"
"33","H","Utr","no",NA,NA,NA,"2.72","-0.44","0.05"
"34","A","Hee","no",NA,NA,NA,"1.98","-0.05","0.00"
