"","HA","vs","played","Pts","GD","GS","ePts","sched","cumulative"
"1","H","NAC","yes",3,2,2,"2.87","-0.06","-0.06"
"2","A","Exc","yes",3,1,2,"2.80","-0.03","-0.09"
"3","A","Spa","yes",3,4,4,"2.79","-0.03","-0.12"
"4","H","Hee","yes",3,1,1,"2.91","-0.07","-0.19"
"5","H","Sit","yes",3,2,2,"2.87","-0.06","-0.25"
"6","A","AZA","yes",1,0,3,"2.45","0.10","-0.15"
"7","A","Gro","yes",3,1,1,"2.30","0.15","0.00"
"8","H","Utr","no",NA,NA,NA,"2.89","-0.06","-0.06"
"9","A","Her","no",NA,NA,NA,"2.88","-0.06","-0.12"
"10","H","PSV","no",NA,NA,NA,"1.67","0.38","0.26"
"11","H","Vol","no",NA,NA,NA,"2.93","-0.08","0.18"
"12","A","GoA","no",NA,NA,NA,"2.84","-0.04","0.14"
"13","H","NEC","no",NA,NA,NA,"2.87","-0.06","0.08"
"14","A","Tel","no",NA,NA,NA,"2.87","-0.06","0.03"
"15","H","Zwo","no",NA,NA,NA,"2.88","-0.06","-0.03"
"16","A","Ajx","no",NA,NA,NA,"1.94","0.29","0.25"
"17","H","Twe","no",NA,NA,NA,"2.85","-0.05","0.20"
"18","A","Hee","no",NA,NA,NA,"2.87","-0.06","0.15"
"19","H","Spa","no",NA,NA,NA,"2.84","-0.04","0.10"
"20","H","Her","no",NA,NA,NA,"2.95","-0.09","0.01"
"21","A","PSV","no",NA,NA,NA,"2.45","0.10","0.11"
"22","A","Utr","no",NA,NA,NA,"2.79","-0.03","0.09"
"23","H","GoA","no",NA,NA,NA,"2.89","-0.07","0.02"
"24","H","Tel","no",NA,NA,NA,"2.78","-0.02","-0.00"
"25","A","Twe","no",NA,NA,NA,"2.74","-0.01","-0.01"
"26","A","NAC","no",NA,NA,NA,"2.71","0.00","-0.01"
"27","H","Exc","no",NA,NA,NA,"2.87","-0.06","-0.06"
"28","H","Ajx","no",NA,NA,NA,"2.82","-0.04","-0.10"
"29","A","Vol","no",NA,NA,NA,"2.83","-0.04","-0.15"
"30","A","NEC","no",NA,NA,NA,"2.21","0.19","0.04"
"31","H","Gro","no",NA,NA,NA,"2.76","-0.02","0.02"
"32","A","Sit","no",NA,NA,NA,"2.65","0.02","0.05"
"33","H","AZA","no",NA,NA,NA,"2.70","0.01","0.06"
"34","A","Zwo","no",NA,NA,NA,"2.87","-0.06","-0.00"
