"","HA","vs","played","Pts","GD","GS","ePts","sched","cumulative"
"1","A","Sit","yes",1,0,2,"0.59","0.41","0.41"
"2","H","Ajx","yes",1,0,2,"1.10","-0.11","0.31"
"3","H","Spa","yes",0,-3,0,"1.04","-0.04","0.27"
"4","A","Hee","yes",1,0,2,"1.24","-0.24","0.02"
"5","H","Vol","yes",3,3,3,"1.90","-0.91","-0.88"
"6","A","Zwo","yes",3,2,2,"1.55","-0.55","-1.44"
"7","A","Tel","yes",0,-2,2,"1.57","-0.57","-2.01"
"8","H","NEC","no",NA,NA,NA,"1.08","-0.08","-2.09"
"9","A","PSV","no",NA,NA,NA,"0.41","0.59","-1.51"
"10","H","Exc","no",NA,NA,NA,"1.53","-0.53","-2.04"
"11","A","NAC","no",NA,NA,NA,"1.08","-0.08","-2.12"
"12","H","Fey","no",NA,NA,NA,"0.10","0.90","-1.21"
"13","A","Her","no",NA,NA,NA,"1.65","-0.65","-1.87"
"14","H","Utr","no",NA,NA,NA,"1.32","-0.32","-2.19"
"15","A","AZA","no",NA,NA,NA,"0.41","0.59","-1.59"
"16","A","Twe","no",NA,NA,NA,"0.95","0.05","-1.54"
"17","H","Gro","no",NA,NA,NA,"0.50","0.50","-1.04"
"18","H","Sit","no",NA,NA,NA,"1.24","-0.24","-1.28"
"19","A","Ajx","no",NA,NA,NA,"0.21","0.79","-0.49"
"20","H","Hee","no",NA,NA,NA,"1.43","-0.43","-0.92"
"21","A","Vol","no",NA,NA,NA,"1.45","-0.46","-1.38"
"22","H","Tel","no",NA,NA,NA,"0.72","0.28","-1.10"
"23","A","Fey","no",NA,NA,NA,"0.07","0.93","-0.17"
"24","H","Her","no",NA,NA,NA,"2.19","-1.19","-1.36"
"25","A","Exc","no",NA,NA,NA,"1.27","-0.28","-1.64"
"26","H","Twe","no",NA,NA,NA,"1.09","-0.10","-1.73"
"27","H","NAC","no",NA,NA,NA,"1.37","-0.37","-2.10"
"28","A","Utr","no",NA,NA,NA,"1.11","-0.11","-2.21"
"29","H","Zwo","no",NA,NA,NA,"1.30","-0.31","-2.51"
"30","A","Gro","no",NA,NA,NA,"0.28","0.72","-1.80"
"31","H","AZA","no",NA,NA,NA,"0.59","0.41","-1.39"
"32","A","Spa","no",NA,NA,NA,"1.21","-0.21","-1.60"
"33","H","PSV","no",NA,NA,NA,"0.09","0.91","-0.69"
"34","A","NEC","no",NA,NA,NA,"0.31","0.69","-0.00"
