"","HA","vs","played","Pts","GD","GS","ePts","sched","cumulative"
"1","H","Vol","yes",1,0,1,"1.69","-1.11","-1.11"
"2","A","Gro","yes",0,-1,1,"0.23","0.71","-0.41"
"3","H","Twe","yes",0,-1,1,"0.94","-0.17","-0.58"
"4","H","GoA","yes",1,0,2,"1.21","-0.52","-1.10"
"5","A","Fey","yes",0,-1,0,"0.05","0.93","-0.17"
"6","H","NEC","yes",3,1,3,"1.03","-0.29","-0.46"
"7","A","Utr","yes",1,0,2,"0.84","-0.06","-0.52"
"8","H","Exc","no",NA,NA,NA,"1.00","-0.26","-0.77"
"9","A","Tel","no",NA,NA,NA,"1.26","-0.58","-1.36"
"10","H","NAC","no",NA,NA,NA,"1.07","-0.34","-1.69"
"11","A","Ajx","no",NA,NA,NA,"0.14","0.83","-0.86"
"12","A","Sit","no",NA,NA,NA,"0.50","0.37","-0.49"
"13","H","AZA","no",NA,NA,NA,"0.45","0.44","-0.05"
"14","A","Zwo","no",NA,NA,NA,"1.24","-0.55","-0.61"
"15","H","PSV","no",NA,NA,NA,"0.08","0.90","0.30"
"16","A","Spa","no",NA,NA,NA,"0.85","-0.06","0.24"
"17","A","Her","no",NA,NA,NA,"1.34","-0.68","-0.44"
"18","H","Fey","no",NA,NA,NA,"0.08","0.89","0.45"
"19","H","Gro","no",NA,NA,NA,"0.57","0.29","0.74"
"20","A","GoA","no",NA,NA,NA,"1.05","-0.32","0.42"
"21","H","Utr","no",NA,NA,NA,"1.15","-0.45","-0.03"
"22","A","Twe","no",NA,NA,NA,"0.67","0.16","0.13"
"23","H","Zwo","no",NA,NA,NA,"1.10","-0.38","-0.25"
"24","A","PSV","no",NA,NA,NA,"0.30","0.62","0.37"
"25","H","Spa","no",NA,NA,NA,"0.84","-0.05","0.32"
"26","A","Exc","no",NA,NA,NA,"0.86","-0.08","0.25"
"27","H","Tel","no",NA,NA,NA,"0.62","0.22","0.47"
"28","A","NEC","no",NA,NA,NA,"0.20","0.75","1.22"
"29","H","Her","no",NA,NA,NA,"2.01","-1.52","-0.30"
"30","A","AZA","no",NA,NA,NA,"0.31","0.62","0.32"
"31","H","Sit","no",NA,NA,NA,"1.03","-0.30","0.02"
"32","A","Vol","no",NA,NA,NA,"1.02","-0.28","-0.26"
"33","A","NAC","no",NA,NA,NA,"0.61","0.23","-0.02"
"34","H","Ajx","no",NA,NA,NA,"0.78","0.02","-0.00"
