"","HA","vs","played","Pts","GD","GS","ePts","sched","cumulative"
"1","H","Exc","yes",3,5,5,"2.51","-0.52","-0.52"
"2","A","Her","yes",3,3,4,"1.78","-0.07","-0.59"
"3","H","NAC","yes",3,3,3,"2.61","-0.58","-1.17"
"4","A","Sit","yes",0,-1,2,"0.81","0.51","-0.66"
"5","H","PSV","yes",0,-2,3,"0.60","0.64","-0.02"
"6","A","Hee","yes",0,-1,2,"1.67","-0.01","-0.03"
"7","H","AZA","yes",3,1,2,"2.02","-0.22","-0.25"
"8","A","GoA","no",NA,NA,NA,"1.46","0.12","-0.14"
"9","H","Twe","no",NA,NA,NA,"2.49","-0.51","-0.64"
"10","A","Zwo","no",NA,NA,NA,"1.66","-0.00","-0.64"
"11","A","Utr","no",NA,NA,NA,"1.17","0.30","-0.35"
"12","H","Gro","no",NA,NA,NA,"1.89","-0.15","-0.49"
"13","A","Fey","no",NA,NA,NA,"0.08","0.95","0.46"
"14","H","Spa","no",NA,NA,NA,"2.41","-0.46","-0.00"
"15","A","Vol","no",NA,NA,NA,"1.43","0.14","0.14"
"16","A","Tel","no",NA,NA,NA,"1.69","-0.02","0.11"
"17","H","Ajx","no",NA,NA,NA,"2.36","-0.43","-0.31"
"18","H","Utr","no",NA,NA,NA,"2.59","-0.56","-0.88"
"19","A","NAC","no",NA,NA,NA,"1.19","0.28","-0.60"
"20","H","Zwo","no",NA,NA,NA,"2.57","-0.55","-1.15"
"21","A","AZA","no",NA,NA,NA,"0.45","0.73","-0.42"
"22","H","Her","no",NA,NA,NA,"2.84","-0.72","-1.14"
"23","A","Spa","no",NA,NA,NA,"1.23","0.26","-0.88"
"24","A","Ajx","no",NA,NA,NA,"0.22","0.87","-0.01"
"25","H","Sit","no",NA,NA,NA,"2.58","-0.56","-0.57"
"26","H","Vol","no",NA,NA,NA,"2.77","-0.67","-1.24"
"27","A","PSV","no",NA,NA,NA,"0.44","0.73","-0.51"
"28","H","Hee","no",NA,NA,NA,"2.68","-0.62","-1.13"
"29","A","Exc","no",NA,NA,NA,"1.24","0.25","-0.88"
"30","H","Fey","no",NA,NA,NA,"0.63","0.62","-0.25"
"31","A","Twe","no",NA,NA,NA,"1.07","0.35","0.10"
"32","H","Tel","no",NA,NA,NA,"2.18","-0.32","-0.22"
"33","A","Gro","no",NA,NA,NA,"0.32","0.81","0.58"
"34","H","GoA","no",NA,NA,NA,"2.62","-0.58","0.00"
