"","HA","vs","played","Pts","GD","GS","ePts","sched","cumulative"
"1","H","Spa","yes",3,5,6,"2.30","0.05","0.05"
"2","A","Twe","yes",3,2,2,"2.73","-0.12","-0.07"
"3","H","Gro","yes",3,2,4,"1.58","0.35","0.28"
"4","H","Tel","yes",0,-2,0,"2.26","0.07","0.35"
"5","A","NEC","yes",3,2,5,"2.50","-0.03","0.32"
"6","H","Ajx","yes",1,0,2,"2.39","0.02","0.33"
"7","A","Exc","yes",3,1,2,"2.82","-0.16","0.17"
"8","A","Zwo","yes",3,4,4,"2.87","-0.18","-0.02"
"9","H","GoA","yes",3,1,2,"2.53","-0.04","-0.06"
"10","A","Fey","no",NA,NA,NA,"0.99","0.59","0.54"
"11","H","Sit","no",NA,NA,NA,"2.44","-0.01","0.53"
"12","A","AZA","no",NA,NA,NA,"2.22","0.09","0.62"
"13","A","NAC","no",NA,NA,NA,"2.82","-0.16","0.46"
"14","H","Vol","no",NA,NA,NA,"2.75","-0.13","0.32"
"15","A","Hee","no",NA,NA,NA,"2.83","-0.17","0.16"
"16","H","Her","no",NA,NA,NA,"2.82","-0.16","-0.00"
"17","A","Utr","no",NA,NA,NA,"2.76","-0.14","-0.14"
"18","H","Exc","no",NA,NA,NA,"2.56","-0.06","-0.20"
"19","A","Sit","no",NA,NA,NA,"2.64","-0.09","-0.28"
"20","H","NAC","no",NA,NA,NA,"2.56","-0.05","-0.34"
"21","H","Fey","no",NA,NA,NA,"0.41","0.83","0.50"
"22","A","Gro","no",NA,NA,NA,"2.24","0.08","0.57"
"23","A","Vol","no",NA,NA,NA,"2.86","-0.18","0.39"
"24","H","Hee","no",NA,NA,NA,"2.50","-0.03","0.36"
"25","A","Her","no",NA,NA,NA,"2.89","-0.19","0.17"
"26","H","AZA","no",NA,NA,NA,"1.49","0.39","0.56"
"27","H","NEC","no",NA,NA,NA,"2.46","-0.01","0.54"
"28","A","Tel","no",NA,NA,NA,"2.89","-0.19","0.36"
"29","H","Utr","no",NA,NA,NA,"2.45","-0.01","0.35"
"30","A","Spa","no",NA,NA,NA,"2.82","-0.16","0.19"
"31","H","Zwo","no",NA,NA,NA,"2.51","-0.03","0.16"
"32","A","Ajx","no",NA,NA,NA,"2.53","-0.04","0.11"
"33","A","GoA","no",NA,NA,NA,"2.87","-0.18","-0.07"
"34","H","Twe","no",NA,NA,NA,"2.27","0.07","-0.00"
