"","HA","vs","played","Pts","GD","GS","ePts","sched","cumulative"
"1","H","GoA","yes",1,0,2,"2.21","-0.52","-0.52"
"2","A","NAC","yes",0,-1,1,"1.17","0.20","-0.33"
"3","H","NEC","yes",3,1,3,"2.15","-0.48","-0.81"
"4","A","Tel","yes",3,2,3,"1.72","-0.18","-1.00"
"5","A","Fey","yes",0,-2,0,"0.07","0.95","-0.04"
"6","H","Utr","yes",3,1,1,"2.20","-0.52","-0.56"
"7","A","Twe","yes",0,-1,2,"0.92","0.36","-0.20"
"8","H","Vol","yes",3,1,1,"2.55","-0.76","-0.96"
"9","A","Exc","no",NA,NA,NA,"1.39","0.04","-0.92"
"10","H","Gro","no",NA,NA,NA,"1.20","0.17","-0.74"
"11","A","PSV","no",NA,NA,NA,"0.50","0.66","-0.08"
"12","H","Hee","no",NA,NA,NA,"2.28","-0.57","-0.65"
"13","A","Spa","no",NA,NA,NA,"1.34","0.08","-0.57"
"14","H","Her","no",NA,NA,NA,"2.72","-0.88","-1.45"
"15","H","Ajx","no",NA,NA,NA,"2.03","-0.40","-1.85"
"16","A","Zwo","no",NA,NA,NA,"1.67","-0.15","-1.99"
"17","H","AZA","no",NA,NA,NA,"1.33","0.08","-1.91"
"18","A","GoA","no",NA,NA,NA,"1.58","-0.09","-2.00"
"19","H","PSV","no",NA,NA,NA,"0.26","0.82","-1.18"
"20","A","Gro","no",NA,NA,NA,"0.33","0.77","-0.41"
"21","A","Her","no",NA,NA,NA,"1.86","-0.28","-0.69"
"22","H","Spa","no",NA,NA,NA,"1.98","-0.36","-1.06"
"23","A","Ajx","no",NA,NA,NA,"0.26","0.82","-0.24"
"24","H","Exc","no",NA,NA,NA,"2.33","-0.61","-0.85"
"25","A","NEC","no",NA,NA,NA,"0.35","0.76","-0.09"
"26","H","Tel","no",NA,NA,NA,"1.80","-0.24","-0.33"
"27","A","Vol","no",NA,NA,NA,"1.57","-0.08","-0.42"
"28","H","Twe","no",NA,NA,NA,"1.97","-0.36","-0.78"
"29","A","AZA","no",NA,NA,NA,"0.34","0.76","-0.01"
"30","H","NAC","no",NA,NA,NA,"2.18","-0.50","-0.52"
"31","A","Hee","no",NA,NA,NA,"1.40","0.04","-0.48"
"32","H","Fey","no",NA,NA,NA,"0.26","0.82","0.34"
"33","H","Zwo","no",NA,NA,NA,"2.16","-0.49","-0.15"
"34","A","Utr","no",NA,NA,NA,"1.24","0.15","-0.00"
