"","HA","vs","played","Pts","GD","GS","ePts","sched","cumulative"
"1","A","PSV","yes",0,-5,1,"0.58","0.52","0.52"
"2","H","Utr","yes",3,1,2,"1.51","-0.25","0.26"
"3","A","GoA","yes",3,3,3,"1.70","-0.41","-0.14"
"4","H","Fey","yes",0,-4,0,"0.12","0.90","0.75"
"5","A","Exc","yes",3,1,1,"1.58","-0.31","0.44"
"6","H","Twe","yes",0,-4,1,"1.28","-0.06","0.38"
"7","A","Her","yes",0,-3,0,"1.94","-0.61","-0.23"
"8","H","Ajx","yes",1,0,3,"1.29","-0.07","-0.30"
"9","A","Gro","no",NA,NA,NA,"0.40","0.66","0.37"
"10","H","Tel","no",NA,NA,NA,"0.87","0.28","0.64"
"11","H","AZA","no",NA,NA,NA,"0.72","0.40","1.04"
"12","A","Zwo","no",NA,NA,NA,"1.85","-0.54","0.51"
"13","H","Sit","no",NA,NA,NA,"1.43","-0.18","0.32"
"14","A","NEC","no",NA,NA,NA,"0.44","0.64","0.96"
"15","H","NAC","no",NA,NA,NA,"1.56","-0.29","0.67"
"16","H","Hee","no",NA,NA,NA,"1.62","-0.34","0.32"
"17","A","Vol","no",NA,NA,NA,"1.76","-0.46","-0.13"
"18","H","Her","no",NA,NA,NA,"2.32","-0.92","-1.06"
"19","A","Fey","no",NA,NA,NA,"0.10","0.91","-0.14"
"20","A","Utr","no",NA,NA,NA,"1.41","-0.17","-0.31"
"21","H","Gro","no",NA,NA,NA,"0.62","0.49","0.18"
"22","A","Sit","no",NA,NA,NA,"0.81","0.33","0.51"
"23","H","NEC","no",NA,NA,NA,"1.26","-0.05","0.46"
"24","A","AZA","no",NA,NA,NA,"0.57","0.53","0.98"
"25","A","Hee","no",NA,NA,NA,"1.55","-0.29","0.70"
"26","H","Zwo","no",NA,NA,NA,"1.49","-0.24","0.46"
"27","A","Ajx","no",NA,NA,NA,"0.30","0.75","1.21"
"28","H","Vol","no",NA,NA,NA,"2.07","-0.72","0.49"
"29","A","NAC","no",NA,NA,NA,"1.38","-0.14","0.35"
"30","H","PSV","no",NA,NA,NA,"0.11","0.91","1.25"
"31","A","Tel","no",NA,NA,NA,"1.87","-0.55","0.70"
"32","H","GoA","no",NA,NA,NA,"1.51","-0.25","0.45"
"33","A","Twe","no",NA,NA,NA,"1.24","-0.02","0.42"
"34","H","Exc","no",NA,NA,NA,"1.72","-0.42","0.00"
