"","HA","vs","played","Pts","GD","GS","ePts","sched","cumulative"
"1","A","Zwo","yes",0,-1,0,"1.80","-0.37","-0.37"
"2","H","PSV","yes",0,-2,0,"0.16","0.88","0.51"
"3","A","Hee","yes",3,1,2,"1.49","-0.14","0.38"
"4","A","Exc","yes",0,-1,0,"1.52","-0.16","0.22"
"5","H","NAC","yes",1,0,2,"1.85","-0.41","-0.20"
"6","A","Spa","yes",3,4,5,"1.46","-0.11","-0.31"
"7","H","Sit","yes",3,1,3,"1.72","-0.31","-0.62"
"8","H","Her","no",NA,NA,NA,"2.49","-0.90","-1.52"
"9","A","NEC","no",NA,NA,NA,"0.41","0.69","-0.84"
"10","H","Ajx","no",NA,NA,NA,"1.59","-0.21","-1.05"
"11","A","Gro","no",NA,NA,NA,"0.38","0.71","-0.34"
"12","H","Tel","no",NA,NA,NA,"1.14","0.13","-0.21"
"13","A","Vol","no",NA,NA,NA,"1.70","-0.30","-0.50"
"14","H","AZA","no",NA,NA,NA,"0.97","0.26","-0.24"
"15","A","Utr","no",NA,NA,NA,"1.35","-0.03","-0.27"
"16","H","GoA","no",NA,NA,NA,"1.81","-0.38","-0.65"
"17","A","Fey","no",NA,NA,NA,"0.10","0.93","0.28"
"18","H","Zwo","no",NA,NA,NA,"1.79","-0.37","-0.09"
"19","A","Her","no",NA,NA,NA,"1.89","-0.44","-0.52"
"20","H","Exc","no",NA,NA,NA,"1.99","-0.52","-1.04"
"21","A","NAC","no",NA,NA,NA,"1.32","-0.01","-1.05"
"22","H","Hee","no",NA,NA,NA,"1.90","-0.45","-1.50"
"23","A","Tel","no",NA,NA,NA,"1.81","-0.38","-1.88"
"24","H","Gro","no",NA,NA,NA,"0.84","0.36","-1.52"
"25","H","Fey","no",NA,NA,NA,"0.17","0.87","-0.65"
"26","A","GoA","no",NA,NA,NA,"1.64","-0.25","-0.90"
"27","H","Utr","no",NA,NA,NA,"1.81","-0.38","-1.28"
"28","A","Sit","no",NA,NA,NA,"0.76","0.42","-0.86"
"29","A","Ajx","no",NA,NA,NA,"0.28","0.79","-0.07"
"30","H","Vol","no",NA,NA,NA,"2.29","-0.75","-0.82"
"31","H","NEC","no",NA,NA,NA,"1.57","-0.19","-1.02"
"32","A","AZA","no",NA,NA,NA,"0.54","0.59","-0.42"
"33","H","Spa","no",NA,NA,NA,"1.52","-0.16","-0.58"
"34","A","PSV","no",NA,NA,NA,"0.55","0.58","-0.00"
