"","HA","vs","played","Pts","GD","GS","ePts","sched","cumulative"
"1","H","Her","yes",3,4,4,"2.36","-1.13","-1.13"
"2","A","Spa","yes",0,-1,1,"1.12","-0.00","-1.13"
"3","H","Exc","yes",3,3,4,"1.47","-0.32","-1.45"
"4","A","Zwo","yes",3,2,2,"1.54","-0.39","-1.83"
"5","H","Gro","yes",0,-1,0,"0.92","0.17","-1.66"
"6","A","Sit","yes",0,-1,0,"0.69","0.37","-1.29"
"7","H","Hee","yes",1,0,2,"1.89","-0.70","-1.99"
"8","A","Fey","no",NA,NA,NA,"0.07","0.93","-1.06"
"9","H","Vol","no",NA,NA,NA,"2.12","-0.90","-1.96"
"10","A","AZA","no",NA,NA,NA,"0.43","0.61","-1.35"
"11","H","NEC","no",NA,NA,NA,"1.50","-0.35","-1.70"
"12","H","Ajx","no",NA,NA,NA,"1.20","-0.08","-1.78"
"13","A","Tel","no",NA,NA,NA,"1.56","-0.41","-2.19"
"14","A","GoA","no",NA,NA,NA,"1.34","-0.21","-2.40"
"15","H","Twe","no",NA,NA,NA,"1.39","-0.25","-2.65"
"16","A","NAC","no",NA,NA,NA,"0.83","0.25","-2.40"
"17","H","PSV","no",NA,NA,NA,"0.13","0.88","-1.51"
"18","A","NEC","no",NA,NA,NA,"0.28","0.75","-0.77"
"19","A","Vol","no",NA,NA,NA,"1.31","-0.18","-0.94"
"20","H","Spa","no",NA,NA,NA,"1.27","-0.15","-1.09"
"21","A","Hee","no",NA,NA,NA,"1.55","-0.40","-1.48"
"22","H","Fey","no",NA,NA,NA,"0.15","0.87","-0.62"
"23","A","Gro","no",NA,NA,NA,"0.33","0.70","0.09"
"24","H","Zwo","no",NA,NA,NA,"1.57","-0.41","-0.33"
"25","H","AZA","no",NA,NA,NA,"0.74","0.33","0.00"
"26","A","Her","no",NA,NA,NA,"1.64","-0.47","-0.47"
"27","A","Twe","no",NA,NA,NA,"0.91","0.19","-0.28"
"28","H","GoA","no",NA,NA,NA,"1.69","-0.52","-0.80"
"29","A","PSV","no",NA,NA,NA,"0.43","0.61","-0.19"
"30","H","Tel","no",NA,NA,NA,"1.00","0.10","-0.08"
"31","A","Exc","no",NA,NA,NA,"1.13","-0.01","-0.10"
"32","H","NAC","no",NA,NA,NA,"1.53","-0.38","-0.48"
"33","A","Ajx","no",NA,NA,NA,"0.19","0.83","0.35"
"34","H","Sit","no",NA,NA,NA,"1.50","-0.35","0.00"
