"","HA","vs","played","Pts","GD","GS","ePts","sched","cumulative"
"1","A","Pse","yes",3,1,1,"1.37","0.02","0.02"
"2","H","SCl","yes",3,1,2,"2.15","-0.54","-0.52"
"3","A","Cas","yes",0,-2,0,"1.11","0.20","-0.32"
"4","H","Ben","yes",0,-3,0,"0.46","0.67","0.35"
"5","H","Pac","yes",3,1,1,"2.49","-0.78","-0.43"
"6","A","Aro","yes",3,1,2,"1.20","0.14","-0.29"
"7","H","Spo","yes",3,1,2,"1.45","-0.04","-0.33"
"8","A","Fam","yes",0,-4,0,"1.04","0.25","-0.08"
"9","H","Mar","yes",1,0,1,"2.17","-0.55","-0.63"
"10","A","Gui","yes",0,-1,2,"0.79","0.43","-0.20"
"11","H","Viz","yes",1,0,2,"1.47","-0.05","-0.25"
"12","A","Rio","yes",0,-1,0,"0.95","0.32","0.07"
"13","H","Pto","yes",0,-3,1,"1.10","0.21","0.28"
"14","H","Gil","yes",3,1,1,"2.17","-0.55","-0.28"
"15","A","Bra","no",NA,NA,NA,"0.65","0.53","0.26"
"16","H","Cha","no",NA,NA,NA,"1.14","0.19","0.44"
"17","H","Pse","no",NA,NA,NA,"1.67","-0.20","0.25"
"18","A","SCl","no",NA,NA,NA,"1.57","-0.12","0.12"
"19","A","Est","no",NA,NA,NA,"1.55","-0.11","0.01"
"20","H","Cas","no",NA,NA,NA,"0.79","0.43","0.44"
"21","A","Ben","no",NA,NA,NA,"0.19","0.86","1.31"
"22","A","Pac","no",NA,NA,NA,"2.36","-0.69","0.61"
"23","H","Aro","no",NA,NA,NA,"1.60","-0.15","0.47"
"24","A","Spo","no",NA,NA,NA,"0.52","0.63","1.09"
"25","H","Fam","no",NA,NA,NA,"2.18","-0.56","0.53"
"26","A","Mar","no",NA,NA,NA,"1.93","-0.38","0.15"
"27","H","Gui","no",NA,NA,NA,"1.82","-0.31","-0.16"
"28","A","Viz","no",NA,NA,NA,"1.58","-0.13","-0.29"
"29","H","Rio","no",NA,NA,NA,"1.78","-0.28","-0.57"
"30","A","Pto","no",NA,NA,NA,"0.33","0.77","0.20"
"31","H","Est","no",NA,NA,NA,"1.79","-0.28","-0.08"
"32","A","Gil","no",NA,NA,NA,"1.84","-0.32","-0.40"
"33","H","Bra","no",NA,NA,NA,"0.45","0.68","0.28"
"34","A","Cha","no",NA,NA,NA,"1.78","-0.28","-0.00"
