"","HA","vs","played","Pts","GD","GS","ePts","sched","cumulative"
"1","H","Spo","yes",1,0,3,"1.90","0.15","0.15"
"2","A","Fam","yes",3,3,3,"2.46","-0.11","0.04"
"3","H","Mar","yes",3,5,5,"2.55","-0.14","-0.11"
"4","A","Aro","yes",3,6,6,"2.52","-0.13","-0.24"
"5","H","Gui","yes",3,1,1,"2.37","-0.07","-0.30"
"6","A","Rio","yes",3,1,3,"2.26","-0.02","-0.32"
"7","H","Viz","yes",3,2,2,"1.99","0.11","-0.21"
"8","A","Pto","yes",0,-3,1,"1.30","0.42","0.20"
"9","H","Cha","yes",0,-1,0,"1.56","0.30","0.50"
"10","A","Est","yes",3,2,2,"2.59","-0.16","0.33"
"11","A","Gil","yes",3,1,1,"2.71","-0.22","0.11"
"12","H","Cas","yes",0,-1,0,"1.37","0.38","0.50"
"13","A","Pse","yes",3,1,2,"2.46","-0.11","0.39"
"14","H","Ben","yes",3,3,3,"0.92","0.59","0.98"
"15","A","SCl","no",NA,NA,NA,"2.59","-0.16","0.81"
"16","H","Boa","no",NA,NA,NA,"2.25","-0.01","0.80"
"17","A","Pac","no",NA,NA,NA,"2.87","-0.29","0.51"
"18","A","Spo","no",NA,NA,NA,"1.70","0.24","0.74"
"19","H","Fam","no",NA,NA,NA,"2.60","-0.17","0.57"
"20","A","Mar","no",NA,NA,NA,"2.81","-0.27","0.31"
"21","H","Aro","no",NA,NA,NA,"2.26","-0.02","0.29"
"22","A","Gui","no",NA,NA,NA,"1.97","0.11","0.40"
"23","H","Rio","no",NA,NA,NA,"2.36","-0.06","0.34"
"24","A","Viz","no",NA,NA,NA,"2.66","-0.20","0.14"
"25","H","Pto","no",NA,NA,NA,"1.68","0.24","0.38"
"26","A","Cha","no",NA,NA,NA,"2.69","-0.21","0.18"
"27","H","Est","no",NA,NA,NA,"2.26","-0.02","0.16"
"28","H","Gil","no",NA,NA,NA,"2.57","-0.16","0.00"
"29","A","Cas","no",NA,NA,NA,"2.36","-0.06","-0.06"
"30","H","Pse","no",NA,NA,NA,"2.27","-0.02","-0.08"
"31","A","Ben","no",NA,NA,NA,"0.95","0.57","0.50"
"32","H","SCl","no",NA,NA,NA,"2.58","-0.16","0.33"
"33","A","Boa","no",NA,NA,NA,"2.42","-0.09","0.24"
"34","H","Pac","no",NA,NA,NA,"2.76","-0.24","-0.00"
