"","HA","vs","played","Pts","GD","GS","ePts","sched","cumulative"
"1","A","SCl","yes",1,0,0,"2.37","-0.32","-0.32"
"2","H","Ben","yes",0,-1,0,"0.35","0.81","0.49"
"3","H","Boa","yes",3,2,2,"1.75","0.02","0.52"
"4","A","Gui","yes",3,1,1,"1.33","0.26","0.78"
"5","H","Aro","yes",1,0,0,"1.85","-0.03","0.75"
"6","A","Pac","yes",3,1,3,"2.73","-0.52","0.23"
"7","H","Fam","yes",3,1,1,"2.50","-0.39","-0.16"
"8","A","Mar","yes",3,1,2,"2.65","-0.48","-0.64"
"9","H","Viz","yes",0,-1,0,"1.56","0.13","-0.50"
"10","A","Spo","yes",0,-2,1,"1.16","0.35","-0.15"
"11","H","Rio","yes",3,1,1,"1.95","-0.09","-0.23"
"12","A","Bra","yes",3,1,1,"1.62","0.10","-0.14"
"13","H","Cha","no",NA,NA,NA,"1.28","0.29","0.15"
"14","A","Pse","no",NA,NA,NA,"1.86","-0.03","0.12"
"15","H","Pto","no",NA,NA,NA,"1.20","0.33","0.45"
"16","A","Est","no",NA,NA,NA,"2.21","-0.23","0.22"
"17","H","Gil","no",NA,NA,NA,"2.32","-0.29","-0.07"
"18","H","SCl","no",NA,NA,NA,"2.18","-0.21","-0.28"
"19","A","Ben","no",NA,NA,NA,"0.45","0.75","0.47"
"20","A","Boa","no",NA,NA,NA,"1.92","-0.07","0.40"
"21","H","Gui","no",NA,NA,NA,"1.78","0.01","0.41"
"22","A","Aro","no",NA,NA,NA,"2.09","-0.16","0.25"
"23","H","Pac","no",NA,NA,NA,"2.60","-0.44","-0.20"
"24","A","Fam","no",NA,NA,NA,"1.77","0.01","-0.18"
"25","H","Mar","no",NA,NA,NA,"2.31","-0.29","-0.47"
"26","A","Viz","no",NA,NA,NA,"2.44","-0.36","-0.83"
"27","H","Spo","no",NA,NA,NA,"1.67","0.07","-0.76"
"28","A","Rio","no",NA,NA,NA,"1.50","0.16","-0.59"
"29","H","Bra","no",NA,NA,NA,"0.69","0.62","0.03"
"30","A","Cha","no",NA,NA,NA,"2.20","-0.23","-0.20"
"31","H","Pse","no",NA,NA,NA,"1.86","-0.04","-0.24"
"32","A","Pto","no",NA,NA,NA,"0.79","0.56","0.33"
"33","H","Est","no",NA,NA,NA,"1.65","0.08","0.41"
"34","A","Gil","no",NA,NA,NA,"2.54","-0.41","0.00"
