"","HA","vs","played","Pts","GD","GS","ePts","sched","cumulative"
"1","H","Fam","yes",3,2,2,"2.17","-0.66","-0.66"
"2","A","Gui","yes",0,-1,0,"0.75","0.43","-0.24"
"3","H","Rio","yes",1,0,2,"1.40","-0.08","-0.32"
"4","A","Pac","yes",3,3,3,"2.54","-0.95","-1.27"
"5","H","Spo","yes",0,-2,0,"0.92","0.29","-0.97"
"6","A","Viz","yes",3,1,1,"2.04","-0.56","-1.54"
"7","H","Pto","yes",1,0,1,"0.70","0.46","-1.08"
"8","A","Cha","yes",1,0,1,"1.67","-0.28","-1.36"
"9","A","Gil","yes",3,1,1,"2.19","-0.68","-2.04"
"10","H","Bra","yes",0,-2,0,"0.32","0.75","-1.29"
"11","A","Pse","yes",1,0,1,"1.33","-0.02","-1.31"
"12","H","Ben","yes",0,-4,1,"0.17","0.87","-0.44"
"13","A","SCl","no",NA,NA,NA,"1.92","-0.47","-0.91"
"14","H","Boa","no",NA,NA,NA,"1.23","0.06","-0.86"
"15","A","Aro","no",NA,NA,NA,"1.54","-0.18","-1.04"
"16","H","Cas","no",NA,NA,NA,"0.63","0.52","-0.52"
"17","A","Mar","no",NA,NA,NA,"2.39","-0.84","-1.35"
"18","A","Fam","no",NA,NA,NA,"1.43","-0.09","-1.45"
"19","H","Gui","no",NA,NA,NA,"1.21","0.07","-1.38"
"20","A","Rio","no",NA,NA,NA,"0.93","0.29","-1.09"
"21","H","Pac","no",NA,NA,NA,"2.32","-0.79","-1.88"
"22","A","Spo","no",NA,NA,NA,"0.63","0.52","-1.36"
"23","H","Viz","no",NA,NA,NA,"0.96","0.27","-1.09"
"24","A","Pto","no",NA,NA,NA,"0.38","0.71","-0.39"
"25","H","Cha","no",NA,NA,NA,"0.62","0.52","0.14"
"26","H","Gil","no",NA,NA,NA,"1.88","-0.44","-0.30"
"27","A","Bra","no",NA,NA,NA,"0.98","0.24","-0.06"
"28","H","Pse","no",NA,NA,NA,"1.32","-0.01","-0.07"
"29","A","Ben","no",NA,NA,NA,"0.21","0.84","0.77"
"30","H","SCl","no",NA,NA,NA,"1.70","-0.30","0.47"
"31","A","Boa","no",NA,NA,NA,"1.33","-0.03","0.44"
"32","H","Aro","no",NA,NA,NA,"1.31","-0.01","0.44"
"33","A","Cas","no",NA,NA,NA,"1.27","0.03","0.46"
"34","H","Mar","no",NA,NA,NA,"1.91","-0.46","0.00"
