"","HA","vs","played","Pts","GD","GS","ePts","sched","cumulative"
"1","H","Pac","yes",3,1,1,"1.81","-1.49","-1.49"
"2","A","Aro","yes",0,-1,0,"0.76","-0.05","-1.53"
"3","H","Fam","yes",1,0,0,"1.58","-1.17","-2.71"
"4","A","Viz","yes",1,0,2,"1.21","-0.66","-3.37"
"5","H","Pto","yes",0,-2,0,"0.36","0.51","-2.86"
"6","A","Mar","yes",3,1,2,"1.70","-1.35","-4.21"
"7","H","Rio","yes",1,0,2,"0.82","-0.13","-4.34"
"8","A","Spo","yes",0,-2,1,"0.26","0.65","-3.69"
"9","H","Est","yes",0,-1,0,"0.59","0.19","-3.50"
"10","A","Cha","yes",0,-2,1,"0.87","-0.19","-3.69"
"11","H","Bra","yes",0,-1,0,"0.18","0.75","-2.94"
"12","H","Pse","yes",0,-1,1,"0.75","-0.04","-2.98"
"13","A","Ben","no",NA,NA,NA,"0.08","0.88","-2.09"
"14","H","SCl","no",NA,NA,NA,"1.06","-0.46","-2.56"
"15","A","Boa","no",NA,NA,NA,"0.62","0.15","-2.40"
"16","H","Gui","no",NA,NA,NA,"0.68","0.06","-2.34"
"17","A","Cas","no",NA,NA,NA,"0.48","0.34","-2.01"
"18","A","Pac","no",NA,NA,NA,"1.96","-1.70","-3.70"
"19","H","Aro","no",NA,NA,NA,"0.74","-0.02","-3.72"
"20","A","Fam","no",NA,NA,NA,"0.52","0.28","-3.44"
"21","H","Viz","no",NA,NA,NA,"0.50","0.31","-3.13"
"22","A","Pto","no",NA,NA,NA,"0.16","0.78","-2.35"
"23","H","Mar","no",NA,NA,NA,"1.31","-0.80","-3.14"
"24","A","Rio","no",NA,NA,NA,"0.38","0.48","-2.67"
"25","H","Spo","no",NA,NA,NA,"0.61","0.17","-2.50"
"26","A","Est","no",NA,NA,NA,"0.88","-0.21","-2.71"
"27","H","Cha","no",NA,NA,NA,"0.39","0.46","-2.25"
"28","A","Bra","no",NA,NA,NA,"0.44","0.40","-1.85"
"29","A","Pse","no",NA,NA,NA,"0.57","0.21","-1.64"
"30","H","Ben","no",NA,NA,NA,"0.09","0.88","-0.76"
"31","A","SCl","no",NA,NA,NA,"1.10","-0.51","-1.27"
"32","H","Boa","no",NA,NA,NA,"0.66","0.09","-1.17"
"33","A","Gui","no",NA,NA,NA,"0.29","0.60","-0.57"
"34","H","Cas","no",NA,NA,NA,"0.31","0.57","-0.00"
