"","HA","vs","played","Pts","GD","GS","ePts","sched","cumulative"
"1","A","Cha","yes",3,1,1,"1.59","0.04","0.04"
"2","H","Est","yes",3,1,1,"2.04","-0.23","-0.18"
"3","A","Pse","yes",0,-1,1,"1.17","0.30","0.11"
"4","H","Cas","yes",0,-1,0,"1.50","0.10","0.22"
"5","A","Bra","yes",0,-1,0,"0.92","0.45","0.66"
"6","H","SCl","yes",3,1,1,"2.44","-0.47","0.20"
"7","A","Aro","yes",1,0,2,"1.21","0.27","0.47"
"8","H","Ben","yes",1,0,0,"0.55","0.67","1.14"
"9","A","Pac","yes",3,1,1,"2.43","-0.45","0.69"
"10","H","Boa","yes",3,1,3,"2.08","-0.25","0.44"
"11","H","Fam","yes",3,1,3,"2.67","-0.60","-0.16"
"12","A","Spo","yes",0,-3,0,"0.60","0.64","0.48"
"13","H","Mar","no",NA,NA,NA,"2.53","-0.52","-0.04"
"14","A","Viz","no",NA,NA,NA,"1.92","-0.15","-0.19"
"15","H","Rio","no",NA,NA,NA,"2.46","-0.47","-0.67"
"16","A","Gil","no",NA,NA,NA,"2.11","-0.26","-0.93"
"17","H","Pto","no",NA,NA,NA,"1.80","-0.08","-1.01"
"18","H","Cha","no",NA,NA,NA,"1.70","-0.02","-1.03"
"19","A","Est","no",NA,NA,NA,"1.63","0.02","-1.01"
"20","H","Pse","no",NA,NA,NA,"2.22","-0.33","-1.34"
"21","A","Cas","no",NA,NA,NA,"1.04","0.38","-0.96"
"22","H","Bra","no",NA,NA,NA,"1.02","0.39","-0.57"
"23","A","SCl","no",NA,NA,NA,"1.80","-0.08","-0.65"
"24","H","Aro","no",NA,NA,NA,"2.17","-0.30","-0.95"
"25","A","Ben","no",NA,NA,NA,"0.20","0.88","-0.06"
"26","H","Pac","no",NA,NA,NA,"2.73","-0.64","-0.70"
"27","A","Boa","no",NA,NA,NA,"1.07","0.36","-0.35"
"28","A","Fam","no",NA,NA,NA,"1.06","0.36","0.02"
"29","H","Spo","no",NA,NA,NA,"2.01","-0.21","-0.19"
"30","A","Mar","no",NA,NA,NA,"2.29","-0.37","-0.56"
"31","H","Viz","no",NA,NA,NA,"1.94","-0.17","-0.73"
"32","A","Rio","no",NA,NA,NA,"0.88","0.47","-0.25"
"33","H","Gil","no",NA,NA,NA,"2.54","-0.52","-0.78"
"34","A","Pto","no",NA,NA,NA,"0.37","0.78","-0.00"
