"","HA","vs","played","Pts","GD","GS","ePts","sched","cumulative"
"1","H","Boa","yes",0,-1,0,"1.54","-0.12","-0.12"
"2","A","Pac","yes",3,3,3,"2.35","-0.71","-0.83"
"3","H","Gui","yes",3,1,2,"1.59","-0.16","-0.99"
"4","A","Mar","yes",3,1,1,"2.20","-0.60","-1.59"
"5","H","Fam","yes",3,1,1,"2.40","-0.75","-2.34"
"6","A","Spo","yes",0,-4,0,"0.52","0.62","-1.71"
"7","H","Cha","yes",3,1,1,"1.12","0.18","-1.53"
"8","A","Viz","yes",0,-1,0,"1.81","-0.32","-1.85"
"9","H","Pto","yes",0,-2,0,"1.22","0.11","-1.73"
"10","A","Rio","yes",0,-1,0,"0.77","0.44","-1.30"
"11","H","Est","yes",1,0,1,"1.49","-0.08","-1.38"
"12","A","Gil","yes",3,1,2,"2.00","-0.46","-1.84"
"13","H","Bra","no",NA,NA,NA,"0.57","0.59","-1.25"
"14","H","Cas","no",NA,NA,NA,"0.93","0.32","-0.93"
"15","A","Ben","no",NA,NA,NA,"0.17","0.88","-0.06"
"16","H","SCl","no",NA,NA,NA,"2.03","-0.48","-0.54"
"17","A","Aro","no",NA,NA,NA,"1.09","0.21","-0.33"
"18","A","Boa","no",NA,NA,NA,"0.96","0.30","-0.03"
"19","H","Pac","no",NA,NA,NA,"2.51","-0.83","-0.86"
"20","A","Gui","no",NA,NA,NA,"0.61","0.56","-0.30"
"21","H","Mar","no",NA,NA,NA,"2.17","-0.58","-0.88"
"22","A","Fam","no",NA,NA,NA,"0.95","0.31","-0.57"
"23","H","Spo","no",NA,NA,NA,"1.45","-0.06","-0.63"
"24","A","Cha","no",NA,NA,NA,"1.47","-0.07","-0.69"
"25","H","Viz","no",NA,NA,NA,"1.37","-0.00","-0.69"
"26","A","Pto","no",NA,NA,NA,"0.32","0.76","0.07"
"27","H","Rio","no",NA,NA,NA,"2.05","-0.50","-0.43"
"28","A","Est","no",NA,NA,NA,"1.51","-0.10","-0.52"
"29","H","Gil","no",NA,NA,NA,"2.18","-0.59","-1.11"
"30","A","Bra","no",NA,NA,NA,"0.82","0.41","-0.71"
"31","A","Cas","no",NA,NA,NA,"0.92","0.33","-0.38"
"32","H","Ben","no",NA,NA,NA,"0.28","0.80","0.42"
"33","A","SCl","no",NA,NA,NA,"1.67","-0.22","0.20"
"34","H","Aro","no",NA,NA,NA,"1.64","-0.20","-0.00"
