"","HA","vs","played","Pts","GD","GS","ePts","sched","cumulative"
"1","H","Mar","yes",3,4,5,"2.75","-0.36","-0.36"
"2","A","Viz","yes",3,1,1,"2.24","-0.11","-0.47"
"3","H","Spo","yes",3,3,3,"2.44","-0.21","-0.67"
"4","A","Rio","yes",0,-2,1,"1.23","0.39","-0.28"
"5","A","Gil","yes",3,2,2,"2.39","-0.18","-0.46"
"6","H","Cha","yes",3,3,3,"2.20","-0.09","-0.55"
"7","A","Est","yes",1,0,1,"2.00","0.01","-0.54"
"8","H","Bra","yes",3,3,4,"1.59","0.21","-0.33"
"9","A","Pse","yes",3,2,2,"1.56","0.23","-0.10"
"10","H","Ben","yes",0,-1,0,"0.99","0.51","0.41"
"11","A","SCl","yes",1,0,1,"2.14","-0.06","0.35"
"12","H","Pac","yes",3,4,4,"2.86","-0.41","-0.06"
"13","A","Boa","no",NA,NA,NA,"1.46","0.28","0.22"
"14","H","Aro","no",NA,NA,NA,"2.54","-0.25","-0.03"
"15","A","Cas","no",NA,NA,NA,"1.42","0.30","0.27"
"16","H","Fam","no",NA,NA,NA,"2.82","-0.40","-0.13"
"17","A","Gui","no",NA,NA,NA,"1.01","0.50","0.37"
"18","A","Mar","no",NA,NA,NA,"2.52","-0.24","0.13"
"19","H","Viz","no",NA,NA,NA,"2.38","-0.18","-0.05"
"20","A","Spo","no",NA,NA,NA,"0.89","0.56","0.51"
"21","H","Rio","no",NA,NA,NA,"2.70","-0.34","0.17"
"22","H","Gil","no",NA,NA,NA,"2.75","-0.36","-0.18"
"23","A","Cha","no",NA,NA,NA,"1.89","0.07","-0.12"
"24","H","Est","no",NA,NA,NA,"2.45","-0.21","-0.33"
"25","A","Bra","no",NA,NA,NA,"1.29","0.36","0.03"
"26","H","Pse","no",NA,NA,NA,"2.57","-0.27","-0.23"
"27","A","Ben","no",NA,NA,NA,"0.31","0.85","0.61"
"28","H","SCl","no",NA,NA,NA,"2.69","-0.33","0.28"
"29","A","Pac","no",NA,NA,NA,"2.62","-0.29","-0.01"
"30","H","Boa","no",NA,NA,NA,"2.48","-0.23","-0.24"
"31","A","Aro","no",NA,NA,NA,"1.60","0.21","-0.03"
"32","H","Cas","no",NA,NA,NA,"2.06","-0.02","-0.05"
"33","A","Fam","no",NA,NA,NA,"1.44","0.29","0.24"
"34","H","Gui","no",NA,NA,NA,"2.50","-0.24","-0.00"
