"","HA","vs","played","Pts","GD","GS","ePts","sched","cumulative"
"1","A","Rio","yes",3,1,1,"1.33","-0.04","-0.04"
"2","H","Pto","yes",0,-1,0,"0.65","0.49","0.44"
"3","A","Cha","yes",1,0,1,"1.94","-0.52","-0.08"
"4","H","Gil","yes",1,0,2,"1.73","-0.36","-0.44"
"5","A","Ben","yes",0,-1,1,"0.34","0.73","0.29"
"6","H","Est","yes",0,-1,0,"1.56","-0.23","0.06"
"7","A","Bra","yes",0,-2,0,"0.70","0.45","0.52"
"8","H","Pse","yes",3,1,1,"1.48","-0.16","0.35"
"9","A","Cas","yes",3,1,1,"1.39","-0.09","0.26"
"10","H","SCl","yes",0,-1,0,"1.90","-0.50","-0.23"
"11","A","Boa","yes",1,0,2,"1.12","0.12","-0.11"
"12","H","Aro","yes",0,-1,0,"1.29","-0.02","-0.13"
"13","A","Pac","yes",3,2,2,"2.24","-0.76","-0.89"
"14","H","Gui","yes",3,3,3,"1.59","-0.25","-1.14"
"15","A","Fam","yes",0,-1,1,"1.12","0.12","-1.02"
"16","H","Mar","yes",3,3,3,"1.80","-0.41","-1.43"
"17","A","Spo","yes",0,-1,1,"0.55","0.57","-0.87"
"18","H","Rio","yes",3,2,3,"1.53","-0.21","-1.07"
"19","A","Pto","no",NA,NA,NA,"0.33","0.74","-0.33"
"20","H","Cha","no",NA,NA,NA,"0.97","0.24","-0.10"
"21","A","Gil","no",NA,NA,NA,"1.76","-0.39","-0.48"
"22","H","Ben","no",NA,NA,NA,"0.29","0.78","0.30"
"23","A","Est","no",NA,NA,NA,"1.37","-0.08","0.22"
"24","H","Bra","no",NA,NA,NA,"0.27","0.78","1.00"
"25","A","Pse","no",NA,NA,NA,"1.57","-0.23","0.77"
"26","H","Cas","no",NA,NA,NA,"0.71","0.44","1.21"
"27","A","SCl","no",NA,NA,NA,"1.68","-0.32","0.89"
"28","H","Boa","no",NA,NA,NA,"1.38","-0.08","0.81"
"29","A","Aro","no",NA,NA,NA,"1.23","0.04","0.85"
"30","H","Pac","no",NA,NA,NA,"1.83","-0.44","0.41"
"31","A","Gui","no",NA,NA,NA,"0.95","0.26","0.67"
"32","H","Fam","no",NA,NA,NA,"1.85","-0.45","0.22"
"33","A","Mar","no",NA,NA,NA,"1.86","-0.46","-0.25"
"34","H","Spo","no",NA,NA,NA,"0.96","0.25","-0.00"
