"","HA","vs","played","Pts","GD","ePts","sched","cumulative"
"1","H","Pal","yes",3,3,"1.88","0.09","0.09"
"2","A","Ars","yes",3,2,"1.97","0.04","0.13"
"3","A","Liv","yes",1,0,"1.91","0.07","0.20"
"4","H","Ast","yes",3,3,"2.29","-0.11","0.08"
"5","A","Tot","yes",3,3,"1.89","0.08","0.16"
"6","H","MnC","yes",0,-1,"1.13","0.45","0.62"
"7","H","Sot","yes",3,2,"2.06","-0.00","0.61"
"8","A","Bre","yes",3,1,"2.51","-0.22","0.39"
"9","H","Nor","yes",3,7,"2.20","-0.07","0.32"
"10","A","New","yes",3,3,"2.60","-0.27","0.06"
"11","H","Bur","yes",1,0,"2.21","-0.07","-0.02"
"12","A","Lei","no",NA,NA,"2.16","-0.05","-0.07"
"13","H","MnU","no",NA,NA,"1.36","0.34","0.27"
"14","A","Wat","no",NA,NA,"2.54","-0.23","0.03"
"15","A","WHU","no",NA,NA,"2.24","-0.09","-0.06"
"16","H","Lee","no",NA,NA,"2.22","-0.08","-0.14"
"17","H","Eve","no",NA,NA,"2.08","-0.01","-0.15"
"18","A","Wol","no",NA,NA,"2.39","-0.17","-0.32"
"19","A","Ast","no",NA,NA,"2.24","-0.09","-0.41"
"20","H","BHA","no",NA,NA,"1.71","0.17","-0.24"
"21","H","Liv","no",NA,NA,"1.22","0.41","0.16"
"22","A","MnC","no",NA,NA,"2.08","-0.01","0.15"
"23","H","Tot","no",NA,NA,"1.98","0.04","0.18"
"24","A","BHA","no",NA,NA,"2.25","-0.10","0.09"
"25","H","Ars","no",NA,NA,"1.85","0.10","0.19"
"26","A","Pal","no",NA,NA,"2.33","-0.13","0.05"
"27","H","Lei","no",NA,NA,"1.95","0.05","0.10"
"28","A","Bur","no",NA,NA,"2.47","-0.20","-0.10"
"29","H","New","no",NA,NA,"2.41","-0.17","-0.27"
"30","A","Nor","no",NA,NA,"2.68","-0.31","-0.58"
"31","H","Bre","no",NA,NA,"1.76","0.14","-0.43"
"32","A","Sot","no",NA,NA,"2.20","-0.07","-0.50"
"33","A","Lee","no",NA,NA,"2.33","-0.13","-0.64"
"34","H","WHU","no",NA,NA,"1.01","0.51","-0.13"
"35","A","Eve","no",NA,NA,"2.11","-0.03","-0.16"
"36","H","Wol","no",NA,NA,"1.47","0.29","0.13"
"37","A","MnU","no",NA,NA,"2.42","-0.18","-0.05"
"38","H","Wat","no",NA,NA,"1.95","0.05","-0.00"
