"","HA","vs","played","Pts","GD","ePts","sched","cumulative"
<<<<<<< HEAD
"1","A","Tot","yes",0,-1,"1.69","0.24","0.24"
"2","H","Nor","yes",3,5,"2.43","-0.09","0.16"
"3","H","Ars","yes",3,5,"2.15","0.04","0.19"
"4","A","Lei","yes",3,1,"2.18","0.02","0.21"
"5","H","Sot","yes",1,0,"2.33","-0.04","0.17"
"6","A","Che","yes",3,1,"2.08","0.07","0.24"
"7","A","Liv","yes",1,0,"1.65","0.26","0.50"
"8","H","Bur","yes",3,2,"2.49","-0.12","0.39"
"9","A","BHA","yes",3,3,"2.45","-0.10","0.29"
"10","H","Pal","yes",0,-2,"2.36","-0.06","0.23"
"11","A","MnU","yes",3,2,"2.27","-0.02","0.21"
"12","H","Eve","yes",3,3,"2.46","-0.10","0.11"
"13","H","WHU","yes",3,1,"1.99","0.11","0.22"
"14","A","Ast","yes",3,1,"2.30","-0.03","0.19"
"15","A","Wat","yes",3,2,"2.49","-0.11","0.08"
"16","H","Wol","yes",3,1,"2.05","0.08","0.16"
"17","H","Lee","yes",3,7,"2.50","-0.12","0.04"
"18","A","New","yes",3,4,"2.61","-0.17","-0.12"
"19","H","Lei","yes",3,3,"2.35","-0.05","-0.18"
"20","A","Bre","no",NA,NA,"2.42","-0.08","-0.26"
"21","A","Ars","no",NA,NA,"1.67","0.25","-0.01"
"22","H","Che","no",NA,NA,"1.20","0.46","0.46"
"23","A","Sot","no",NA,NA,"2.40","-0.08","0.38"
"24","H","Bre","no",NA,NA,"2.30","-0.03","0.35"
"25","A","Nor","no",NA,NA,"2.70","-0.21","0.14"
"26","H","Tot","no",NA,NA,"2.20","0.01","0.15"
"27","A","Eve","no",NA,NA,"2.29","-0.03","0.13"
"28","H","MnU","no",NA,NA,"1.85","0.17","0.30"
"29","A","Pal","no",NA,NA,"2.38","-0.06","0.24"
"30","H","BHA","no",NA,NA,"2.15","0.04","0.27"
"31","A","Bur","no",NA,NA,"2.56","-0.15","0.13"
"32","H","Liv","no",NA,NA,"1.51","0.33","0.45"
"33","A","Wol","no",NA,NA,"2.43","-0.09","0.37"
"34","H","Wat","no",NA,NA,"2.42","-0.09","0.28"
"35","A","Lee","no",NA,NA,"2.50","-0.12","0.16"
"36","H","New","no",NA,NA,"2.59","-0.16","0.00"
"37","A","WHU","no",NA,NA,"2.22","0.00","0.01"
"38","H","Ast","no",NA,NA,"2.24","-0.01","0.00"
=======
"1","A","Tot","yes",0,-1,"1.72","0.09","0.09"
"2","H","Nor","yes",3,5,"2.19","-0.17","-0.08"
"3","H","Ars","yes",3,5,"1.65","0.12","0.04"
"4","A","Lei","yes",3,1,"1.94","-0.03","0.01"
"5","H","Sot","yes",1,0,"1.91","-0.02","-0.01"
"6","A","Che","yes",3,1,"1.45","0.23","0.22"
"7","A","Liv","yes",1,0,"1.59","0.16","0.37"
"8","H","Bur","yes",3,2,"2.12","-0.13","0.24"
"9","A","BHA","yes",3,3,"2.02","-0.07","0.17"
"10","H","Pal","yes",0,-2,"1.70","0.10","0.26"
"11","A","MnU","yes",3,2,"2.06","-0.10","0.17"
"12","H","Eve","no",NA,NA,"1.94","-0.03","0.14"
"13","H","WHU","no",NA,NA,"1.13","0.40","0.54"
"14","A","Ast","no",NA,NA,"2.08","-0.11","0.43"
"15","A","Wat","no",NA,NA,"2.30","-0.23","0.20"
"16","H","Wol","no",NA,NA,"1.67","0.11","0.31"
"17","H","Lee","no",NA,NA,"2.09","-0.11","0.19"
"18","A","New","no",NA,NA,"2.42","-0.29","-0.10"
"19","H","Lei","no",NA,NA,"1.81","0.03","-0.06"
"20","A","Bre","no",NA,NA,"2.22","-0.18","-0.25"
"21","A","Ars","no",NA,NA,"1.60","0.15","-0.10"
"22","H","Che","no",NA,NA,"0.95","0.49","0.40"
"23","A","Sot","no",NA,NA,"1.98","-0.06","0.34"
"24","H","Bre","no",NA,NA,"1.73","0.08","0.42"
"25","A","Nor","no",NA,NA,"2.49","-0.32","0.10"
"26","H","Tot","no",NA,NA,"1.76","0.06","0.16"
"27","A","Eve","no",NA,NA,"1.96","-0.04","0.11"
"28","H","MnU","no",NA,NA,"1.42","0.24","0.36"
"29","A","Pal","no",NA,NA,"1.88","0.00","0.36"
"30","H","BHA","no",NA,NA,"1.63","0.13","0.49"
"31","A","Bur","no",NA,NA,"2.25","-0.20","0.29"
"32","H","Liv","no",NA,NA,"1.34","0.29","0.58"
"33","A","Wol","no",NA,NA,"2.07","-0.10","0.47"
"34","H","Wat","no",NA,NA,"2.03","-0.08","0.39"
"35","A","Lee","no",NA,NA,"2.19","-0.16","0.23"
"36","H","New","no",NA,NA,"2.29","-0.22","0.01"
"37","A","WHU","no",NA,NA,"1.65","0.12","0.13"
"38","H","Ast","no",NA,NA,"2.12","-0.13","-0.00"
>>>>>>> sandbox
