"","HA","vs","played","Pts","GD","ePts","sched","cumulative"
<<<<<<< HEAD
"1","A","Che","yes",0,-3,"0.71","0.41","0.41"
"2","H","Bre","yes",1,0,"1.54","-0.30","0.11"
"3","A","WHU","yes",1,0,"0.85","0.28","0.39"
"4","H","Tot","yes",3,3,"1.41","-0.19","0.20"
"5","A","Liv","yes",0,-3,"0.43","0.64","0.84"
"6","H","BHA","yes",1,0,"1.33","-0.13","0.72"
"7","H","Lei","yes",1,0,"1.62","-0.37","0.35"
"8","A","Ars","yes",1,0,"0.43","0.63","0.98"
"9","H","New","yes",1,0,"2.05","-0.73","0.25"
"10","A","MnC","yes",3,2,"0.45","0.62","0.87"
"11","H","Wol","yes",3,2,"1.21","-0.02","0.85"
"12","A","Bur","yes",1,0,"1.39","-0.18","0.67"
"13","H","Ast","yes",0,-1,"1.47","-0.24","0.44"
"14","A","Lee","yes",0,-1,"1.27","-0.07","0.37"
"15","A","MnU","yes",0,-1,"0.90","0.24","0.61"
"16","H","Eve","yes",3,2,"1.80","-0.52","0.08"
"17","H","Sot","yes",1,0,"1.59","-0.34","-0.26"
"18","A","Tot","yes",0,-3,"0.44","0.63","0.37"
"19","H","Nor","no",NA,NA,"1.75","-0.48","-0.11"
"20","H","WHU","no",NA,NA,"1.14","0.03","-0.08"
"21","A","BHA","no",NA,NA,"1.18","0.00","-0.07"
"22","H","Liv","no",NA,NA,"0.71","0.40","0.33"
"23","A","Nor","no",NA,NA,"1.78","-0.50","-0.18"
"24","A","Bre","no",NA,NA,"1.12","0.05","-0.12"
"25","H","Che","no",NA,NA,"0.52","0.56","0.44"
"26","H","Bur","no",NA,NA,"1.87","-0.57","-0.13"
"27","A","Wol","no",NA,NA,"1.13","0.04","-0.09"
"28","H","MnC","no",NA,NA,"0.46","0.61","0.53"
"29","A","New","no",NA,NA,"1.50","-0.27","0.26"
"30","H","Ars","no",NA,NA,"1.34","-0.13","0.12"
"31","A","Lei","no",NA,NA,"0.80","0.32","0.45"
"32","A","Eve","no",NA,NA,"0.93","0.22","0.66"
"33","H","Lee","no",NA,NA,"1.87","-0.58","0.08"
"34","A","Sot","no",NA,NA,"1.09","0.08","0.16"
"35","H","Wat","no",NA,NA,"1.74","-0.47","-0.31"
"36","A","Ast","no",NA,NA,"0.94","0.20","-0.11"
"37","H","MnU","no",NA,NA,"1.00","0.15","0.05"
"38","A","Wat","no",NA,NA,"1.24","-0.05","0.00"
=======
"1","A","Che","yes",0,-3,"0.88","0.40","0.40"
"2","H","Bre","yes",1,0,"1.47","-0.00","0.40"
"3","A","WHU","yes",1,0,"1.06","0.28","0.67"
"4","H","Tot","yes",3,3,"1.50","-0.03","0.64"
"5","A","Liv","yes",0,-3,"1.00","0.32","0.96"
"6","H","BHA","yes",1,0,"1.37","0.07","1.03"
"7","H","Lei","yes",1,0,"1.55","-0.06","0.96"
"8","A","Ars","yes",1,0,"1.01","0.31","1.27"
"9","H","New","yes",1,0,"2.09","-0.43","0.84"
"10","A","MnC","yes",3,2,"1.05","0.28","1.13"
"11","H","Wol","yes",3,2,"1.41","0.04","1.16"
"12","A","Bur","no",NA,NA,"1.75","-0.20","0.97"
"13","H","Ast","no",NA,NA,"1.89","-0.30","0.67"
"14","A","Lee","no",NA,NA,"1.65","-0.13","0.54"
"15","A","MnU","no",NA,NA,"1.49","-0.02","0.52"
"16","H","Eve","no",NA,NA,"1.69","-0.16","0.36"
"17","H","Sot","no",NA,NA,"1.66","-0.14","0.22"
"18","A","Wat","no",NA,NA,"1.82","-0.24","-0.02"
"19","A","Tot","no",NA,NA,"1.12","0.23","0.21"
"20","H","Nor","no",NA,NA,"1.97","-0.35","-0.14"
"21","H","WHU","no",NA,NA,"0.89","0.39","0.25"
"22","A","BHA","no",NA,NA,"1.44","0.01","0.26"
"23","H","Liv","no",NA,NA,"1.08","0.26","0.53"
"24","A","Nor","no",NA,NA,"2.09","-0.43","0.10"
"25","A","Bre","no",NA,NA,"1.70","-0.17","-0.07"
"26","H","Che","no",NA,NA,"0.73","0.50","0.43"
"27","H","Bur","no",NA,NA,"1.90","-0.30","0.13"
"28","A","Wol","no",NA,NA,"1.51","-0.04","0.09"
"29","H","MnC","no",NA,NA,"0.89","0.39","0.48"
"30","A","New","no",NA,NA,"1.99","-0.36","0.12"
"31","H","Ars","no",NA,NA,"1.39","0.05","0.17"
"32","A","Lei","no",NA,NA,"1.35","0.07","0.24"
"33","A","Eve","no",NA,NA,"1.38","0.06","0.30"
"34","H","Lee","no",NA,NA,"1.86","-0.27","0.03"
"35","A","Sot","no",NA,NA,"1.41","0.04","0.06"
"36","H","Wat","no",NA,NA,"1.79","-0.23","-0.16"
"37","A","Ast","no",NA,NA,"1.53","-0.04","-0.21"
"38","H","MnU","no",NA,NA,"1.16","0.21","-0.00"
>>>>>>> sandbox
