"","HA","vs","played","Pts","GD","ePts","sched","cumulative"
"1","A","Cel","yes",3,1,"2.06","-0.17","-0.17"
"2","H","Elc","yes",3,1,"2.23","-0.27","-0.44"
"3","H","Vil","yes",1,0,"2.19","-0.25","-0.69"
"4","A","Esp","yes",3,1,"1.09","0.38","-0.31"
"5","H","Bil","yes",1,0,"1.92","-0.09","-0.41"
"6","A","Get","yes",3,1,"1.79","-0.02","-0.43"
"7","A","Ala","yes",0,-1,"1.67","0.05","-0.38"
"8","H","Bar","yes",3,2,"2.28","-0.30","-0.68"
"9","H","RSo","yes",1,0,"1.57","0.11","-0.57"
"10","A","Lev","yes",1,0,"2.00","-0.14","-0.70"
"11","H","Bet","yes",3,3,"1.60","0.09","-0.61"
"12","A","Val","yes",1,0,"1.45","0.18","-0.44"
"13","H","Osa","yes",3,1,"1.43","0.19","-0.25"
"14","A","Cad","no",NA,NA,"2.15","-0.23","-0.48"
"15","H","Mal","no",NA,NA,"2.20","-0.25","-0.73"
"16","A","RMa","no",NA,NA,"1.09","0.38","-0.35"
"17","A","Sev","no",NA,NA,"0.80","0.55","0.20"
"18","A","Gra","no",NA,NA,"1.83","-0.04","0.16"
"19","H","Ray","no",NA,NA,"2.27","-0.29","-0.14"
"20","A","Vil","no",NA,NA,"1.30","0.26","0.12"
"21","H","Lev","no",NA,NA,"2.46","-0.40","-0.28"
"22","H","Val","no",NA,NA,"2.17","-0.24","-0.52"
"23","A","Bar","no",NA,NA,"1.12","0.36","-0.16"
"24","H","Get","no",NA,NA,"2.44","-0.39","-0.55"
"25","A","Osa","no",NA,NA,"1.94","-0.10","-0.65"
"26","H","Cel","no",NA,NA,"1.78","-0.01","-0.66"
"27","A","Bet","no",NA,NA,"1.52","0.14","-0.52"
"28","H","Cad","no",NA,NA,"1.97","-0.12","-0.65"
"29","A","Ray","no",NA,NA,"0.72","0.59","-0.06"
"30","H","Ala","no",NA,NA,"2.11","-0.20","-0.26"
"31","A","Mal","no",NA,NA,"1.60","0.09","-0.17"
"32","H","Esp","no",NA,NA,"2.39","-0.36","-0.53"
"33","H","Gra","no",NA,NA,"2.16","-0.23","-0.75"
"34","A","Bil","no",NA,NA,"1.60","0.09","-0.67"
"35","H","RMa","no",NA,NA,"1.12","0.36","-0.30"
"36","A","Elc","no",NA,NA,"1.78","-0.02","-0.32"
"37","H","Sev","no",NA,NA,"1.76","-0.00","-0.32"
"38","A","RSo","no",NA,NA,"1.20","0.32","-0.00"
