"","HA","vs","played","Pts","GD","ePts","sched","cumulative"
"1","H","RSo","yes",3,2,"1.37","-0.06","-0.06"
"2","A","Bil","yes",1,0,"0.80","0.38","0.32"
"3","H","Get","yes",3,1,"2.29","-0.78","-0.46"
"4","H","Gra","yes",1,0,"1.96","-0.52","-0.99"
"5","A","Cad","yes",1,0,"1.43","-0.11","-1.10"
"6","H","Lev","yes",3,3,"2.29","-0.78","-1.88"
"7","A","Atl","yes",0,-2,"0.56","0.56","-1.32"
"8","H","Val","yes",3,2,"1.99","-0.55","-1.87"
"9","H","RMa","yes",0,-1,"0.95","0.26","-1.61"
"10","A","Ray","yes",0,-1,"0.35","0.73","-0.88"
"11","H","Ala","yes",1,0,"1.94","-0.51","-1.39"
"12","A","Cel","yes",1,0,"1.30","-0.01","-1.40"
"13","H","Esp","no",NA,NA,"2.19","-0.70","-2.10"
"14","A","Vil","no",NA,NA,"0.62","0.52","-1.58"
"15","H","Bet","no",NA,NA,"1.48","-0.15","-1.73"
"16","A","Osa","no",NA,NA,"1.21","0.06","-1.67"
"17","H","Elc","no",NA,NA,"2.06","-0.60","-2.27"
"18","A","Mal","no",NA,NA,"0.85","0.34","-1.93"
"19","A","Gra","no",NA,NA,"1.04","0.19","-1.74"
"20","H","Ray","no",NA,NA,"2.09","-0.63","-2.37"
"21","A","Ala","no",NA,NA,"0.83","0.36","-2.01"
"22","H","Atl","no",NA,NA,"1.44","-0.12","-2.13"
"23","A","Esp","no",NA,NA,"0.49","0.62","-1.51"
"24","A","Val","no",NA,NA,"0.67","0.48","-1.03"
"25","H","Bil","no",NA,NA,"1.59","-0.24","-1.27"
"26","A","Elc","no",NA,NA,"0.96","0.26","-1.01"
"27","H","Osa","no",NA,NA,"0.96","0.26","-0.76"
"28","A","RMa","no",NA,NA,"0.48","0.62","-0.13"
"29","H","Sev","no",NA,NA,"1.51","-0.17","-0.30"
"30","A","Lev","no",NA,NA,"1.29","-0.00","-0.31"
"31","H","Cad","no",NA,NA,"1.57","-0.22","-0.53"
"32","A","RSo","no",NA,NA,"0.48","0.63","0.10"
"33","H","Mal","no",NA,NA,"1.93","-0.50","-0.40"
"34","A","Bet","no",NA,NA,"0.78","0.39","-0.01"
"35","H","Cel","no",NA,NA,"1.72","-0.34","-0.35"
"36","A","Get","no",NA,NA,"1.25","0.03","-0.32"
"37","H","Vil","no",NA,NA,"1.94","-0.51","-0.83"
"38","A","Sev","no",NA,NA,"0.22","0.83","-0.00"
