"","HA","vs","played","Pts","GD","ePts","sched","cumulative"
"1","A","Mal","yes",1,0,"1.76","-0.14","-0.14"
"2","H","Cad","yes",1,0,"1.49","0.04","-0.09"
"3","H","RMa","yes",0,-1,"0.68","0.56","0.47"
"4","A","Gra","yes",3,1,"1.90","-0.22","0.25"
"5","H","Esp","yes",1,0,"2.04","-0.31","-0.07"
"6","A","Osa","yes",3,2,"2.03","-0.30","-0.37"
"7","H","Get","yes",3,2,"2.08","-0.34","-0.71"
"8","A","Vil","yes",0,-2,"1.55","0.00","-0.71"
"9","A","Ala","yes",3,1,"1.74","-0.12","-0.82"
"10","H","Ray","yes",3,1,"1.85","-0.19","-1.02"
"11","H","Val","yes",3,3,"1.74","-0.12","-1.14"
"12","A","Atl","yes",0,-3,"1.06","0.32","-0.82"
"13","H","Sev","yes",0,-2,"1.34","0.14","-0.68"
"14","A","Elc","yes",3,3,"1.87","-0.20","-0.88"
"15","H","Lev","yes",3,2,"2.21","-0.42","-1.30"
"16","A","Bar","no",NA,NA,"1.20","0.23","-1.08"
"17","H","RSo","no",NA,NA,"1.18","0.24","-0.84"
"18","A","Bil","no",NA,NA,"1.64","-0.05","-0.89"
"19","H","Cel","no",NA,NA,"1.27","0.18","-0.71"
"20","A","Ray","no",NA,NA,"0.75","0.52","-0.19"
"21","H","Ala","no",NA,NA,"1.65","-0.06","-0.25"
"22","A","Esp","no",NA,NA,"1.00","0.35","0.10"
"23","H","Vil","no",NA,NA,"1.74","-0.12","-0.02"
"24","A","Lev","no",NA,NA,"2.04","-0.32","-0.33"
"25","H","Mal","no",NA,NA,"1.76","-0.13","-0.47"
"26","A","Sev","no",NA,NA,"0.85","0.45","-0.02"
"27","H","Atl","no",NA,NA,"1.10","0.29","0.28"
"28","H","Bil","no",NA,NA,"1.49","0.04","0.32"
"29","A","Cel","no",NA,NA,"2.10","-0.35","-0.03"
"30","H","Osa","no",NA,NA,"0.95","0.39","0.35"
"31","A","Cad","no",NA,NA,"2.24","-0.44","-0.09"
"32","A","RSo","no",NA,NA,"1.28","0.17","0.09"
"33","H","Elc","no",NA,NA,"1.87","-0.20","-0.12"
"34","A","Get","no",NA,NA,"1.86","-0.20","-0.31"
"35","H","Bar","no",NA,NA,"1.63","-0.05","-0.37"
"36","A","Val","no",NA,NA,"1.50","0.03","-0.33"
"37","H","Gra","no",NA,NA,"1.72","-0.11","-0.44"
"38","A","RMa","no",NA,NA,"0.87","0.44","-0.00"
