"","HA","vs","played","Pts","GD","ePts","sched","cumulative"
"1","A","Elc","yes",1,0,"1.57","-0.12","-0.12"
"2","H","Bar","yes",1,0,"1.82","-0.30","-0.41"
"3","A","Cel","yes",3,1,"1.91","-0.36","-0.78"
"4","H","Mal","yes",3,2,"1.62","-0.15","-0.93"
"5","A","Atl","yes",1,0,"1.04","0.26","-0.67"
"6","H","Ray","yes",0,-1,"1.79","-0.27","-0.95"
"7","A","Val","yes",1,0,"1.19","0.15","-0.80"
"8","H","Ala","yes",3,1,"1.63","-0.16","-0.96"
"9","H","Vil","yes",3,1,"1.63","-0.16","-1.12"
"10","A","Esp","yes",1,0,"0.92","0.34","-0.78"
"11","A","RSo","yes",1,0,"0.93","0.34","-0.44"
"12","H","Cad","yes",0,-1,"1.23","0.12","-0.32"
"13","A","Lev","no",NA,NA,"1.89","-0.35","-0.67"
"14","H","Gra","no",NA,NA,"1.65","-0.18","-0.84"
"15","A","Get","no",NA,NA,"1.87","-0.33","-1.18"
"16","H","Sev","no",NA,NA,"1.35","0.04","-1.14"
"17","H","Bet","no",NA,NA,"1.15","0.18","-0.96"
"18","A","Osa","no",NA,NA,"1.81","-0.29","-1.26"
"19","A","Ala","no",NA,NA,"1.39","0.00","-1.25"
"20","H","RMa","no",NA,NA,"0.68","0.52","-0.74"
"21","A","Ray","no",NA,NA,"0.69","0.51","-0.23"
"22","H","Esp","no",NA,NA,"1.91","-0.36","-0.59"
"23","A","Mal","no",NA,NA,"1.44","-0.03","-0.61"
"24","H","RSo","no",NA,NA,"1.05","0.25","-0.36"
"25","A","Bar","no",NA,NA,"1.06","0.24","-0.12"
"26","H","Lev","no",NA,NA,"2.04","-0.46","-0.58"
"27","A","Bet","no",NA,NA,"1.20","0.14","-0.43"
"28","H","Get","no",NA,NA,"2.02","-0.44","-0.88"
"29","H","Elc","no",NA,NA,"1.77","-0.26","-1.14"
"30","A","Vil","no",NA,NA,"1.12","0.20","-0.94"
"31","H","Cel","no",NA,NA,"1.39","0.01","-0.93"
"32","A","Cad","no",NA,NA,"2.02","-0.44","-1.37"
"33","H","Atl","no",NA,NA,"1.12","0.20","-1.17"
"34","H","Val","no",NA,NA,"1.67","-0.19","-1.36"
"35","A","Gra","no",NA,NA,"1.66","-0.18","-1.54"
"36","H","Osa","no",NA,NA,"0.69","0.51","-1.04"
"37","A","Sev","no",NA,NA,"0.44","0.69","-0.35"
"38","A","RMa","no",NA,NA,"0.91","0.35","0.00"
