"","HA","vs","played","Pts","GD","ePts","sched","cumulative"
"1","H","Lev","yes",1,0,"1.46","-0.69","-0.69"
"2","A","Bet","yes",1,0,"1.04","-0.21","-0.90"
"3","H","Osa","yes",0,-1,"0.39","0.55","-0.34"
"4","H","RSo","yes",0,-2,"0.53","0.39","0.05"
"5","A","Cel","yes",3,1,"1.33","-0.54","-0.49"
"6","H","Bar","yes",1,0,"0.54","0.37","-0.12"
"7","A","Ray","yes",0,-2,"0.66","0.24","0.12"
"8","H","Val","yes",1,0,"0.74","0.14","0.26"
"9","A","Esp","yes",0,-2,"0.89","-0.03","0.23"
"10","H","Ala","yes",0,-2,"1.09","-0.27","-0.04"
"11","A","Vil","yes",1,0,"0.83","0.04","0.01"
"12","H","Mal","yes",1,0,"0.91","-0.05","-0.05"
"13","A","Bil","yes",3,1,"1.06","-0.23","-0.28"
"14","A","Get","yes",0,-4,"0.93","-0.08","-0.36"
"15","H","Atl","yes",0,-3,"0.59","0.32","-0.04"
"16","A","Elc","yes",0,-2,"1.05","-0.21","-0.26"
"17","H","Gra","yes",1,0,"0.96","-0.11","-0.37"
"18","A","RMa","yes",1,0,"0.53","0.39","0.02"
"19","H","Sev","yes",0,-1,"0.44","0.50","0.51"
"20","A","Osa","yes",0,-2,"1.46","-0.69","-0.18"
"21","H","Esp","yes",1,0,"1.04","-0.21","-0.39"
"22","A","Lev","yes",3,2,"1.66","-0.92","-1.30"
"23","A","Mal","yes",0,-1,"1.08","-0.25","-1.56"
"24","H","Cel","yes",1,0,"0.52","0.40","-1.15"
"25","H","Get","no",NA,NA,"1.12","-0.30","-1.45"
"26","A","Gra","no",NA,NA,"1.10","-0.27","-1.72"
"27","H","Ray","no",NA,NA,"1.11","-0.28","-2.00"
"28","A","Atl","no",NA,NA,"0.62","0.28","-1.72"
"29","H","Vil","no",NA,NA,"0.64","0.26","-1.46"
"30","A","Val","no",NA,NA,"1.13","-0.31","-1.78"
"31","H","Bet","no",NA,NA,"0.31","0.64","-1.14"
"32","A","Bar","no",NA,NA,"0.73","0.15","-0.99"
"33","H","Bil","no",NA,NA,"0.55","0.36","-0.62"
"34","A","Sev","no",NA,NA,"0.49","0.43","-0.19"
"35","H","Elc","no",NA,NA,"0.82","0.05","-0.15"
"36","A","RSo","no",NA,NA,"0.91","-0.06","-0.20"
"37","H","RMa","no",NA,NA,"0.25","0.71","0.51"
"38","A","Ala","no",NA,NA,"1.30","-0.51","-0.00"
