"","HA","vs","played","Pts","GD","ePts","sched","cumulative"
"1","A","Val","yes",0,-1,"0.51","0.35","0.35"
"2","H","Sev","yes",0,-1,"0.70","0.10","0.45"
"3","A","Bar","yes",0,-1,"0.43","0.45","0.89"
"4","H","Elc","yes",0,-1,"1.21","-0.55","0.34"
"5","A","Ray","yes",0,-3,"0.26","0.67","1.01"
"6","H","Atl","yes",0,-1,"0.66","0.16","1.17"
"7","A","Bet","yes",0,-2,"0.60","0.23","1.40"
"8","H","RSo","yes",1,0,"0.61","0.22","1.62"
"9","A","Lev","yes",1,0,"1.01","-0.30","1.32"
"10","H","Cel","yes",0,-3,"0.87","-0.11","1.21"
"11","A","Gra","yes",1,0,"0.81","-0.04","1.17"
"12","H","Esp","yes",3,1,"1.38","-0.76","0.40"
"13","A","Vil","yes",0,-1,"0.47","0.40","0.80"
"14","H","Cad","no",NA,NA,"0.75","0.04","0.84"
"15","A","Mal","no",NA,NA,"0.66","0.16","1.00"
"16","H","Bil","no",NA,NA,"0.83","-0.07","0.93"
"17","A","Ala","no",NA,NA,"0.63","0.19","1.11"
"18","H","Osa","no",NA,NA,"0.40","0.49","1.60"
"19","H","RMa","no",NA,NA,"0.37","0.52","2.12"
"20","A","Sev","no",NA,NA,"0.24","0.69","2.81"
"21","H","Gra","no",NA,NA,"1.10","-0.41","2.40"
"22","A","RSo","no",NA,NA,"0.36","0.53","2.94"
"23","H","Lev","no",NA,NA,"1.52","-0.94","1.99"
"24","A","Atl","no",NA,NA,"0.43","0.45","2.44"
"25","A","Cad","no",NA,NA,"1.16","-0.49","1.96"
"26","H","Ala","no",NA,NA,"1.02","-0.30","1.65"
"27","A","Esp","no",NA,NA,"0.37","0.53","2.18"
"28","H","Val","no",NA,NA,"1.14","-0.46","1.72"
"29","A","Bil","no",NA,NA,"0.61","0.22","1.94"
"30","H","Mal","no",NA,NA,"1.07","-0.37","1.57"
"31","A","RMa","no",NA,NA,"0.37","0.53","2.10"
"32","H","Vil","no",NA,NA,"1.13","-0.45","1.65"
"33","A","Cel","no",NA,NA,"1.05","-0.35","1.30"
"34","H","Bet","no",NA,NA,"0.68","0.13","1.42"
"35","H","Ray","no",NA,NA,"1.25","-0.61","0.81"
"36","A","Osa","no",NA,NA,"0.96","-0.24","0.58"
"37","H","Bar","no",NA,NA,"1.26","-0.62","-0.04"
"38","A","Elc","no",NA,NA,"0.75","0.04","-0.00"
