"","HA","vs","played","Pts","GD","ePts","sched","cumulative"
"1","A","Sev","yes",0,-3,"0.25","0.81","0.81"
"2","A","RSo","yes",0,-1,"0.49","0.62","1.43"
"3","H","Gra","yes",3,4,"2.29","-0.78","0.65"
"4","A","Lev","yes",1,0,"1.09","0.16","0.81"
"5","H","Get","yes",3,3,"2.43","-0.89","-0.07"
"6","A","Bil","yes",3,1,"0.60","0.53","0.46"
"7","H","Cad","yes",3,2,"2.06","-0.60","-0.14"
"8","A","Osa","yes",0,-1,"0.96","0.25","0.12"
"9","H","Elc","yes",3,1,"2.19","-0.69","-0.57"
"10","A","Bet","yes",0,-1,"0.58","0.55","-0.02"
"11","H","Bar","yes",3,1,"1.86","-0.44","-0.46"
"12","H","Cel","yes",1,0,"1.79","-0.38","-0.84"
"13","A","RMa","yes",0,-1,"0.26","0.80","-0.04"
"14","H","Mal","yes",3,2,"2.27","-0.75","-0.79"
"15","A","Val","yes",1,0,"0.65","0.50","-0.30"
"16","H","Esp","yes",3,1,"2.35","-0.82","-1.12"
"17","A","Vil","yes",0,-2,"0.44","0.66","-0.46"
"18","H","Ala","yes",3,2,"2.41","-0.86","-1.32"
"19","A","Atl","yes",0,-2,"0.41","0.69","-0.64"
"20","H","Bet","yes",1,0,"1.37","-0.06","-0.70"
"21","H","Bil","yes",0,-1,"1.85","-0.43","-1.14"
"22","A","Cel","yes",0,-2,"0.79","0.39","-0.75"
"23","H","Osa","yes",0,-3,"1.56","-0.21","-0.96"
"24","A","Elc","yes",0,-1,"0.54","0.58","-0.37"
"25","H","RMa","no",NA,NA,"1.16","0.10","-0.27"
"26","A","Cad","no",NA,NA,"1.32","-0.02","-0.29"
"27","H","Sev","no",NA,NA,"1.65","-0.27","-0.56"
"28","H","Atl","no",NA,NA,"1.83","-0.42","-0.98"
"29","A","Gra","no",NA,NA,"0.69","0.47","-0.51"
"30","H","Val","no",NA,NA,"2.11","-0.63","-1.15"
"31","A","Ala","no",NA,NA,"0.77","0.41","-0.74"
"32","A","Esp","no",NA,NA,"0.47","0.63","-0.11"
"33","H","RSo","no",NA,NA,"1.83","-0.42","-0.52"
"34","A","Get","no",NA,NA,"0.50","0.61","0.09"
"35","H","Vil","no",NA,NA,"1.88","-0.45","-0.37"
"36","A","Mal","no",NA,NA,"0.60","0.54","0.17"
"37","H","Lev","no",NA,NA,"2.42","-0.87","-0.70"
"38","A","Bar","no",NA,NA,"0.38","0.70","-0.00"
