"","HA","vs","played","Pts","GD","GS","ePts","sched","cumulative"
"1","A","Sit","yes",3,1,3,"2.60","-0.22","-0.22"
"2","H","Gro","yes",3,5,6,"2.38","-0.12","-0.34"
"3","A","Spa","yes",3,1,1,"1.91","0.10","-0.23"
"4","A","Utr","yes",3,2,2,"2.16","-0.02","-0.25"
"5","H","Cam","yes",3,4,4,"2.28","-0.07","-0.32"
"6","H","Hee","yes",3,5,5,"1.82","0.14","-0.17"
"7","A","AZA","yes",0,-1,1,"1.94","0.09","-0.08"
"8","H","GoA","yes",1,0,1,"2.21","-0.04","-0.12"
"9","A","Vol","yes",3,2,4,"2.66","-0.25","-0.37"
"10","H","Exc","yes",3,6,7,"2.47","-0.16","-0.53"
"11","A","RKC","yes",3,3,4,"2.11","0.01","-0.52"
"12","H","PSV","yes",0,-1,1,"1.55","0.27","-0.25"
"13","H","Vit","no",NA,NA,NA,"2.19","-0.03","-0.28"
"14","A","Emm","no",NA,NA,NA,"2.52","-0.18","-0.46"
"15","A","NEC","no",NA,NA,NA,"2.61","-0.22","-0.68"
"16","H","Twe","no",NA,NA,NA,"2.12","0.01","-0.67"
"17","A","Fey","no",NA,NA,NA,"1.85","0.13","-0.54"
"18","H","Vol","no",NA,NA,NA,"2.56","-0.20","-0.74"
"19","A","Exc","no",NA,NA,NA,"2.29","-0.08","-0.82"
"20","A","Cam","no",NA,NA,NA,"2.72","-0.28","-1.10"
"21","H","RKC","no",NA,NA,NA,"2.17","-0.02","-1.12"
"22","H","Spa","no",NA,NA,NA,"1.92","0.10","-1.02"
"23","A","Vit","no",NA,NA,NA,"2.65","-0.25","-1.26"
"24","H","NEC","no",NA,NA,NA,"2.04","0.04","-1.22"
"25","A","Hee","no",NA,NA,NA,"2.31","-0.08","-1.31"
"26","H","Fey","no",NA,NA,NA,"1.14","0.47","-0.84"
"27","A","GoA","no",NA,NA,NA,"2.47","-0.16","-1.00"
"28","H","Sit","no",NA,NA,NA,"2.31","-0.08","-1.08"
"29","H","Emm","no",NA,NA,NA,"2.50","-0.18","-1.26"
"30","A","PSV","no",NA,NA,NA,"0.90","0.58","-0.68"
"31","H","AZA","no",NA,NA,NA,"1.39","0.35","-0.33"
"32","A","Gro","no",NA,NA,NA,"2.50","-0.17","-0.50"
"33","H","Utr","no",NA,NA,NA,"1.68","0.21","-0.29"
"34","A","Twe","no",NA,NA,NA,"1.51","0.29","0.00"
