"","HA","vs","played","Pts","GD","GS","ePts","sched","cumulative"
"1","H","GoA","yes",3,2,2,"2.13","-0.11","-0.11"
"2","A","Spa","yes",3,1,3,"1.49","0.22","0.11"
"3","A","Cam","yes",3,1,1,"2.56","-0.34","-0.23"
"4","H","NEC","yes",1,0,1,"1.93","-0.01","-0.23"
"5","A","Emm","yes",3,3,3,"2.26","-0.18","-0.41"
"6","H","Twe","yes",1,0,1,"2.00","-0.04","-0.46"
"7","H","Ajx","yes",3,1,2,"0.91","0.52","0.07"
"8","A","Gro","yes",3,3,4,"2.23","-0.17","-0.10"
"9","A","Utr","yes",3,1,2,"1.79","0.07","-0.03"
"10","H","Fey","yes",0,-2,1,"1.00","0.48","0.45"
"11","A","Exc","yes",0,-1,1,"1.95","-0.02","0.43"
"12","H","Vol","yes",3,1,2,"2.50","-0.30","0.13"
"13","A","RKC","yes",0,-2,1,"1.73","0.10","0.22"
"14","A","PSV","no",NA,NA,NA,"0.58","0.70","0.92"
"15","H","Vit","no",NA,NA,NA,"2.07","-0.08","0.84"
"16","A","Hee","no",NA,NA,NA,"1.97","-0.03","0.82"
"17","H","Sit","no",NA,NA,NA,"2.21","-0.15","0.66"
"18","A","GoA","no",NA,NA,NA,"2.20","-0.15","0.51"
"19","H","Utr","no",NA,NA,NA,"1.56","0.19","0.70"
"20","A","Vol","no",NA,NA,NA,"2.47","-0.29","0.41"
"21","H","Exc","no",NA,NA,NA,"2.41","-0.25","0.15"
"22","A","Fey","no",NA,NA,NA,"1.32","0.31","0.47"
"23","H","Cam","no",NA,NA,NA,"2.25","-0.17","0.29"
"24","A","Vit","no",NA,NA,NA,"2.45","-0.28","0.01"
"25","H","Gro","no",NA,NA,NA,"2.31","-0.20","-0.19"
"26","A","Twe","no",NA,NA,NA,"1.09","0.43","0.24"
"27","H","Hee","no",NA,NA,NA,"1.71","0.11","0.35"
"28","H","Spa","no",NA,NA,NA,"1.80","0.06","0.41"
"29","A","Sit","no",NA,NA,NA,"2.38","-0.24","0.17"
"30","H","RKC","no",NA,NA,NA,"2.07","-0.08","0.09"
"31","A","Ajx","no",NA,NA,NA,"1.57","0.18","0.27"
"32","H","Emm","no",NA,NA,NA,"2.43","-0.27","-0.00"
"33","A","NEC","no",NA,NA,NA,"2.39","-0.25","-0.25"
"34","H","PSV","no",NA,NA,NA,"1.45","0.25","-0.00"
