"","HA","vs","played","Pts","GD","GS","ePts","sched","cumulative"
"1","A","AZA","yes",0,-2,0,"0.64","0.42","0.42"
"2","H","PSV","yes",0,-3,2,"0.74","0.34","0.76"
"3","A","Gro","yes",0,-1,0,"1.49","-0.34","0.42"
"4","H","Spa","yes",0,-1,0,"0.99","0.11","0.53"
"5","H","Fey","yes",0,-1,3,"0.45","0.60","1.13"
"6","A","Vol","yes",3,1,3,"1.80","-0.62","0.51"
"7","H","Emm","yes",3,2,2,"1.81","-0.63","-0.12"
"8","A","Ajx","yes",1,0,1,"0.71","0.36","0.24"
"9","H","Cam","yes",1,0,0,"1.62","-0.46","-0.22"
"10","H","Hee","yes",1,0,1,"0.90","0.20","-0.02"
"11","A","NEC","yes",1,0,3,"1.36","-0.22","-0.25"
"12","H","Exc","yes",3,2,3,"1.78","-0.60","-0.85"
"13","A","Twe","yes",1,0,1,"0.40","0.64","-0.21"
"14","H","Vit","no",NA,NA,NA,"1.31","-0.18","-0.38"
"15","A","Sit","no",NA,NA,NA,"1.58","-0.42","-0.80"
"16","H","Utr","no",NA,NA,NA,"0.74","0.33","-0.47"
"17","A","RKC","no",NA,NA,NA,"0.83","0.26","-0.21"
"18","H","AZA","no",NA,NA,NA,"0.45","0.59","0.39"
"19","A","PSV","no",NA,NA,NA,"0.32","0.72","1.10"
"20","H","NEC","no",NA,NA,NA,"1.12","-0.01","1.09"
"21","A","Spa","no",NA,NA,NA,"0.69","0.38","1.47"
"22","H","Twe","no",NA,NA,NA,"1.15","-0.04","1.44"
"23","A","Emm","no",NA,NA,NA,"1.32","-0.18","1.25"
"24","A","Cam","no",NA,NA,NA,"1.91","-0.72","0.54"
"25","H","RKC","no",NA,NA,NA,"1.49","-0.34","0.20"
"26","A","Utr","no",NA,NA,NA,"0.85","0.23","0.43"
"27","H","Ajx","no",NA,NA,NA,"0.50","0.55","0.98"
"28","A","Vit","no",NA,NA,NA,"1.70","-0.53","0.46"
"29","A","Exc","no",NA,NA,NA,"0.98","0.12","0.57"
"30","H","Sit","no",NA,NA,NA,"1.26","-0.13","0.44"
"31","H","Gro","no",NA,NA,NA,"1.61","-0.45","-0.00"
"32","A","Fey","no",NA,NA,NA,"0.47","0.58","0.57"
"33","H","Vol","no",NA,NA,NA,"1.96","-0.76","-0.19"
"34","A","Hee","no",NA,NA,NA,"0.90","0.19","0.00"
