"","HA","vs","played","Pts","GD","GS","ePts","sched","cumulative"
"1","H","Spa","yes",1,0,0,"1.32","0.11","0.11"
"2","A","Fey","yes",1,0,0,"0.98","0.34","0.45"
"3","A","Vit","yes",3,4,4,"2.16","-0.45","-0.00"
"4","H","Sit","yes",3,1,2,"1.80","-0.21","-0.22"
"5","H","NEC","yes",1,0,0,"1.45","0.02","-0.19"
"6","A","Ajx","yes",0,-5,0,"0.96","0.35","0.16"
"7","H","Twe","yes",3,1,2,"1.54","-0.04","0.12"
"8","A","Emm","yes",1,0,0,"1.88","-0.27","-0.15"
"9","H","PSV","yes",0,-1,0,"0.95","0.36","0.22"
"10","A","GoA","yes",1,0,1,"1.80","-0.21","0.00"
"11","A","Vol","yes",3,2,3,"2.18","-0.47","-0.46"
"12","H","Utr","yes",0,-1,1,"1.07","0.28","-0.18"
"13","A","Exc","yes",3,1,1,"1.51","-0.02","-0.20"
"14","H","Cam","no",NA,NA,NA,"1.76","-0.19","-0.38"
"15","A","RKC","no",NA,NA,NA,"1.26","0.15","-0.23"
"16","H","AZA","no",NA,NA,NA,"0.81","0.45","0.22"
"17","H","Gro","no",NA,NA,NA,"1.90","-0.28","-0.06"
"18","A","Sit","no",NA,NA,NA,"2.05","-0.38","-0.44"
"19","H","Vit","no",NA,NA,NA,"1.64","-0.11","-0.55"
"20","A","Utr","no",NA,NA,NA,"1.33","0.11","-0.44"
"21","H","Fey","no",NA,NA,NA,"0.62","0.58","0.14"
"22","A","Cam","no",NA,NA,NA,"2.30","-0.55","-0.41"
"23","H","RKC","no",NA,NA,NA,"1.62","-0.09","-0.50"
"24","A","Twe","no",NA,NA,NA,"0.70","0.53","0.03"
"25","H","Ajx","no",NA,NA,NA,"0.53","0.64","0.67"
"26","A","Gro","no",NA,NA,NA,"1.85","-0.25","0.43"
"27","A","AZA","no",NA,NA,NA,"1.07","0.28","0.71"
"28","H","Vol","no",NA,NA,NA,"2.19","-0.48","0.23"
"29","A","Spa","no",NA,NA,NA,"1.04","0.30","0.53"
"30","H","Emm","no",NA,NA,NA,"2.10","-0.41","0.12"
"31","A","NEC","no",NA,NA,NA,"2.06","-0.39","-0.27"
"32","H","Exc","no",NA,NA,NA,"2.05","-0.38","-0.65"
"33","A","PSV","no",NA,NA,NA,"0.34","0.77","0.12"
"34","H","GoA","no",NA,NA,NA,"1.67","-0.12","-0.00"
