"","HA","vs","played","Pts","GD","GS","ePts","sched","cumulative"
"1","H","Twe","yes",0,-1,0,"0.93","0.14","0.14"
"2","A","Vol","yes",3,3,4,"2.00","-0.84","-0.70"
"3","H","Gro","yes",1,0,1,"1.31","-0.21","-0.91"
"4","A","AZA","yes",1,0,1,"0.81","0.26","-0.65"
"5","A","Hee","yes",1,0,0,"1.23","-0.13","-0.79"
"6","H","Sit","yes",1,0,1,"1.20","-0.10","-0.89"
"7","A","Utr","yes",1,0,0,"1.03","0.05","-0.84"
"8","H","Fey","yes",1,0,1,"0.33","0.69","-0.15"
"9","H","Exc","yes",1,0,1,"1.47","-0.36","-0.51"
"10","A","Spa","yes",0,-2,0,"0.88","0.19","-0.32"
"11","H","GoA","yes",1,0,3,"1.09","-0.00","-0.32"
"12","A","PSV","yes",0,-3,0,"0.40","0.63","0.31"
"13","A","Cam","yes",3,1,1,"2.07","-0.91","-0.60"
"14","H","RKC","no",NA,NA,NA,"1.02","0.06","-0.54"
"15","H","Ajx","no",NA,NA,NA,"0.36","0.67","0.13"
"16","A","Vit","no",NA,NA,NA,"1.90","-0.75","-0.62"
"17","H","Emm","no",NA,NA,NA,"1.52","-0.40","-1.03"
"18","A","Fey","no",NA,NA,NA,"0.66","0.39","-0.64"
"19","H","Spa","no",NA,NA,NA,"0.77","0.29","-0.35"
"20","A","GoA","no",NA,NA,NA,"1.52","-0.40","-0.75"
"21","H","Cam","no",NA,NA,NA,"1.24","-0.14","-0.89"
"22","A","Exc","no",NA,NA,NA,"1.18","-0.09","-0.97"
"23","H","Vol","no",NA,NA,NA,"1.67","-0.54","-1.51"
"24","A","Ajx","no",NA,NA,NA,"0.87","0.20","-1.31"
"25","H","Utr","no",NA,NA,NA,"0.55","0.49","-0.82"
"26","A","RKC","no",NA,NA,NA,"0.98","0.10","-0.72"
"27","H","PSV","no",NA,NA,NA,"0.54","0.50","-0.22"
"28","A","Emm","no",NA,NA,NA,"1.50","-0.39","-0.61"
"29","H","Vit","no",NA,NA,NA,"1.01","0.07","-0.54"
"30","A","Gro","no",NA,NA,NA,"1.54","-0.42","-0.96"
"31","H","Hee","no",NA,NA,NA,"0.69","0.37","-0.59"
"32","A","Twe","no",NA,NA,NA,"0.51","0.53","-0.06"
"33","H","AZA","no",NA,NA,NA,"0.32","0.70","0.64"
"34","A","Sit","no",NA,NA,NA,"1.78","-0.64","-0.00"
