"","HA","vs","played","Pts","GD","GS","ePts","sched","cumulative"
"1","H","Emm","yes",3,3,4,"2.65","-0.33","-0.33"
"2","A","GoA","yes",3,3,5,"2.02","-0.01","-0.34"
"3","A","Exc","yes",3,5,6,"1.58","0.21","-0.13"
"4","H","Vol","yes",3,6,7,"2.62","-0.31","-0.44"
"5","A","Twe","yes",0,-1,1,"0.81","0.59","0.16"
"6","H","RKC","yes",3,1,1,"2.57","-0.29","-0.13"
"7","H","Fey","yes",3,1,4,"1.63","0.19","0.06"
"8","A","Cam","yes",0,-3,0,"2.51","-0.26","-0.20"
"9","A","Hee","yes",3,1,1,"1.65","0.17","-0.03"
"10","H","Utr","yes",3,5,6,"1.94","0.03","0.00"
"11","A","Gro","yes",0,-2,2,"2.13","-0.07","-0.06"
"12","H","NEC","yes",3,3,3,"2.28","-0.14","-0.20"
"13","A","Ajx","yes",3,1,2,"1.38","0.31","0.11"
"14","H","AZA","yes",0,-1,0,"1.42","0.29","0.40"
"15","H","Spa","yes",1,0,0,"2.15","-0.08","0.32"
"16","A","Sit","no",NA,NA,NA,"2.28","-0.14","0.18"
"17","H","Vit","no",NA,NA,NA,"2.41","-0.20","-0.02"
"18","A","Emm","no",NA,NA,NA,"2.02","-0.01","-0.03"
"19","H","GoA","no",NA,NA,NA,"2.33","-0.17","-0.20"
"20","A","Fey","no",NA,NA,NA,"1.02","0.49","0.29"
"21","H","Gro","no",NA,NA,NA,"2.59","-0.29","-0.00"
"22","A","Utr","no",NA,NA,NA,"1.54","0.23","0.23"
"23","H","Twe","no",NA,NA,NA,"2.29","-0.15","0.08"
"24","A","RKC","no",NA,NA,NA,"1.59","0.20","0.28"
"25","H","Cam","no",NA,NA,NA,"2.58","-0.29","-0.01"
"26","A","Vit","no",NA,NA,NA,"2.29","-0.15","-0.15"
"27","A","NEC","no",NA,NA,NA,"2.02","-0.01","-0.16"
"28","H","Exc","no",NA,NA,NA,"2.65","-0.33","-0.49"
"29","A","Vol","no",NA,NA,NA,"2.18","-0.09","-0.58"
"30","H","Ajx","no",NA,NA,NA,"1.73","0.14","-0.44"
"31","A","Spa","no",NA,NA,NA,"1.26","0.37","-0.07"
"32","H","Sit","no",NA,NA,NA,"2.37","-0.19","-0.26"
"33","H","Hee","no",NA,NA,NA,"2.11","-0.05","-0.32"
"34","A","AZA","no",NA,NA,NA,"1.37","0.32","-0.00"
