"","HA","vs","played","Pts","GD","GS","ePts","sched","cumulative"
"1","H","Utr","yes",1,0,2,"1.34","0.06","0.06"
"2","A","Emm","yes",1,0,1,"1.46","-0.02","0.04"
"3","H","Fey","yes",0,-1,0,"0.81","0.43","0.46"
"4","A","Vit","yes",1,0,2,"1.77","-0.25","0.22"
"5","H","Exc","yes",3,3,5,"2.26","-0.59","-0.38"
"6","A","PSV","yes",0,-1,0,"0.21","0.85","0.48"
"7","H","Cam","yes",3,4,5,"2.08","-0.46","0.02"
"8","H","Spa","yes",1,0,2,"1.58","-0.11","-0.10"
"9","A","Gro","yes",3,1,3,"1.42","-0.00","-0.10"
"10","A","Sit","yes",1,0,0,"1.65","-0.16","-0.26"
"11","H","Ajx","yes",0,-3,1,"0.73","0.48","0.22"
"12","A","Twe","yes",0,-3,0,"0.44","0.69","0.92"
"13","H","AZA","yes",3,2,3,"1.05","0.26","1.18"
"14","A","NEC","no",NA,NA,NA,"1.66","-0.16","1.01"
"15","H","Hee","no",NA,NA,NA,"1.49","-0.05","0.96"
"16","A","Vol","no",NA,NA,NA,"1.80","-0.27","0.70"
"17","H","GoA","no",NA,NA,NA,"1.94","-0.37","0.33"
"18","A","Spa","no",NA,NA,NA,"0.68","0.52","0.85"
"19","H","Emm","no",NA,NA,NA,"2.30","-0.62","0.23"
"20","A","Exc","no",NA,NA,NA,"1.08","0.24","0.47"
"21","A","Ajx","no",NA,NA,NA,"0.74","0.48","0.95"
"22","H","Sit","no",NA,NA,NA,"2.04","-0.44","0.52"
"23","A","Hee","no",NA,NA,NA,"1.10","0.23","0.74"
"24","H","PSV","no",NA,NA,NA,"1.23","0.14","0.88"
"25","A","GoA","no",NA,NA,NA,"1.38","0.03","0.91"
"26","H","NEC","no",NA,NA,NA,"1.73","-0.21","0.70"
"27","H","Vit","no",NA,NA,NA,"1.87","-0.32","0.38"
"28","A","Fey","no",NA,NA,NA,"0.57","0.60","0.98"
"29","H","Gro","no",NA,NA,NA,"2.15","-0.51","0.47"
"30","A","AZA","no",NA,NA,NA,"0.70","0.50","0.98"
"31","H","Vol","no",NA,NA,NA,"2.38","-0.67","0.30"
"32","A","Utr","no",NA,NA,NA,"0.92","0.35","0.66"
"33","H","Twe","no",NA,NA,NA,"1.80","-0.27","0.39"
"34","A","Cam","no",NA,NA,NA,"1.97","-0.39","0.00"
