"","HA","vs","played","Pts","GD","GS","ePts","sched","cumulative"
"1","H","Ajx","yes",0,-1,2,"0.27","0.71","0.71"
"2","A","Twe","yes",0,-3,0,"0.35","0.63","1.34"
"3","H","Cam","yes",0,-3,1,"1.18","-0.26","1.08"
"4","A","Hee","yes",0,-1,1,"0.92","0.02","1.11"
"5","H","Utr","yes",0,-1,3,"0.60","0.36","1.47"
"6","A","NEC","yes",1,0,1,"1.46","-0.55","0.92"
"7","H","Exc","yes",3,1,1,"1.50","-0.59","0.33"
"8","H","Vol","yes",3,2,2,"1.68","-0.79","-0.46"
"9","A","Vit","yes",3,1,2,"1.59","-0.69","-1.15"
"10","H","RKC","yes",1,0,0,"1.04","-0.11","-1.26"
"11","A","Fey","yes",1,0,1,"0.51","0.45","-0.80"
"12","A","Spa","yes",0,-2,1,"0.55","0.41","-0.39"
"13","H","Emm","yes",0,-1,0,"1.56","-0.66","-1.05"
"14","A","Gro","no",NA,NA,NA,"1.22","-0.30","-1.35"
"15","H","GoA","no",NA,NA,NA,"1.09","-0.16","-1.51"
"16","H","PSV","no",NA,NA,NA,"0.52","0.45","-1.07"
"17","A","AZA","no",NA,NA,NA,"0.57","0.40","-0.67"
"18","H","Hee","no",NA,NA,NA,"0.70","0.25","-0.42"
"19","A","Cam","no",NA,NA,NA,"1.78","-0.89","-1.31"
"20","H","Spa","no",NA,NA,NA,"0.79","0.16","-1.15"
"21","A","Emm","no",NA,NA,NA,"1.25","-0.33","-1.48"
"22","A","RKC","no",NA,NA,NA,"0.70","0.25","-1.23"
"23","H","Fey","no",NA,NA,NA,"0.33","0.65","-0.58"
"24","A","Utr","no",NA,NA,NA,"0.75","0.20","-0.38"
"25","H","Twe","no",NA,NA,NA,"0.98","-0.04","-0.41"
"26","A","Vol","no",NA,NA,NA,"1.61","-0.71","-1.13"
"27","H","Gro","no",NA,NA,NA,"1.33","-0.42","-1.54"
"28","A","Ajx","no",NA,NA,NA,"0.50","0.47","-1.08"
"29","H","AZA","no",NA,NA,NA,"0.43","0.54","-0.54"
"30","A","GoA","no",NA,NA,NA,"1.17","-0.24","-0.78"
"31","H","Vit","no",NA,NA,NA,"1.07","-0.14","-0.92"
"32","A","PSV","no",NA,NA,NA,"0.16","0.83","-0.09"
"33","A","Exc","no",NA,NA,NA,"0.90","0.04","-0.05"
"34","H","NEC","no",NA,NA,NA,"0.89","0.05","-0.00"
