"","HA","vs","played","Pts","GD","GS","ePts","sched","cumulative"
"1","A","NEC","yes",3,1,1,"1.74","-0.00","-0.00"
"2","H","Sit","yes",3,3,3,"2.51","-0.45","-0.45"
"3","A","Vol","yes",0,-1,0,"1.88","-0.09","-0.54"
"4","H","Exc","yes",3,4,4,"2.62","-0.52","-1.05"
"5","H","PSV","yes",3,1,2,"1.88","-0.09","-1.14"
"6","A","AZA","yes",1,0,1,"0.76","0.56","-0.58"
"7","A","Hee","yes",0,-1,1,"1.18","0.32","-0.26"
"8","H","Vit","yes",3,3,3,"2.42","-0.40","-0.66"
"9","A","Fey","yes",0,-2,0,"0.69","0.60","-0.06"
"10","H","Gro","yes",3,3,3,"2.56","-0.48","-0.54"
"11","A","Cam","yes",3,1,1,"2.03","-0.17","-0.71"
"12","H","RKC","yes",3,3,3,"2.40","-0.39","-1.10"
"13","H","GoA","yes",1,0,1,"2.43","-0.41","-1.51"
"14","A","Spa","no",NA,NA,NA,"0.74","0.57","-0.93"
"15","H","Emm","no",NA,NA,NA,"2.65","-0.53","-1.46"
"16","A","Ajx","no",NA,NA,NA,"0.68","0.61","-0.86"
"17","H","Utr","no",NA,NA,NA,"2.00","-0.15","-1.01"
"18","A","Vit","no",NA,NA,NA,"1.86","-0.07","-1.08"
"19","H","Fey","no",NA,NA,NA,"1.47","0.15","-0.93"
"20","A","Gro","no",NA,NA,NA,"1.50","0.13","-0.80"
"21","H","Vol","no",NA,NA,NA,"2.69","-0.55","-1.36"
"22","A","GoA","no",NA,NA,NA,"1.45","0.16","-1.19"
"23","A","PSV","no",NA,NA,NA,"0.23","0.87","-0.32"
"24","H","Hee","no",NA,NA,NA,"2.12","-0.23","-0.55"
"25","A","Sit","no",NA,NA,NA,"1.72","0.01","-0.54"
"26","H","AZA","no",NA,NA,NA,"1.72","0.00","-0.54"
"27","A","Exc","no",NA,NA,NA,"1.16","0.33","-0.21"
"28","H","Cam","no",NA,NA,NA,"2.49","-0.44","-0.64"
"29","A","Utr","no",NA,NA,NA,"0.99","0.43","-0.21"
"30","H","Spa","no",NA,NA,NA,"2.21","-0.27","-0.49"
"31","A","Emm","no",NA,NA,NA,"1.54","0.11","-0.38"
"32","H","NEC","no",NA,NA,NA,"2.30","-0.33","-0.70"
"33","A","RKC","no",NA,NA,NA,"0.93","0.46","-0.24"
"34","H","Ajx","no",NA,NA,NA,"1.32","0.24","-0.00"
