"","HA","vs","played","Pts","GD","GS","ePts","sched","cumulative"
"1","H","Fam","yes",0,-1,1,"2.23","-0.13","-0.13"
"2","A","Cha","yes",3,2,4,"2.46","-0.25","-0.38"
"3","H","Spo","yes",1,0,1,"0.85","0.57","0.18"
"4","A","Mor","yes",3,1,3,"1.80","0.09","0.27"
"5","A","Far","yes",0,-2,1,"2.26","-0.15","0.12"
"6","H","Boa","yes",3,3,4,"2.33","-0.18","-0.06"
"7","A","Ama","yes",3,2,4,"2.21","-0.12","-0.18"
"8","H","Rio","yes",3,1,2,"2.47","-0.25","-0.44"
"9","A","Gil","yes",1,0,3,"2.12","-0.08","-0.51"
"10","H","Pse","yes",3,5,6,"2.40","-0.22","-0.73"
"11","A","Aro","yes",3,1,1,"2.10","-0.07","-0.80"
"12","H","Est","yes",3,2,3,"2.54","-0.29","-1.09"
"13","A","Viz","yes",3,2,3,"2.53","-0.29","-1.38"
"14","H","Ben","yes",0,-1,0,"0.96","0.51","-0.86"
"15","A","Cas","yes",3,2,3,"2.53","-0.29","-1.15"
"16","H","Gui","yes",1,0,1,"1.70","0.13","-1.01"
"17","A","Pto","yes",0,-2,0,"1.02","0.48","-0.53"
"18","A","Fam","yes",3,1,2,"2.23","-0.13","-0.66"
"19","H","Cha","yes",1,0,1,"2.55","-0.30","-0.96"
"20","H","Mor","yes",3,1,1,"1.75","0.11","-0.85"
"21","A","Spo","yes",0,-5,0,"0.16","0.92","0.07"
"22","H","Far","yes",3,1,2,"2.40","-0.22","-0.14"
"23","A","Boa","yes",3,4,4,"2.22","-0.13","-0.27"
"24","H","Ama","yes",3,3,3,"2.41","-0.22","-0.49"
"25","A","Rio","yes",1,0,0,"2.22","-0.13","-0.62"
"26","H","Gil","yes",3,1,2,"2.53","-0.29","-0.91"
"27","A","Pse","no",NA,NA,NA,"2.46","-0.25","-1.16"
"28","H","Aro","no",NA,NA,NA,"2.04","-0.04","-1.19"
"29","A","Est","no",NA,NA,NA,"2.12","-0.07","-1.27"
"30","H","Viz","no",NA,NA,NA,"2.37","-0.20","-1.47"
"31","A","Ben","no",NA,NA,NA,"0.59","0.70","-0.77"
"32","H","Cas","no",NA,NA,NA,"1.83","0.07","-0.70"
"33","A","Gui","no",NA,NA,NA,"1.28","0.35","-0.35"
"34","H","Pto","no",NA,NA,NA,"1.28","0.35","-0.00"
