"","HA","vs","played","Pts","GD","GS","ePts","sched","cumulative"
"1","A","Far","yes",3,3,3,"1.68","-0.54","-0.54"
"2","H","Spo","yes",0,-1,1,"0.17","0.84","0.30"
"3","A","Boa","yes",1,0,1,"1.55","-0.42","-0.12"
"4","H","Rio","yes",1,0,1,"1.30","-0.19","-0.31"
"5","A","Aro","yes",3,1,1,"1.57","-0.44","-0.75"
"6","H","Gui","yes",1,0,0,"0.49","0.55","-0.19"
"7","A","Gil","yes",0,-2,0,"1.50","-0.37","-0.57"
"8","H","Ama","yes",0,-1,0,"1.18","-0.08","-0.64"
"9","A","Ben","yes",1,0,1,"0.27","0.75","0.11"
"10","H","Viz","yes",0,-1,0,"1.11","-0.02","0.09"
"11","A","Est","yes",0,-4,0,"1.68","-0.54","-0.45"
"12","H","Pse","yes",3,1,1,"1.15","-0.05","-0.50"
"13","A","Pto","yes",0,-2,1,"0.50","0.54","0.04"
"14","A","Cha","yes",3,2,3,"2.00","-0.83","-0.79"
"15","H","Bra","yes",0,-2,1,"0.30","0.73","-0.06"
"16","A","Mor","yes",3,3,4,"1.13","-0.03","-0.09"
"17","H","Fam","yes",0,-2,0,"0.90","0.18","0.08"
"18","H","Far","yes",0,-2,1,"1.07","0.02","0.10"
"19","A","Spo","yes",0,-8,0,"0.07","0.93","1.04"
"20","H","Boa","yes",1,0,0,"1.04","0.05","1.09"
"21","A","Rio","yes",0,-1,0,"1.63","-0.49","0.60"
"22","H","Aro","yes",3,1,1,"0.72","0.34","0.93"
"23","A","Gui","yes",3,2,2,"0.77","0.30","1.23"
"24","H","Gil","yes",1,0,0,"1.41","-0.29","0.94"
"25","A","Ama","yes",0,-2,1,"1.62","-0.49","0.45"
"26","H","Ben","yes",0,-1,0,"0.20","0.81","1.27"
"27","A","Viz","no",NA,NA,NA,"2.06","-0.89","0.38"
"28","H","Est","no",NA,NA,NA,"1.43","-0.31","0.07"
"29","A","Pse","no",NA,NA,NA,"1.99","-0.82","-0.75"
"30","H","Pto","no",NA,NA,NA,"0.23","0.79","0.04"
"31","H","Cha","no",NA,NA,NA,"1.44","-0.32","-0.29"
"32","A","Bra","no",NA,NA,NA,"0.86","0.22","-0.07"
"33","H","Mor","no",NA,NA,NA,"0.47","0.57","0.49"
"34","A","Fam","no",NA,NA,NA,"1.63","-0.49","0.00"
