"","HA","vs","played","Pts","GD","GS","ePts","sched","cumulative"
"1","H","Cas","yes",0,-3,0,"1.01","0.04","0.04"
"2","A","Pto","yes",0,-1,1,"0.24","0.77","0.80"
"3","H","Cha","yes",3,5,5,"1.93","-0.84","-0.04"
"4","A","Fam","yes",0,-1,0,"1.03","0.01","-0.02"
"5","H","Bra","yes",3,2,3,"0.53","0.49","0.47"
"6","A","Mor","yes",0,-1,0,"0.62","0.41","0.88"
"7","H","Spo","yes",0,-1,2,"0.35","0.67","1.55"
"8","H","Viz","yes",1,0,0,"1.61","-0.54","1.01"
"9","A","Rio","yes",3,1,4,"1.02","0.02","1.03"
"10","H","Aro","yes",3,2,2,"1.17","-0.12","0.91"
"11","A","Boa","yes",3,2,3,"0.96","0.09","1.00"
"12","H","Gui","yes",0,-1,1,"0.83","0.21","1.20"
"13","A","Ben","yes",1,0,1,"0.14","0.87","2.07"
"14","H","Ama","yes",1,0,0,"1.68","-0.60","1.47"
"15","A","Est","yes",0,-4,0,"1.06","-0.01","1.46"
"16","H","Gil","yes",3,1,1,"1.91","-0.82","0.64"
"17","A","Pse","yes",0,-1,0,"1.40","-0.34","0.30"
"18","A","Cas","yes",3,2,3,"1.55","-0.48","-0.18"
"19","H","Pto","yes",0,-2,1,"0.42","0.60","0.43"
"20","A","Cha","yes",1,0,1,"1.40","-0.33","0.09"
"21","H","Fam","yes",1,0,1,"1.55","-0.48","-0.39"
"22","A","Bra","yes",0,-1,1,"0.45","0.57","0.18"
"23","H","Mor","yes",0,-1,0,"0.81","0.22","0.41"
"24","A","Spo","yes",0,-1,2,"0.04","0.96","1.37"
"25","A","Viz","yes",0,-1,1,"1.49","-0.42","0.95"
"26","H","Rio","yes",1,0,1,"1.80","-0.72","0.23"
"27","A","Aro","no",NA,NA,NA,"0.97","0.07","0.31"
"28","H","Boa","no",NA,NA,NA,"1.54","-0.47","-0.16"
"29","A","Gui","no",NA,NA,NA,"0.40","0.62","0.46"
"30","H","Ben","no",NA,NA,NA,"0.37","0.65","1.11"
"31","A","Ama","no",NA,NA,NA,"0.99","0.05","1.16"
"32","H","Est","no",NA,NA,NA,"1.92","-0.83","0.33"
"33","A","Gil","no",NA,NA,NA,"0.79","0.25","0.58"
"34","H","Pse","no",NA,NA,NA,"1.65","-0.58","0.00"
