"","HA","vs","played","Pts","GD","GS","ePts","sched","cumulative"
"1","H","Pse","yes",3,5,5,"1.72","-0.79","-0.79"
"2","A","Gui","yes",0,-1,1,"0.24","0.75","-0.03"
"3","H","Ben","yes",0,-1,2,"0.48","0.50","0.47"
"4","A","Viz","yes",0,-1,0,"1.20","-0.25","0.22"
"5","H","Est","yes",3,2,5,"2.09","-1.17","-0.95"
"6","A","Pto","yes",0,-1,1,"0.22","0.77","-0.18"
"7","H","Cas","yes",3,2,2,"1.19","-0.24","-0.42"
"8","A","Cha","yes",0,-2,2,"1.04","-0.08","-0.50"
"9","H","Bra","yes",1,0,3,"0.59","0.39","-0.11"
"10","A","Fam","yes",0,-2,1,"0.59","0.39","0.28"
"11","H","Rio","yes",1,0,1,"1.92","-1.00","-0.72"
"12","A","Spo","yes",0,-2,1,"0.02","0.98","0.26"
"13","H","Mor","yes",1,0,1,"1.06","-0.10","0.16"
"14","A","Aro","yes",0,-3,0,"0.50","0.48","0.63"
"15","H","Boa","yes",3,1,1,"1.85","-0.93","-0.29"
"16","A","Far","yes",0,-1,0,"0.62","0.36","0.07"
"17","H","Ama","yes",1,0,1,"1.82","-0.89","-0.82"
"18","A","Pse","yes",3,2,2,"0.95","0.01","-0.81"
"19","H","Gui","yes",3,1,1,"0.86","0.11","-0.71"
"20","A","Ben","yes",0,-3,0,"0.07","0.92","0.22"
"21","H","Viz","yes",0,-1,0,"1.86","-0.94","-0.72"
"22","A","Est","yes",3,2,3,"0.59","0.38","-0.34"
"23","H","Pto","yes",1,0,1,"0.65","0.32","-0.02"
"24","A","Cas","yes",1,0,0,"1.12","-0.17","-0.18"
"25","H","Cha","yes",1,0,0,"1.96","-1.04","-1.22"
"26","A","Bra","yes",0,-1,1,"0.31","0.67","-0.54"
"27","H","Fam","yes",0,-1,1,"1.52","-0.58","-1.12"
"28","A","Rio","yes",0,-3,0,"0.61","0.37","-0.75"
"29","H","Spo","yes",0,-4,0,"0.36","0.63","-0.13"
"30","A","Mor","no",NA,NA,NA,"0.41","0.57","0.45"
"31","H","Aro","no",NA,NA,NA,"1.18","-0.23","0.22"
"32","A","Boa","no",NA,NA,NA,"0.64","0.33","0.55"
"33","H","Far","no",NA,NA,NA,"1.77","-0.84","-0.29"
"34","A","Ama","no",NA,NA,NA,"0.68","0.29","-0.00"
