"","HA","vs","played","Pts","GD","GS","ePts","sched","cumulative"
"1","H","Cha","yes",3,2,2,"1.98","-1.02","-1.02"
"2","A","Est","yes",0,-2,0,"0.84","0.14","-0.87"
"3","H","Pto","yes",0,-1,1,"0.45","0.55","-0.33"
"4","A","Cas","yes",1,0,1,"1.30","-0.33","-0.65"
"5","H","Fam","yes",1,0,1,"1.61","-0.64","-1.29"
"6","A","Spo","yes",0,-2,0,"0.03","0.97","-0.32"
"7","H","Mor","yes",0,-4,0,"0.86","0.12","-0.20"
"8","A","Bra","yes",0,-1,1,"0.34","0.65","0.46"
"9","H","Far","yes",0,-1,3,"1.64","-0.67","-0.22"
"10","H","Boa","yes",3,2,2,"1.59","-0.62","-0.84"
"11","A","Gil","yes",1,0,1,"0.61","0.38","-0.46"
"12","H","Ama","yes",1,0,1,"1.74","-0.77","-1.23"
"13","A","Aro","yes",1,0,2,"0.77","0.22","-1.01"
"14","H","Viz","yes",1,0,1,"1.67","-0.70","-1.71"
"15","A","Gui","yes",0,-1,0,"0.30","0.69","-1.02"
"16","H","Pse","yes",3,2,2,"1.71","-0.74","-1.76"
"17","A","Ben","yes",0,-3,1,"0.10","0.89","-0.86"
"18","A","Cha","yes",1,0,0,"1.15","-0.17","-1.04"
"19","H","Est","yes",1,0,1,"1.97","-1.01","-2.05"
"20","A","Pto","yes",1,0,0,"0.18","0.81","-1.23"
"21","H","Cas","yes",3,1,1,"1.06","-0.08","-1.31"
"22","A","Fam","yes",0,-1,1,"0.82","0.17","-1.15"
"23","H","Spo","yes",1,0,3,"0.37","0.62","-0.53"
"24","A","Mor","yes",1,0,0,"0.48","0.51","-0.01"
"25","H","Bra","yes",1,0,0,"0.56","0.43","0.42"
"26","A","Far","yes",1,0,1,"0.85","0.13","0.55"
"27","A","Boa","no",NA,NA,NA,"0.75","0.23","0.78"
"28","H","Gil","no",NA,NA,NA,"1.96","-0.99","-0.22"
"29","A","Ama","no",NA,NA,NA,"0.78","0.20","-0.02"
"30","H","Aro","no",NA,NA,NA,"1.23","-0.25","-0.27"
"31","A","Viz","no",NA,NA,NA,"1.24","-0.26","-0.53"
"32","H","Gui","no",NA,NA,NA,"0.88","0.11","-0.42"
"33","A","Pse","no",NA,NA,NA,"1.16","-0.18","-0.60"
"34","H","Ben","no",NA,NA,NA,"0.39","0.60","-0.00"
