"","HA","vs","played","Pts","GD","GS","ePts","sched","cumulative"
"1","H","Viz","yes",3,1,3,"2.94","-0.14","-0.14"
"2","A","Cas","yes",3,1,2,"2.70","-0.05","-0.19"
"3","H","Fam","yes",3,1,1,"2.93","-0.14","-0.33"
"4","A","Bra","yes",1,0,1,"1.90","0.26","-0.06"
"5","H","Mor","yes",3,3,3,"2.86","-0.11","-0.17"
"6","H","Rio","yes",3,2,2,"2.95","-0.14","-0.32"
"7","A","Far","yes",3,1,3,"2.50","0.03","-0.29"
"8","H","Aro","yes",3,1,2,"2.91","-0.13","-0.42"
"9","A","Boa","yes",3,2,2,"2.44","0.05","-0.36"
"10","H","Ama","yes",3,1,3,"2.94","-0.14","-0.51"
"11","A","Ben","yes",0,-1,1,"0.91","0.64","0.14"
"12","H","Gil","yes",3,2,3,"2.95","-0.15","-0.01"
"13","A","Gui","yes",0,-1,2,"1.80","0.30","0.30"
"14","H","Pto","yes",3,2,2,"2.73","-0.06","0.24"
"15","A","Pse","yes",3,1,2,"2.65","-0.03","0.21"
"16","H","Est","yes",3,4,5,"2.95","-0.15","0.06"
"17","A","Cha","yes",3,3,3,"2.65","-0.03","0.03"
"18","A","Viz","yes",3,3,5,"2.68","-0.04","-0.00"
"19","H","Cas","yes",3,8,8,"2.89","-0.12","-0.13"
"20","H","Bra","yes",3,5,5,"2.78","-0.08","-0.21"
"21","A","Mor","yes",3,2,2,"2.15","0.16","-0.04"
"22","A","Rio","yes",1,0,3,"2.48","0.04","-0.00"
"23","H","Far","yes",3,1,3,"2.94","-0.14","-0.14"
"24","A","Aro","yes",3,3,3,"2.45","0.05","-0.09"
"25","H","Boa","yes",3,5,6,"2.93","-0.14","-0.23"
"26","A","Ama","no",NA,NA,NA,"2.46","0.04","-0.19"
"27","H","Ben","no",NA,NA,NA,"2.69","-0.05","-0.23"
"28","A","Gil","no",NA,NA,NA,"2.32","0.10","-0.13"
"29","H","Gui","no",NA,NA,NA,"2.86","-0.11","-0.24"
"30","A","Pto","no",NA,NA,NA,"1.38","0.46","0.22"
"31","H","Pse","no",NA,NA,NA,"2.94","-0.14","0.08"
"32","A","Est","no",NA,NA,NA,"2.50","0.03","0.11"
"33","H","Cha","no",NA,NA,NA,"2.95","-0.15","-0.04"
"34","A","Fam","no",NA,NA,NA,"2.48","0.04","-0.00"
