"","HA","vs","played","Pts","GD","ePts","sched","cumulative"
"1","A","Gil","yes",0,-3,"0.88","0.14","0.14"
"2","H","Pac","yes",3,3,"1.60","-0.56","-0.43"
"3","H","SCl","yes",3,2,"2.11","-1.06","-1.49"
"4","A","Viz","yes",1,0,"0.95","0.07","-1.41"
"5","H","Pse","yes",1,0,"0.66","0.35","-1.06"
"6","A","Ben","yes",0,-2,"0.44","0.57","-0.49"
"7","H","Est","yes",1,0,"0.84","0.18","-0.31"
"8","A","Bra","yes",1,0,"0.41","0.60","0.29"
"9","H","Bel","yes",1,0,"1.71","-0.67","-0.39"
"10","A","Pto","yes",0,-3,"0.20","0.80","0.42"
"11","H","Fam","yes",0,-3,"1.53","-0.49","-0.08"
"12","A","Aro","yes",0,-1,"0.59","0.42","0.35"
"13","H","Mar","yes",1,0,"1.67","-0.63","-0.29"
"14","A","Spo","yes",0,-2,"0.22","0.79","0.50"
"15","H","Mor","no",NA,NA,"1.70","-0.67","-0.17"
"16","A","Gui","no",NA,NA,"0.56","0.46","0.29"
"17","H","Ton","no",NA,NA,"1.77","-0.74","-0.44"
"18","H","Gil","no",NA,NA,"1.17","-0.14","-0.59"
"19","A","Pac","no",NA,NA,"1.10","-0.08","-0.67"
"20","A","SCl","no",NA,NA,"0.82","0.20","-0.47"
"21","H","Viz","no",NA,NA,"1.76","-0.72","-1.19"
"22","A","Pse","no",NA,NA,"1.04","-0.01","-1.20"
"23","H","Ben","no",NA,NA,"0.45","0.56","-0.64"
"24","A","Est","no",NA,NA,"0.79","0.23","-0.42"
"25","H","Bra","no",NA,NA,"1.00","0.02","-0.40"
"26","A","Bel","no",NA,NA,"1.19","-0.16","-0.56"
"27","H","Pto","no",NA,NA,"0.55","0.47","-0.10"
"28","A","Fam","no",NA,NA,"1.15","-0.12","-0.22"
"29","H","Aro","no",NA,NA,"1.88","-0.84","-1.07"
"30","A","Mar","no",NA,NA,"0.88","0.14","-0.93"
"31","H","Spo","no",NA,NA,"0.42","0.59","-0.34"
"32","A","Mor","no",NA,NA,"0.95","0.07","-0.27"
"33","H","Gui","no",NA,NA,"1.12","-0.09","-0.36"
"34","A","Ton","no",NA,NA,"0.65","0.36","-0.00"
