"","HA","vs","played","Pts","GD","GS","ePts","sched","cumulative"
"1","A","Cad","yes",0,-1,0,"1.07","0.01","0.01"
"2","H","Sev","yes",3,1,4,"1.73","-0.60","-0.60"
"3","A","Get","yes",0,-1,0,"0.45","0.58","-0.02"
"4","H","Val","yes",3,1,1,"1.48","-0.37","-0.39"
"5","A","Ray","yes",0,-2,0,"1.17","-0.09","-0.47"
"6","H","Bil","yes",0,-2,0,"1.04","0.04","-0.44"
"7","A","Cel","yes",1,0,1,"1.37","-0.27","-0.71"
"8","H","Osa","yes",0,-2,0,"1.29","-0.19","-0.90"
"9","H","Bet","yes",1,0,1,"1.46","-0.35","-1.25"
"10","A","Vil","yes",1,0,1,"1.02","0.05","-1.19"
"11","A","Atl","yes",0,-1,1,"0.14","0.87","-0.33"
"12","H","Alm","yes",3,1,1,"2.28","-1.11","-1.44"
"13","A","Bar","yes",0,-1,1,"0.30","0.72","-0.71"
"14","H","Gra","yes",3,2,3,"2.52","-1.34","-2.05"
"15","A","Mal","yes",1,0,0,"0.86","0.20","-1.85"
"16","H","Lpa","yes",0,-1,0,"1.29","-0.20","-2.05"
"17","A","Gir","yes",0,-3,0,"0.20","0.81","-1.24"
"18","H","RMa","yes",0,-1,0,"0.29","0.73","-0.51"
"19","A","RSo","yes",1,0,1,"0.70","0.35","-0.15"
"20","A","Sev","yes",3,1,3,"1.03","0.05","-0.10"
"21","H","Cad","yes",3,1,1,"2.12","-0.96","-1.07"
"22","A","Alm","yes",3,3,3,"1.80","-0.67","-1.74"
"23","H","Bar","yes",0,-2,1,"0.44","0.59","-1.15"
"24","H","Vil","yes",1,0,1,"1.05","0.03","-1.12"
"25","A","Bet","yes",1,0,0,"0.54","0.50","-0.62"
"26","H","Mal","yes",1,0,1,"1.91","-0.77","-1.39"
"27","A","Osa","yes",0,-1,0,"0.85","0.21","-1.18"
"28","H","Ray","yes",3,1,1,"1.37","-0.27","-1.45"
"29","A","Bil","yes",0,-2,0,"0.23","0.79","-0.66"
"30","H","RSo","no",NA,NA,NA,"0.95","0.12","-0.54"
"31","A","Gra","no",NA,NA,NA,"1.50","-0.39","-0.93"
"32","H","Atl","no",NA,NA,NA,"1.30","-0.21","-1.14"
"33","H","Cel","no",NA,NA,NA,"1.53","-0.42","-1.56"
"34","A","Val","no",NA,NA,NA,"0.45","0.59","-0.97"
"35","H","Gir","no",NA,NA,NA,"0.69","0.36","-0.61"
"36","A","RMa","no",NA,NA,NA,"0.12","0.88","0.27"
"37","H","Get","no",NA,NA,NA,"1.64","-0.52","-0.25"
"38","A","Lpa","no",NA,NA,NA,"0.81","0.25","-0.00"
