"","HA","vs","played","Pts","GD","GS","ePts","sched","cumulative"
"1","H","Ray","yes",0,-2,0,"0.51","-0.10","-0.10"
"2","H","RMa","yes",0,-2,1,"0.07","0.84","0.73"
"3","A","Cad","yes",1,0,1,"0.55","-0.20","0.54"
"4","H","Cel","yes",0,-1,2,"0.61","-0.33","0.20"
"5","A","Vil","yes",0,-1,1,"0.59","-0.27","-0.07"
"6","H","Val","yes",1,0,2,"0.43","0.06","-0.00"
"7","A","Sev","yes",0,-4,1,"0.53","-0.15","-0.15"
"8","H","Gra","yes",1,0,3,"1.66","-2.60","-2.74"
"9","A","Bil","yes",0,-3,0,"0.12","0.73","-2.01"
"10","A","Gir","yes",0,-3,2,"0.09","0.81","-1.20"
"11","H","Lpa","yes",0,-1,1,"0.47","-0.01","-1.22"
"12","A","Ala","yes",0,-1,0,"0.46","-0.01","-1.22"
"13","H","RSo","yes",0,-2,1,"0.26","0.43","-0.79"
"14","A","Get","yes",0,-1,1,"0.26","0.43","-0.36"
"15","H","Bet","yes",1,0,0,"0.54","-0.17","-0.53"
"16","A","Atl","yes",0,-1,1,"0.06","0.87","0.34"
"17","H","Mal","yes",1,0,0,"0.81","-0.76","-0.42"
"18","A","Bar","yes",0,-1,2,"0.13","0.72","0.30"
"19","A","Osa","yes",0,-1,0,"0.48","-0.03","0.26"
"20","H","Gir","yes",1,0,0,"0.21","0.55","0.82"
"21","A","RMa","yes",0,-1,2,"0.05","0.88","1.70"
"22","H","Ala","yes",0,-3,0,"0.80","-0.73","0.97"
"23","A","Val","yes",0,-1,1,"0.23","0.50","1.47"
"24","H","Bil","yes",1,0,0,"0.33","0.28","1.74"
"25","A","Gra","yes",1,0,1,"0.82","-0.77","0.97"
"26","H","Atl","yes",1,0,2,"0.39","0.16","1.13"
"27","A","Cel","yes",0,-1,0,"0.78","-0.70","0.43"
"28","H","Sev","yes",1,0,2,"0.50","-0.09","0.34"
"29","A","Lpa","yes",3,1,1,"0.46","0.01","0.35"
"30","H","Osa","yes",0,-3,0,"0.42","0.09","0.44"
"31","A","RSo","yes",1,0,2,"0.38","0.17","0.61"
"32","H","Vil","no",NA,NA,NA,"0.32","0.31","0.92"
"33","H","Get","no",NA,NA,NA,"0.66","-0.44","0.48"
"34","A","Ray","no",NA,NA,NA,"0.65","-0.41","0.07"
"35","A","Bet","no",NA,NA,NA,"0.24","0.47","0.54"
"36","H","Bar","no",NA,NA,NA,"0.12","0.75","1.28"
"37","A","Mal","no",NA,NA,NA,"0.44","0.04","1.32"
"38","H","Cad","no",NA,NA,NA,"1.07","-1.32","-0.00"
