"","HA","vs","played","Pts","GD","GS","ePts","sched","cumulative"
"1","H","Gra","yes",3,2,3,"2.93","-0.57","-0.57"
"2","A","Bet","yes",1,0,0,"0.89","0.52","-0.05"
"3","A","Ray","yes",3,7,7,"1.65","0.12","0.07"
"4","A","Val","yes",0,-3,0,"0.75","0.60","0.67"
"5","H","RMa","yes",3,2,3,"1.53","0.18","0.85"
"6","A","Osa","yes",3,2,2,"1.30","0.31","1.15"
"7","H","Cad","yes",3,1,3,"2.85","-0.52","0.63"
"8","H","RSo","yes",3,1,2,"2.44","-0.30","0.33"
"9","A","Cel","yes",3,3,3,"1.85","0.01","0.34"
"10","H","Ala","yes",3,1,2,"2.75","-0.47","-0.14"
"11","A","Lpa","yes",0,-1,1,"1.25","0.33","0.19"
"12","H","Vil","yes",3,2,3,"2.49","-0.33","-0.14"
"13","H","Mal","yes",3,1,1,"2.80","-0.50","-0.64"
"14","A","Bar","yes",0,-1,0,"0.52","0.72","0.08"
"15","H","Alm","yes",3,1,2,"2.88","-0.54","-0.46"
"16","A","Bil","yes",0,-2,0,"0.39","0.79","0.33"
"17","H","Get","yes",1,0,3,"2.73","-0.46","-0.13"
"18","H","Sev","yes",3,1,1,"2.75","-0.47","-0.60"
"19","A","Gir","yes",0,-1,3,"0.36","0.81","0.21"
"20","A","Gra","yes",3,1,1,"1.97","-0.06","0.15"
"21","H","Val","yes",3,2,2,"2.68","-0.43","-0.28"
"22","H","Ray","yes",3,1,2,"2.64","-0.41","-0.69"
"23","A","RMa","yes",1,0,1,"0.22","0.88","0.19"
"24","A","Sev","yes",0,-1,0,"1.50","0.20","0.39"
"25","H","Lpa","yes",3,5,5,"2.61","-0.40","-0.01"
"26","A","Alm","yes",1,0,2,"2.23","-0.19","-0.20"
"27","H","Bet","yes",3,1,2,"2.67","-0.43","-0.63"
"28","A","Cad","yes",0,-2,0,"1.50","0.19","-0.43"
"29","H","Bar","yes",0,-3,0,"1.89","-0.01","-0.44"
"30","A","Vil","no",NA,NA,NA,"1.49","0.20","-0.24"
"31","H","Gir","no",NA,NA,NA,"2.23","-0.19","-0.44"
"32","A","Ala","no",NA,NA,NA,"1.30","0.30","-0.14"
"33","H","Bil","no",NA,NA,NA,"2.49","-0.33","-0.47"
"34","A","Mal","no",NA,NA,NA,"1.31","0.30","-0.17"
"35","H","Cel","no",NA,NA,NA,"2.69","-0.44","-0.61"
"36","A","Get","no",NA,NA,NA,"0.76","0.59","-0.02"
"37","H","Osa","no",NA,NA,NA,"2.61","-0.39","-0.41"
"38","A","RSo","no",NA,NA,NA,"1.10","0.41","-0.00"
