"","HA","vs","played","Pts","GD","GS","ePts","sched","cumulative"
"1","H","RMa","yes",0,-2,0,"1.12","0.40","0.40"
"2","A","Osa","yes",3,2,2,"1.55","0.18","0.58"
"3","H","Bet","yes",3,2,4,"2.51","-0.33","0.25"
"4","A","Mal","yes",1,0,0,"1.57","0.17","0.41"
"5","H","Cad","yes",3,3,3,"2.77","-0.47","-0.06"
"6","A","Ala","yes",3,2,2,"1.63","0.13","0.08"
"7","H","Get","yes",1,0,2,"2.59","-0.37","-0.30"
"8","A","RSo","yes",0,-3,0,"1.35","0.28","-0.01"
"9","H","Alm","yes",3,3,3,"2.82","-0.50","-0.51"
"10","A","Bar","yes",0,-1,0,"0.64","0.66","0.15"
"11","H","Val","yes",1,0,2,"2.52","-0.34","-0.19"
"12","A","Vil","yes",3,1,3,"1.82","0.03","-0.15"
"13","H","Cel","yes",3,1,4,"2.54","-0.35","-0.50"
"14","A","Gir","yes",1,0,1,"0.45","0.76","0.26"
"15","H","Ray","yes",3,4,4,"2.48","-0.32","-0.06"
"16","A","Gra","yes",1,0,1,"2.18","-0.16","-0.22"
"17","H","Atl","yes",3,2,2,"2.34","-0.24","-0.46"
"18","H","Lpa","yes",3,1,1,"2.44","-0.30","-0.76"
"19","A","Sev","yes",3,2,2,"1.74","0.07","-0.68"
"20","H","RSo","yes",3,1,2,"2.09","-0.11","-0.80"
"21","A","Val","yes",0,-1,0,"1.05","0.44","-0.36"
"22","A","Cad","yes",1,0,0,"1.76","0.07","-0.29"
"23","H","Mal","yes",3,4,4,"2.67","-0.42","-0.71"
"24","A","Alm","yes",1,0,0,"2.43","-0.29","-1.00"
"25","H","Gir","yes",3,1,3,"1.89","-0.00","-1.01"
"26","A","Bet","yes",0,-2,1,"1.14","0.39","-0.61"
"27","H","Bar","yes",1,0,0,"1.50","0.20","-0.41"
"28","A","Lpa","yes",3,2,2,"1.52","0.19","-0.22"
"29","H","Ala","yes",3,2,2,"2.63","-0.40","-0.61"
"30","A","RMa","yes",0,-2,0,"0.27","0.86","0.25"
"31","H","Vil","no",NA,NA,NA,"2.25","-0.20","0.05"
"32","H","Gra","no",NA,NA,NA,"2.90","-0.54","-0.49"
"33","A","Atl","no",NA,NA,NA,"0.34","0.82","0.33"
"34","A","Get","no",NA,NA,NA,"1.15","0.39","0.72"
"35","H","Osa","no",NA,NA,NA,"2.38","-0.26","0.45"
"36","A","Cel","no",NA,NA,NA,"2.06","-0.10","0.36"
"37","H","Sev","no",NA,NA,NA,"2.54","-0.35","0.01"
"38","A","Ray","no",NA,NA,NA,"1.90","-0.01","-0.00"
