"","HA","vs","played","Pts","GD","GS","ePts","sched","cumulative"
"1","H","Bar","yes",1,0,0,"0.88","0.37","0.37"
"2","A","Gir","yes",0,-3,0,"0.23","0.83","1.21"
"3","H","Ala","yes",3,1,1,"2.28","-0.63","0.58"
"4","A","RMa","yes",0,-1,1,"0.14","0.90","1.47"
"5","H","Osa","yes",3,1,3,"1.93","-0.38","1.10"
"6","A","RSo","yes",0,-1,3,"0.78","0.44","1.54"
"7","A","Bil","yes",1,0,2,"0.26","0.82","2.36"
"8","H","Vil","yes",1,0,0,"1.69","-0.21","2.15"
"9","A","Cel","yes",1,0,2,"1.48","-0.06","2.09"
"10","H","Bet","yes",1,0,1,"2.07","-0.48","1.61"
"11","A","Mal","yes",1,0,0,"0.95","0.32","1.93"
"12","H","Cad","yes",3,1,1,"2.54","-0.81","1.12"
"13","A","Gra","yes",1,0,1,"1.61","-0.15","0.97"
"14","H","Alm","yes",3,1,2,"2.63","-0.88","0.09"
"15","A","Lpa","yes",0,-2,0,"0.90","0.35","0.44"
"16","H","Val","yes",3,1,1,"2.09","-0.49","-0.05"
"17","A","Sev","yes",3,3,3,"1.13","0.19","0.14"
"18","A","Atl","yes",1,0,3,"0.16","0.88","1.03"
"19","H","Ray","yes",0,-2,0,"2.00","-0.43","0.60"
"20","A","Osa","yes",0,-1,2,"0.94","0.33","0.92"
"21","H","Gra","yes",3,2,2,"2.77","-0.98","-0.05"
"22","H","RMa","yes",0,-2,0,"0.61","0.57","0.51"
"23","A","Bet","yes",1,0,1,"0.61","0.56","1.08"
"24","H","Cel","yes",3,1,3,"2.13","-0.52","0.55"
"25","A","Vil","yes",1,0,1,"1.12","0.20","0.75"
"26","A","Bar","yes",0,-4,0,"0.34","0.76","1.51"
"27","H","Lpa","yes",1,0,3,"1.93","-0.38","1.13"
"28","A","Val","yes",0,-1,0,"0.50","0.64","1.77"
"29","H","Gir","yes",3,1,1,"1.26","0.10","1.86"
"30","H","Sev","no",NA,NA,NA,"2.28","-0.63","1.23"
"31","A","Ray","no",NA,NA,NA,"1.28","0.09","1.32"
"32","H","RSo","no",NA,NA,NA,"1.58","-0.13","1.19"
"33","A","Alm","no",NA,NA,NA,"1.91","-0.36","0.83"
"34","H","Bil","no",NA,NA,NA,"1.68","-0.20","0.62"
"35","A","Cad","no",NA,NA,NA,"1.18","0.16","0.78"
"36","H","Atl","no",NA,NA,NA,"1.94","-0.39","0.40"
"37","A","Ala","no",NA,NA,NA,"0.95","0.32","0.72"
"38","H","Mal","no",NA,NA,NA,"2.41","-0.72","0.00"
