"","HA","vs","played","Pts","GD","GS","ePts","sched","cumulative"
"1","A","Lpa","yes",1,0,1,"0.66","0.35","0.35"
"2","H","Vil","yes",0,-1,0,"1.04","-0.03","0.31"
"3","A","Gra","yes",0,-1,2,"1.30","-0.29","0.02"
"4","H","Bil","yes",1,0,0,"1.03","-0.03","-0.00"
"5","A","Cel","yes",3,1,1,"1.17","-0.16","-0.16"
"6","A","Gir","yes",0,-2,3,"0.16","0.84","0.68"
"7","H","Bar","yes",1,0,2,"0.44","0.56","1.24"
"8","A","Ray","yes",1,0,2,"0.98","0.03","1.27"
"9","H","Val","yes",1,0,1,"1.47","-0.46","0.81"
"10","A","RSo","yes",0,-1,0,"0.56","0.45","1.25"
"11","H","Get","yes",1,0,0,"1.63","-0.62","0.63"
"12","A","Bet","yes",0,-2,0,"0.43","0.57","1.20"
"13","A","Atl","yes",0,-1,0,"0.11","0.89","2.09"
"14","H","Cad","yes",1,0,1,"2.11","-1.10","0.99"
"15","H","Ala","yes",1,0,0,"1.73","-0.72","0.27"
"16","H","Sev","yes",3,1,1,"1.72","-0.71","-0.44"
"17","A","Alm","yes",1,0,0,"1.60","-0.59","-1.03"
"18","H","Osa","yes",3,1,3,"1.28","-0.27","-1.30"
"19","A","RMa","yes",0,-1,0,"0.10","0.90","-0.40"
"20","H","Cel","yes",1,0,1,"1.53","-0.52","-0.92"
"21","A","Vil","yes",1,0,1,"0.84","0.16","-0.75"
"22","H","Bet","yes",0,-1,0,"1.45","-0.44","-1.19"
"23","A","Bil","yes",0,-4,0,"0.18","0.82","-0.37"
"24","H","Ray","yes",3,1,2,"1.36","-0.35","-0.72"
"25","H","RSo","yes",0,-1,1,"0.94","0.06","-0.66"
"26","A","Ala","yes",1,0,1,"0.70","0.31","-0.35"
"27","H","Gir","yes",3,1,1,"0.69","0.32","-0.04"
"28","A","Bar","yes",0,-1,0,"0.24","0.77","0.73"
"29","H","Gra","yes",3,1,1,"2.56","-1.54","-0.81"
"30","A","Val","no",NA,NA,NA,"0.35","0.65","-0.16"
"31","H","RMa","no",NA,NA,NA,"0.29","0.71","0.55"
"32","A","Sev","no",NA,NA,NA,"0.84","0.16","0.71"
"33","A","Cad","no",NA,NA,NA,"0.85","0.16","0.87"
"34","H","Atl","no",NA,NA,NA,"1.30","-0.29","0.58"
"35","H","Lpa","no",NA,NA,NA,"1.29","-0.28","0.30"
"36","A","Osa","no",NA,NA,NA,"0.69","0.31","0.61"
"37","H","Alm","no",NA,NA,NA,"2.27","-1.26","-0.65"
"38","A","Get","no",NA,NA,NA,"0.36","0.65","-0.00"
