"","HA","vs","played","Pts","GD","GS","ePts","sched","cumulative"
"1","A","Cel","yes",3,2,2,"1.89","-0.46","-0.46"
"2","H","Bil","yes",0,-2,0,"1.05","0.19","-0.27"
"3","A","Val","yes",3,1,2,"0.88","0.32","0.05"
"4","H","Bar","yes",0,-1,1,"0.45","0.65","0.70"
"5","A","Get","yes",0,-1,2,"0.95","0.27","0.97"
"6","H","Sev","yes",1,0,0,"1.56","-0.20","0.77"
"7","H","Atl","yes",0,-2,0,"1.32","-0.01","0.75"
"8","A","Ala","yes",3,2,2,"1.36","-0.04","0.71"
"9","A","RMa","yes",0,-4,0,"0.23","0.82","1.53"
"10","H","Gra","yes",3,2,2,"2.57","-0.98","0.55"
"11","A","Bet","yes",0,-1,1,"0.95","0.27","0.82"
"12","H","Gir","yes",0,-2,2,"0.71","0.46","1.28"
"13","H","Lpa","yes",1,0,1,"1.36","-0.05","1.23"
"14","A","Vil","yes",0,-2,1,"1.56","-0.20","1.03"
"15","H","RSo","yes",1,0,1,"0.96","0.26","1.29"
"16","A","Cad","yes",1,0,1,"1.56","-0.20","1.09"
"17","H","Ray","yes",3,1,1,"1.39","-0.07","1.02"
"18","A","Mal","yes",0,-1,2,"1.35","-0.04","0.98"
"19","H","Alm","yes",3,1,1,"2.30","-0.77","0.21"
"20","H","Get","yes",3,1,3,"1.66","-0.28","-0.07"
"21","A","Sev","yes",1,0,1,"1.54","-0.19","-0.26"
"22","A","Bar","yes",0,-1,0,"0.51","0.61","0.34"
"23","H","Cel","yes",0,-3,0,"1.56","-0.20","0.15"
"24","A","RSo","yes",3,1,1,"1.15","0.12","0.26"
"25","H","Cad","yes",3,2,2,"2.13","-0.64","-0.38"
"26","A","Lpa","yes",1,0,1,"1.32","-0.02","-0.40"
"27","H","Ala","yes",3,1,1,"1.75","-0.35","-0.75"
"28","A","Gir","yes",0,-2,0,"0.38","0.71","-0.04"
"29","H","RMa","yes",0,-2,2,"0.30","0.77","0.73"
"30","A","Alm","yes",3,3,3,"2.30","-0.77","-0.03"
"31","H","Val","no",NA,NA,NA,"1.51","-0.16","-0.20"
"32","A","Ray","no",NA,NA,NA,"1.70","-0.31","-0.51"
"33","A","Gra","no",NA,NA,NA,"2.02","-0.55","-1.06"
"34","H","Bet","no",NA,NA,NA,"1.47","-0.14","-1.20"
"35","A","Bil","no",NA,NA,NA,"0.43","0.67","-0.53"
"36","H","Mal","no",NA,NA,NA,"1.87","-0.44","-0.97"
"37","A","Atl","no",NA,NA,NA,"0.27","0.79","-0.18"
"38","H","Vil","no",NA,NA,NA,"1.07","0.18","-0.00"
