"","HA","vs","played","Pts","GD","GS","ePts","sched","cumulative"
"1","A","Alm","yes",3,2,2,"2.17","-1.03","-1.03"
"2","A","Gra","yes",3,2,2,"1.90","-0.78","-1.82"
"3","H","Atl","yes",0,-7,0,"0.94","0.12","-1.70"
"4","A","Bet","yes",0,-1,0,"0.83","0.22","-1.48"
"5","H","Ala","yes",3,2,2,"1.35","-0.27","-1.74"
"6","H","Vil","yes",1,0,1,"0.72","0.32","-1.42"
"7","A","Cad","yes",1,0,0,"1.47","-0.38","-1.80"
"8","H","Mal","yes",1,0,2,"1.54","-0.44","-2.25"
"9","A","Sev","yes",1,0,2,"1.42","-0.33","-2.58"
"10","A","Lpa","yes",3,1,1,"1.18","-0.10","-2.69"
"11","H","RSo","yes",1,0,2,"0.65","0.39","-2.29"
"12","A","RMa","yes",1,0,0,"0.20","0.81","-1.48"
"13","H","Gir","yes",0,-1,1,"0.46","0.57","-0.91"
"14","H","Bar","yes",1,0,1,"0.28","0.73","-0.17"
"15","A","Bil","yes",0,-4,0,"0.36","0.66","0.49"
"16","H","Cel","yes",1,0,0,"1.15","-0.08","0.41"
"17","A","Osa","yes",0,-1,0,"1.22","-0.15","0.26"
"18","H","Val","yes",0,-1,0,"1.10","-0.03","0.23"
"19","A","Get","yes",3,2,2,"0.70","0.34","0.57"
"20","H","Lpa","yes",0,-2,0,"0.93","0.12","0.69"
"21","A","RSo","yes",1,0,0,"1.03","0.03","0.73"
"22","A","Atl","yes",0,-1,1,"0.23","0.78","1.51"
"23","H","Sev","yes",0,-1,1,"1.35","-0.26","1.25"
"24","A","Mal","yes",0,-1,1,"1.23","-0.15","1.09"
"25","H","RMa","yes",1,0,1,"0.19","0.83","1.92"
"26","A","Gir","yes",0,-3,0,"0.33","0.69","2.61"
"27","H","Cad","yes",1,0,1,"1.77","-0.66","1.95"
"28","A","Ala","yes",0,-1,0,"1.23","-0.15","1.79"
"29","H","Bet","yes",3,2,2,"1.08","-0.01","1.78"
"30","A","Cel","no",NA,NA,NA,"1.77","-0.67","1.12"
"31","H","Get","no",NA,NA,NA,"1.25","-0.17","0.94"
"32","H","Osa","no",NA,NA,NA,"0.92","0.13","1.07"
"33","A","Vil","no",NA,NA,NA,"1.41","-0.33","0.75"
"34","H","Alm","no",NA,NA,NA,"1.96","-0.84","-0.09"
"35","A","Val","no",NA,NA,NA,"0.69","0.35","0.26"
"36","H","Gra","no",NA,NA,NA,"2.27","-1.13","-0.88"
"37","A","Bar","no",NA,NA,NA,"0.48","0.55","-0.33"
"38","H","Bil","no",NA,NA,NA,"0.72","0.33","0.00"
