"","HA","vs","played","Pts","GD","GS","ePts","sched","cumulative"
"1","H","Gir","yes",1,0,1,"0.88","0.43","0.43"
"2","H","Cel","yes",1,0,1,"1.78","-0.15","0.28"
"3","A","Lpa","yes",1,0,0,"1.66","-0.07","0.20"
"4","H","Gra","yes",3,2,5,"2.67","-0.73","-0.52"
"5","A","RMa","yes",0,-1,1,"0.34","0.78","0.25"
"6","H","Get","yes",3,1,4,"1.88","-0.22","0.04"
"7","A","Val","yes",3,1,1,"1.19","0.23","0.27"
"8","H","Bil","yes",3,3,3,"1.27","0.18","0.44"
"9","A","Atl","yes",0,-1,1,"0.40","0.74","1.19"
"10","H","Mal","yes",3,1,1,"2.07","-0.34","0.85"
"11","A","Ray","yes",1,0,2,"2.02","-0.31","0.54"
"12","H","Bar","yes",0,-1,0,"0.58","0.62","1.16"
"13","A","Alm","yes",3,2,3,"2.50","-0.62","0.54"
"14","H","Sev","yes",3,1,2,"1.78","-0.15","0.39"
"15","A","Osa","yes",1,0,1,"1.69","-0.09","0.29"
"16","A","Vil","yes",3,3,3,"1.89","-0.22","0.07"
"17","H","Bet","yes",1,0,0,"1.70","-0.10","-0.03"
"18","A","Cad","yes",1,0,0,"1.88","-0.22","-0.25"
"19","H","Ala","yes",1,0,1,"1.96","-0.27","-0.52"
"20","A","Bil","yes",0,-1,1,"0.62","0.60","0.08"
"21","A","Cel","yes",3,1,1,"2.18","-0.41","-0.33"
"22","H","Ray","yes",1,0,0,"1.61","-0.04","-0.37"
"23","A","Gir","yes",1,0,0,"0.55","0.64","0.27"
"24","H","Osa","yes",0,-1,0,"1.48","0.04","0.31"
"25","A","Mal","yes",3,1,2,"1.69","-0.10","0.21"
"26","H","Vil","yes",0,-2,1,"1.29","0.17","0.38"
"27","A","Sev","yes",0,-1,2,"1.87","-0.21","0.16"
"28","A","Gra","yes",3,1,3,"2.28","-0.48","-0.31"
"29","H","Cad","yes",3,2,2,"2.30","-0.49","-0.80"
"30","A","Ala","no",NA,NA,NA,"1.69","-0.10","-0.90"
"31","H","Alm","no",NA,NA,NA,"2.44","-0.58","-1.48"
"32","A","Get","no",NA,NA,NA,"1.27","0.18","-1.30"
"33","H","RMa","no",NA,NA,NA,"0.39","0.75","-0.55"
"34","H","Lpa","no",NA,NA,NA,"1.59","-0.03","-0.58"
"35","A","Bar","no",NA,NA,NA,"0.74","0.52","-0.06"
"36","H","Val","no",NA,NA,NA,"1.73","-0.12","-0.18"
"37","A","Bet","no",NA,NA,NA,"1.27","0.18","-0.00"
"38","H","Atl","no",NA,NA,NA,"1.54","0.00","0.00"
