"","HA","vs","played","Pts","GD","GS","ePts","sched","cumulative"
"1","H","Val","yes",0,-1,1,"1.27","-0.28","-0.28"
"2","A","Ala","yes",0,-1,3,"0.86","0.13","-0.16"
"3","H","Gir","yes",0,-1,1,"0.55","0.44","0.28"
"4","H","Lpa","yes",3,1,1,"1.09","-0.10","0.18"
"5","A","Osa","yes",1,0,0,"0.85","0.13","0.31"
"6","H","Alm","yes",3,4,5,"2.11","-1.14","-0.83"
"7","A","Bar","yes",0,-1,0,"0.30","0.69","-0.14"
"8","H","Ray","yes",1,0,2,"1.16","-0.17","-0.31"
"9","H","RMa","yes",1,0,1,"0.23","0.77","0.46"
"10","A","Cad","yes",1,0,2,"1.08","-0.09","0.37"
"11","A","Cel","yes",1,0,1,"1.37","-0.39","-0.02"
"12","H","Bet","yes",1,0,1,"1.24","-0.26","-0.28"
"13","A","RSo","yes",0,-1,1,"0.70","0.29","0.01"
"14","H","Vil","yes",1,0,1,"0.86","0.13","0.14"
"15","A","Mal","yes",0,-1,0,"0.86","0.13","0.26"
"16","H","Get","yes",0,-3,0,"1.42","-0.44","-0.18"
"17","A","Gra","yes",3,3,3,"1.51","-0.53","-0.71"
"18","A","Atl","yes",0,-1,0,"0.14","0.85","0.14"
"19","H","Bil","yes",0,-2,0,"0.85","0.14","0.28"
"20","H","Ala","yes",0,-1,2,"1.52","-0.54","-0.27"
"21","A","Gir","yes",0,-4,1,"0.21","0.79","0.52"
"22","H","Osa","yes",1,0,1,"1.08","-0.09","0.43"
"23","A","Ray","yes",3,1,2,"1.18","-0.19","0.24"
"24","H","Atl","yes",3,1,1,"1.09","-0.11","0.13"
"25","A","Val","yes",1,0,0,"0.45","0.55","0.67"
"26","A","RMa","yes",0,-1,0,"0.13","0.87","1.55"
"27","H","RSo","yes",3,1,3,"0.77","0.22","1.76"
"28","A","Alm","yes",1,0,2,"1.81","-0.83","0.93"
"29","H","Cel","yes",0,-1,1,"1.32","-0.34","0.59"
"30","A","Get","no",NA,NA,NA,"0.45","0.54","1.13"
"31","A","Lpa","no",NA,NA,NA,"0.82","0.17","1.30"
"32","H","Mal","no",NA,NA,NA,"1.71","-0.73","0.57"
"33","A","Bet","no",NA,NA,NA,"0.55","0.45","1.01"
"34","H","Gra","no",NA,NA,NA,"2.40","-1.43","-0.42"
"35","A","Vil","no",NA,NA,NA,"1.02","-0.04","-0.46"
"36","H","Cad","no",NA,NA,NA,"1.93","-0.96","-1.42"
"37","A","Bil","no",NA,NA,NA,"0.23","0.77","-0.65"
"38","H","Bar","no",NA,NA,NA,"0.35","0.65","-0.00"
