"","HA","vs","played","Pts","GD","GS","ePts","sched","cumulative"
"1","A","Sev","yes",3,1,2,"1.30","0.12","0.12"
"2","H","Lpa","yes",3,1,1,"1.95","-0.32","-0.20"
"3","H","Osa","yes",0,-1,1,"1.93","-0.31","-0.52"
"4","A","Ala","yes",0,-1,0,"1.11","0.24","-0.27"
"5","H","Atl","yes",3,3,3,"1.95","-0.32","-0.60"
"6","A","Alm","yes",1,0,2,"2.07","-0.41","-1.00"
"7","H","RSo","yes",0,-1,0,"1.59","-0.08","-1.09"
"8","A","Bet","yes",0,-3,0,"0.73","0.50","-0.58"
"9","A","Mal","yes",1,0,1,"1.12","0.24","-0.34"
"10","H","Cad","yes",3,2,2,"2.54","-0.73","-1.07"
"11","A","Bil","yes",1,0,2,"0.32","0.79","-0.28"
"12","H","Gra","yes",3,1,1,"2.79","-0.90","-1.18"
"13","A","RMa","yes",0,-4,1,"0.17","0.88","-0.30"
"14","H","Cel","yes",1,0,0,"2.14","-0.45","-0.75"
"15","A","Gir","yes",0,-1,1,"0.28","0.81","0.06"
"16","A","Get","yes",0,-1,0,"0.62","0.58","0.64"
"17","H","Bar","yes",1,0,1,"0.89","0.40","1.03"
"18","A","Ray","yes",3,1,1,"1.46","0.01","1.04"
"19","H","Vil","yes",3,2,3,"1.70","-0.16","0.89"
"20","A","Cad","yes",3,3,4,"1.31","0.11","1.00"
"21","H","Bil","yes",3,1,1,"1.69","-0.15","0.85"
"22","A","Atl","yes",0,-2,0,"0.20","0.86","1.71"
"23","H","Alm","yes",3,1,2,"2.64","-0.79","0.92"
"24","A","Lpa","yes",0,-2,0,"1.06","0.28","1.20"
"25","H","Sev","yes",1,0,0,"2.29","-0.55","0.65"
"26","H","RMa","yes",1,0,2,"0.61","0.58","1.23"
"27","H","Get","yes",3,1,1,"2.22","-0.51","0.72"
"28","A","Vil","yes",0,-1,0,"1.30","0.12","0.84"
"29","H","Mal","no",NA,NA,NA,"2.41","-0.64","0.20"
"30","A","Gra","no",NA,NA,NA,"1.79","-0.22","-0.01"
"31","A","Osa","no",NA,NA,NA,"1.11","0.25","0.23"
"32","H","Bet","no",NA,NA,NA,"2.08","-0.41","-0.18"
"33","A","Bar","no",NA,NA,NA,"0.42","0.72","0.54"
"34","H","Ala","no",NA,NA,NA,"2.29","-0.56","-0.02"
"35","H","Ray","no",NA,NA,NA,"2.01","-0.36","-0.38"
"36","A","RSo","no",NA,NA,NA,"0.92","0.37","-0.01"
"37","H","Gir","no",NA,NA,NA,"1.28","0.13","0.13"
"38","A","Cel","no",NA,NA,NA,"1.66","-0.13","-0.00"
