"","HA","vs","played","Pts","GD","GS","ePts","sched","cumulative"
"1","H","Bet","yes",0,-1,1,"1.27","0.01","0.01"
"2","A","Mal","yes",3,1,1,"1.57","-0.22","-0.20"
"3","H","Bar","yes",0,-1,3,"0.35","0.73","0.52"
"4","A","Cad","yes",0,-2,1,"1.76","-0.37","0.15"
"5","H","Alm","yes",3,1,2,"2.13","-0.65","-0.50"
"6","A","Ray","yes",1,0,1,"1.91","-0.48","-0.98"
"7","H","Gir","yes",0,-1,1,"0.55","0.57","-0.41"
"8","A","Get","yes",1,0,0,"1.15","0.11","-0.30"
"9","H","Lpa","yes",0,-1,1,"1.14","0.11","-0.19"
"10","H","Ala","yes",1,0,1,"1.53","-0.19","-0.38"
"11","A","Gra","yes",3,1,3,"2.19","-0.70","-1.08"
"12","H","Bil","yes",0,-1,2,"0.87","0.32","-0.76"
"13","A","Atl","yes",0,-2,1,"0.34","0.74","-0.02"
"14","H","Osa","yes",3,2,3,"1.04","0.19","0.16"
"15","A","Sev","yes",1,0,1,"1.75","-0.36","-0.20"
"16","H","RSo","yes",0,-3,0,"0.71","0.45","0.25"
"17","A","RMa","yes",0,-3,1,"0.27","0.79","1.05"
"18","H","Cel","yes",3,1,3,"1.33","-0.03","1.02"
"19","A","Val","yes",0,-2,1,"1.06","0.18","1.19"
"20","A","Lpa","yes",0,-3,0,"1.53","-0.19","1.00"
"21","H","Mal","yes",1,0,1,"1.66","-0.29","0.71"
"22","A","Bar","yes",3,2,5,"0.64","0.50","1.21"
"23","H","Cad","yes",1,0,0,"1.94","-0.51","0.71"
"24","A","Ala","yes",1,0,1,"1.63","-0.27","0.44"
"25","H","Get","yes",1,0,1,"1.43","-0.11","0.32"
"26","A","RSo","yes",3,2,3,"1.35","-0.05","0.27"
"27","H","Gra","yes",3,4,5,"2.45","-0.90","-0.63"
"28","A","Bet","yes",3,1,3,"1.15","0.11","-0.52"
"29","H","Val","yes",3,1,1,"1.29","0.00","-0.52"
"30","H","Atl","no",NA,NA,NA,"1.09","0.15","-0.37"
"31","A","Bil","no",NA,NA,NA,"0.54","0.58","0.21"
"32","A","Alm","no",NA,NA,NA,"2.43","-0.89","-0.67"
"33","H","Ray","no",NA,NA,NA,"1.21","0.06","-0.62"
"34","A","Cel","no",NA,NA,NA,"2.07","-0.61","-1.22"
"35","H","Sev","no",NA,NA,NA,"1.34","-0.04","-1.26"
"36","A","Gir","no",NA,NA,NA,"0.45","0.65","-0.61"
"37","H","RMa","no",NA,NA,NA,"0.23","0.82","0.21"
"38","A","Osa","no",NA,NA,NA,"1.56","-0.21","-0.00"
