"","HA","vs","played","Pts","GD","GS","ePts","sched","cumulative"
"1","H","RMa","yes",0,-1,1,"0.70","0.36","0.36"
"2","A","Elc","yes",1,0,1,"1.23","-0.12","0.25"
"3","H","Sev","yes",3,1,2,"1.82","-0.65","-0.40"
"4","A","Vdd","yes",0,-1,0,"0.45","0.60","0.19"
"5","H","Osa","yes",0,-1,0,"1.47","-0.33","-0.14"
"6","A","Mal","yes",0,-1,0,"0.78","0.30","0.16"
"7","A","Bil","yes",0,-4,0,"0.34","0.69","0.85"
"8","H","Ray","yes",3,2,3,"1.72","-0.56","0.29"
"9","A","Bet","yes",0,-2,1,"0.24","0.78","1.07"
"10","H","Gir","yes",3,1,3,"2.27","-1.05","0.02"
"11","A","Vil","yes",0,-1,1,"0.36","0.67","0.69"
"12","H","Cel","yes",3,2,3,"2.17","-0.96","-0.28"
"13","A","Bar","yes",0,-2,0,"0.14","0.88","0.60"
"14","H","Get","no",NA,NA,NA,"1.81","-0.64","-0.04"
"15","A","Cad","no",NA,NA,NA,"0.64","0.42","0.38"
"16","H","RSo","no",NA,NA,NA,"1.42","-0.28","0.10"
"17","H","Atl","no",NA,NA,NA,"1.02","0.07","0.17"
"18","A","Val","no",NA,NA,NA,"0.48","0.57","0.74"
"19","H","Esp","no",NA,NA,NA,"2.02","-0.83","-0.09"
"20","A","Ray","no",NA,NA,NA,"0.25","0.78","0.69"
"21","H","Bet","no",NA,NA,NA,"1.62","-0.47","0.23"
"22","A","Gir","no",NA,NA,NA,"0.49","0.55","0.78"
"23","H","Bar","no",NA,NA,NA,"0.69","0.37","1.15"
"24","H","Vil","no",NA,NA,NA,"1.83","-0.65","0.50"
"25","A","Sev","no",NA,NA,NA,"0.86","0.22","0.72"
"26","H","Cad","no",NA,NA,NA,"2.05","-0.85","-0.13"
"27","A","Cel","no",NA,NA,NA,"0.56","0.49","0.36"
"28","H","Val","no",NA,NA,NA,"1.91","-0.73","-0.37"
"29","A","Atl","no",NA,NA,NA,"0.47","0.58","0.21"
"30","H","Bil","no",NA,NA,NA,"1.84","-0.66","-0.46"
"31","A","Get","no",NA,NA,NA,"0.66","0.40","-0.06"
"32","A","RMa","no",NA,NA,NA,"0.14","0.87","0.81"
"33","H","Elc","no",NA,NA,NA,"2.45","-1.21","-0.40"
"34","A","Osa","no",NA,NA,NA,"0.28","0.74","0.35"
"35","H","Mal","no",NA,NA,NA,"1.49","-0.35","0.00"
"36","A","RSo","no",NA,NA,NA,"0.32","0.71","0.71"
"37","H","Vdd","no",NA,NA,NA,"2.18","-0.97","-0.26"
"38","A","Esp","no",NA,NA,NA,"0.82","0.26","-0.00"
