"","HA","vs","played","Pts","GD","GS","ePts","sched","cumulative"
"1","A","Get","yes",3,3,3,"2.33","-0.35","-0.35"
"2","H","Vil","yes",0,-2,0,"1.48","0.14","-0.21"
"3","A","Val","yes",3,1,1,"2.08","-0.21","-0.42"
"4","A","RSo","yes",1,0,1,"1.78","-0.03","-0.45"
"5","H","Cel","yes",3,3,4,"1.88","-0.09","-0.54"
"6","H","RMa","yes",0,-1,1,"0.49","0.72","0.17"
"7","A","Sev","yes",3,2,2,"2.48","-0.44","-0.26"
"8","H","Gir","yes",3,1,2,"1.86","-0.08","-0.34"
"9","A","Bil","yes",3,1,1,"1.76","-0.02","-0.36"
"10","H","Ray","yes",1,0,1,"1.38","0.20","-0.16"
"11","A","Bet","yes",3,1,2,"1.54","0.11","-0.06"
"12","A","Cad","yes",0,-1,2,"2.30","-0.33","-0.39"
"13","H","Esp","yes",1,0,1,"1.71","0.01","-0.38"
"14","A","Mal","no",NA,NA,NA,"2.40","-0.39","-0.77"
"15","H","Elc","no",NA,NA,NA,"2.26","-0.31","-1.09"
"16","H","Bar","no",NA,NA,NA,"0.40","0.77","-0.32"
"17","A","Alm","no",NA,NA,NA,"1.76","-0.02","-0.34"
"18","H","Vdd","no",NA,NA,NA,"1.97","-0.14","-0.48"
"19","A","Osa","no",NA,NA,NA,"1.76","-0.02","-0.50"
"20","H","Get","no",NA,NA,NA,"1.50","0.13","-0.37"
"21","A","Cel","no",NA,NA,NA,"2.21","-0.28","-0.66"
"22","H","Bil","no",NA,NA,NA,"1.51","0.13","-0.53"
"23","A","RMa","no",NA,NA,NA,"1.05","0.39","-0.14"
"24","H","Sev","no",NA,NA,NA,"1.49","0.13","-0.01"
"25","A","Gir","no",NA,NA,NA,"2.12","-0.23","-0.24"
"26","H","Val","no",NA,NA,NA,"1.58","0.08","-0.16"
"27","H","Bet","no",NA,NA,NA,"1.27","0.26","0.10"
"28","A","Ray","no",NA,NA,NA,"1.56","0.09","0.19"
"29","H","Alm","no",NA,NA,NA,"2.31","-0.34","-0.14"
"30","A","Bar","no",NA,NA,NA,"1.03","0.40","0.26"
"31","H","Mal","no",NA,NA,NA,"1.14","0.34","0.60"
"32","A","Vdd","no",NA,NA,NA,"2.06","-0.20","0.40"
"33","H","Cad","no",NA,NA,NA,"1.75","-0.01","0.38"
"34","A","Elc","no",NA,NA,NA,"2.70","-0.57","-0.18"
"35","H","Osa","no",NA,NA,NA,"1.14","0.34","0.16"
"36","A","Esp","no",NA,NA,NA,"2.46","-0.42","-0.27"
"37","H","RSo","no",NA,NA,NA,"1.09","0.37","0.10"
"38","A","Vil","no",NA,NA,NA,"1.90","-0.10","-0.00"
