"","HA","vs","played","Pts","GD","GS","ePts","sched","cumulative"
"1","H","Ray","yes",1,0,0,"2.35","-0.01","-0.01"
"2","A","RSo","yes",3,3,4,"2.14","0.08","0.08"
"3","H","Vdd","yes",3,4,4,"2.61","-0.12","-0.04"
"4","A","Sev","yes",3,3,3,"2.65","-0.14","-0.18"
"5","A","Cad","yes",3,4,4,"2.53","-0.08","-0.26"
"6","H","Elc","yes",3,3,3,"2.75","-0.18","-0.44"
"7","A","Mal","yes",3,1,1,"2.61","-0.12","-0.56"
"8","H","Cel","yes",3,1,1,"2.61","-0.12","-0.68"
"9","A","RMa","yes",0,-2,1,"1.48","0.36","-0.31"
"10","H","Vil","yes",3,3,3,"2.41","-0.03","-0.35"
"11","H","Bil","yes",3,4,4,"2.42","-0.04","-0.39"
"12","A","Val","yes",3,1,1,"2.38","-0.02","-0.41"
"13","H","Alm","yes",3,2,2,"2.77","-0.19","-0.59"
"14","A","Osa","no",NA,NA,NA,"2.05","0.12","-0.47"
"15","H","Esp","no",NA,NA,NA,"2.53","-0.08","-0.56"
"16","A","Atl","no",NA,NA,NA,"2.37","-0.02","-0.57"
"17","A","Bet","no",NA,NA,NA,"1.94","0.17","-0.40"
"18","H","Get","no",NA,NA,NA,"2.41","-0.03","-0.44"
"19","A","Gir","no",NA,NA,NA,"2.40","-0.03","-0.46"
"20","H","Sev","no",NA,NA,NA,"2.41","-0.03","-0.50"
"21","A","Vil","no",NA,NA,NA,"2.22","0.05","-0.45"
"22","H","Cad","no",NA,NA,NA,"2.54","-0.09","-0.54"
"23","A","Alm","no",NA,NA,NA,"2.13","0.09","-0.46"
"24","H","Val","no",NA,NA,NA,"2.47","-0.06","-0.51"
"25","A","Bil","no",NA,NA,NA,"2.19","0.06","-0.45"
"26","H","RMa","no",NA,NA,NA,"1.39","0.41","-0.04"
"27","A","Elc","no",NA,NA,NA,"2.77","-0.19","-0.23"
"28","H","Gir","no",NA,NA,NA,"2.66","-0.14","-0.37"
"29","A","Get","no",NA,NA,NA,"2.54","-0.09","-0.46"
"30","H","Atl","no",NA,NA,NA,"1.77","0.24","-0.22"
"31","A","Ray","no",NA,NA,NA,"1.94","0.17","-0.05"
"32","H","Bet","no",NA,NA,NA,"2.28","0.02","-0.03"
"33","H","Osa","no",NA,NA,NA,"2.17","0.07","0.04"
"34","A","Esp","no",NA,NA,NA,"2.63","-0.13","-0.09"
"35","H","RSo","no",NA,NA,NA,"2.13","0.09","-0.00"
"36","A","Vdd","no",NA,NA,NA,"2.35","-0.01","-0.01"
"37","H","Mal","no",NA,NA,NA,"2.19","0.06","0.06"
"38","A","Cel","no",NA,NA,NA,"2.47","-0.06","0.00"
