"","HA","vs","played","Pts","GD","GS","ePts","sched","cumulative"
"1","H","Elc","yes",3,3,3,"2.57","-0.52","-0.52"
"2","A","Mal","yes",3,1,2,"1.92","-0.14","-0.66"
"3","H","Osa","yes",3,1,1,"1.71","-0.01","-0.67"
"4","A","RMa","yes",0,-1,1,"0.57","0.66","-0.01"
"5","H","Vil","yes",3,1,1,"2.04","-0.21","-0.22"
"6","H","Gir","yes",3,1,2,"2.42","-0.44","-0.66"
"7","A","Cel","yes",0,-1,0,"1.63","0.04","-0.62"
"8","A","Vdd","yes",1,0,0,"1.42","0.16","-0.46"
"9","H","Alm","yes",3,2,3,"2.60","-0.54","-1.00"
"10","A","Cad","yes",1,0,0,"1.75","-0.04","-1.04"
"11","H","Atl","yes",0,-1,1,"1.25","0.26","-0.79"
"12","A","RSo","yes",3,2,2,"1.14","0.33","-0.46"
"13","H","Sev","yes",1,0,1,"2.04","-0.21","-0.67"
"14","A","Val","no",NA,NA,NA,"1.48","0.12","-0.55"
"15","H","Bil","no",NA,NA,NA,"2.05","-0.22","-0.77"
"16","A","Ray","no",NA,NA,NA,"0.92","0.45","-0.31"
"17","H","Bar","no",NA,NA,NA,"0.88","0.48","0.17"
"18","A","Esp","no",NA,NA,NA,"1.97","-0.17","-0.00"
"19","A","Get","no",NA,NA,NA,"1.78","-0.05","-0.06"
"20","H","Cel","no",NA,NA,NA,"2.34","-0.39","-0.44"
"21","A","Alm","no",NA,NA,NA,"1.12","0.33","-0.11"
"22","H","Vdd","no",NA,NA,NA,"2.34","-0.39","-0.50"
"23","A","Elc","no",NA,NA,NA,"2.32","-0.38","-0.88"
"24","H","RMa","no",NA,NA,NA,"0.90","0.47","-0.41"
"25","A","Vil","no",NA,NA,NA,"1.24","0.26","-0.14"
"26","H","Mal","no",NA,NA,NA,"1.73","-0.02","-0.17"
"27","A","Atl","no",NA,NA,NA,"1.47","0.13","-0.03"
"28","H","Cad","no",NA,NA,NA,"2.24","-0.32","-0.36"
"29","H","Esp","no",NA,NA,NA,"2.21","-0.31","-0.67"
"30","A","Osa","no",NA,NA,NA,"1.03","0.39","-0.28"
"31","H","RSo","no",NA,NA,NA,"1.66","0.02","-0.27"
"32","A","Bar","no",NA,NA,NA,"0.55","0.67","0.41"
"33","A","Bil","no",NA,NA,NA,"1.19","0.29","0.70"
"34","H","Ray","no",NA,NA,NA,"1.95","-0.15","0.55"
"35","A","Sev","no",NA,NA,NA,"2.02","-0.19","0.35"
"36","H","Get","no",NA,NA,NA,"2.03","-0.20","0.15"
"37","A","Gir","no",NA,NA,NA,"1.51","0.10","0.26"
"38","H","Val","no",NA,NA,NA,"2.12","-0.26","0.00"
