"","HA","vs","played","Pts","GD","GS","ePts","sched","cumulative"
"1","H","Esp","yes",1,0,2,"1.51","-0.44","-0.44"
"2","H","RMa","yes",0,-3,1,"0.39","0.63","0.19"
"3","A","Gir","yes",3,1,1,"0.88","0.16","0.34"
"4","H","Cad","yes",3,3,3,"1.55","-0.48","-0.14"
"5","A","Atl","yes",0,-3,1,"0.83","0.21","0.07"
"6","A","Val","yes",0,-3,0,"0.84","0.19","0.26"
"7","H","Bet","yes",3,1,1,"1.08","-0.03","0.23"
"8","A","Bar","yes",0,-1,0,"0.25","0.76","0.99"
"9","H","RSo","yes",0,-1,1,"0.91","0.13","1.12"
"10","A","Vdd","yes",0,-3,1,"0.83","0.21","1.33"
"11","H","Get","yes",1,0,1,"1.30","-0.24","1.09"
"12","A","Alm","yes",0,-2,1,"0.58","0.44","1.53"
"13","H","Osa","yes",0,-1,1,"0.95","0.09","1.62"
"14","A","Ray","no",NA,NA,NA,"0.47","0.55","2.17"
"15","H","Sev","no",NA,NA,NA,"1.30","-0.24","1.93"
"16","A","Elc","no",NA,NA,NA,"1.92","-0.84","1.09"
"17","H","Vil","no",NA,NA,NA,"1.28","-0.23","0.87"
"18","A","Mal","no",NA,NA,NA,"1.26","-0.20","0.66"
"19","H","Bil","no",NA,NA,NA,"1.31","-0.25","0.41"
"20","A","Bet","no",NA,NA,NA,"0.46","0.56","0.98"
"21","H","Atl","no",NA,NA,NA,"0.59","0.44","1.42"
"22","A","RSo","no",NA,NA,NA,"0.59","0.43","1.85"
"23","H","Vdd","no",NA,NA,NA,"1.78","-0.70","1.14"
"24","A","Osa","no",NA,NA,NA,"0.58","0.44","1.59"
"25","H","Ray","no",NA,NA,NA,"1.18","-0.13","1.46"
"26","A","Esp","no",NA,NA,NA,"1.36","-0.30","1.16"
"27","H","Alm","no",NA,NA,NA,"2.16","-1.07","0.09"
"28","A","Sev","no",NA,NA,NA,"1.40","-0.34","-0.24"
"29","H","Mal","no",NA,NA,NA,"0.96","0.09","-0.16"
"30","A","RMa","no",NA,NA,NA,"0.26","0.75","0.59"
"31","H","Elc","no",NA,NA,NA,"2.11","-1.02","-0.43"
"32","A","Vil","no",NA,NA,NA,"0.68","0.35","-0.07"
"33","A","Get","no",NA,NA,NA,"1.15","-0.10","-0.17"
"34","H","Val","no",NA,NA,NA,"1.39","-0.32","-0.49"
"35","A","Bil","no",NA,NA,NA,"0.58","0.44","-0.05"
"36","H","Gir","no",NA,NA,NA,"1.67","-0.59","-0.64"
"37","A","Cad","no",NA,NA,NA,"1.10","-0.05","-0.70"
"38","H","Bar","no",NA,NA,NA,"0.32","0.70","-0.00"
