"","HA","vs","played","Pts","GD","GS","ePts","sched","cumulative"
"1","H","Atl","yes",0,-3,0,"0.78","0.35","0.35"
"2","A","Gir","yes",0,-2,1,"1.20","-0.00","0.35"
"3","H","Vil","yes",1,0,0,"1.18","0.02","0.37"
"4","A","Val","yes",0,-4,1,"1.18","0.02","0.39"
"5","H","RSo","yes",3,1,2,"0.85","0.29","0.69"
"6","A","Osa","yes",3,2,2,"0.84","0.30","0.99"
"7","H","Vdd","yes",0,-1,2,"1.92","-0.60","0.39"
"8","H","RMa","yes",0,-1,0,"0.48","0.60","0.99"
"9","A","Ray","yes",1,0,0,"0.83","0.31","1.30"
"10","H","Bil","yes",1,0,2,"1.35","-0.12","1.18"
"11","A","Cel","yes",1,0,1,"1.32","-0.09","1.09"
"12","A","Elc","yes",3,1,1,"2.28","-0.90","0.19"
"13","H","Cad","yes",1,0,0,"1.43","-0.19","0.00"
"14","A","Alm","yes",0,-1,0,"0.73","0.40","0.40"
"15","H","Mal","yes",3,2,2,"1.08","0.10","0.50"
"16","A","Sev","no",NA,NA,NA,"1.84","-0.53","-0.03"
"17","H","Esp","no",NA,NA,NA,"1.46","-0.21","-0.24"
"18","A","Bar","no",NA,NA,NA,"0.49","0.59","0.35"
"19","H","Bet","no",NA,NA,NA,"1.24","-0.03","0.31"
"20","A","Atl","no",NA,NA,NA,"1.06","0.12","0.43"
"21","H","Ray","no",NA,NA,NA,"1.30","-0.08","0.36"
"22","H","Val","no",NA,NA,NA,"1.53","-0.27","0.08"
"23","A","Vil","no",NA,NA,NA,"0.62","0.48","0.57"
"24","H","Gir","no",NA,NA,NA,"1.66","-0.38","0.19"
"25","A","Cad","no",NA,NA,NA,"1.50","-0.25","-0.06"
"26","H","Sev","no",NA,NA,NA,"1.32","-0.10","-0.16"
"27","A","Bil","no",NA,NA,NA,"0.85","0.29","0.13"
"28","A","RSo","no",NA,NA,NA,"0.74","0.38","0.51"
"29","H","Bar","no",NA,NA,NA,"0.34","0.72","1.23"
"30","A","Mal","no",NA,NA,NA,"1.21","-0.00","1.23"
"31","H","Alm","no",NA,NA,NA,"2.11","-0.76","0.47"
"32","A","Esp","no",NA,NA,NA,"1.81","-0.50","-0.03"
"33","H","Cel","no",NA,NA,NA,"1.58","-0.31","-0.35"
"34","A","RMa","no",NA,NA,NA,"0.37","0.69","0.34"
"35","H","Elc","no",NA,NA,NA,"2.24","-0.86","-0.52"
"36","A","Bet","no",NA,NA,NA,"0.77","0.36","-0.16"
"37","H","Osa","no",NA,NA,NA,"1.06","0.12","-0.04"
"38","A","Vdd","no",NA,NA,NA,"1.15","0.04","-0.00"
