"","HA","vs","played","Pts","GD","GS","ePts","sched","cumulative"
"1","A","Bil","yes",1,0,0,"1.30","-0.05","-0.05"
"2","H","Bet","yes",0,-1,1,"0.79","0.36","0.31"
"3","A","Ray","yes",3,2,2,"1.34","-0.08","0.23"
"4","H","Gir","yes",1,0,1,"1.49","-0.20","0.03"
"5","A","RMa","yes",0,-3,1,"0.57","0.54","0.57"
"6","H","Alm","yes",3,1,1,"1.86","-0.50","0.07"
"7","H","Bar","yes",0,-1,0,"0.26","0.79","0.87"
"8","A","Elc","yes",1,0,1,"2.39","-0.93","-0.06"
"9","H","Sev","yes",0,-1,0,"0.96","0.22","0.16"
"10","A","RSo","yes",0,-1,0,"1.24","-0.00","0.16"
"11","A","Val","yes",3,1,2,"1.60","-0.29","-0.13"
"12","H","Esp","yes",1,0,1,"1.17","0.05","-0.07"
"13","A","Vil","yes",3,2,2,"1.35","-0.09","-0.16"
"14","H","Atl","no",NA,NA,NA,"0.41","0.67","0.50"
"15","A","Get","no",NA,NA,NA,"1.87","-0.51","-0.00"
"16","H","Vdd","no",NA,NA,NA,"1.37","-0.10","-0.10"
"17","A","Osa","no",NA,NA,NA,"1.14","0.08","-0.02"
"18","H","Cel","no",NA,NA,NA,"1.35","-0.09","-0.11"
"19","A","Cad","no",NA,NA,NA,"1.85","-0.50","-0.61"
"20","H","RMa","no",NA,NA,NA,"0.15","0.88","0.27"
"21","A","Sev","no",NA,NA,NA,"2.11","-0.70","-0.43"
"22","H","Vil","no",NA,NA,NA,"0.97","0.22","-0.21"
"23","A","Esp","no",NA,NA,NA,"2.06","-0.66","-0.87"
"24","H","Elc","no",NA,NA,NA,"1.80","-0.45","-1.31"
"25","H","RSo","no",NA,NA,NA,"0.64","0.48","-0.83"
"26","A","Bet","no",NA,NA,NA,"1.00","0.19","-0.64"
"27","H","Osa","no",NA,NA,NA,"0.67","0.46","-0.19"
"28","A","Vdd","no",NA,NA,NA,"1.53","-0.23","-0.42"
"29","A","Cel","no",NA,NA,NA,"1.71","-0.38","-0.80"
"30","H","Get","no",NA,NA,NA,"0.99","0.20","-0.59"
"31","A","Atl","no",NA,NA,NA,"1.55","-0.25","-0.84"
"32","H","Bil","no",NA,NA,NA,"0.99","0.20","-0.64"
"33","A","Gir","no",NA,NA,NA,"1.62","-0.31","-0.94"
"34","H","Cad","no",NA,NA,NA,"1.23","0.01","-0.94"
"35","A","Alm","no",NA,NA,NA,"1.18","0.05","-0.89"
"36","H","Val","no",NA,NA,NA,"1.09","0.12","-0.77"
"37","A","Bar","no",NA,NA,NA,"0.62","0.50","-0.27"
"38","H","Ray","no",NA,NA,NA,"0.91","0.27","0.00"
