"","HA","vs","played","Pts","GD","GS","ePts","sched","cumulative"
"1","H","Sev","yes",3,1,2,"1.83","-0.10","-0.10"
"2","H","Cad","yes",3,2,2,"2.09","-0.26","-0.36"
"3","A","Bet","yes",0,-1,0,"1.19","0.28","-0.08"
"4","H","Ray","yes",3,1,2,"1.79","-0.08","-0.15"
"5","A","Alm","yes",3,1,1,"1.11","0.33","0.18"
"6","H","Get","yes",0,-2,0,"1.89","-0.14","0.04"
"7","A","RMa","yes",1,0,1,"0.61","0.63","0.67"
"8","H","Val","yes",0,-1,1,"1.94","-0.17","0.50"
"9","A","Vil","yes",0,-2,0,"1.41","0.15","0.65"
"10","H","Esp","yes",3,1,1,"2.02","-0.22","0.44"
"11","A","Gir","yes",1,0,1,"1.68","-0.01","0.42"
"12","H","Vdd","yes",3,2,2,"2.25","-0.35","0.07"
"13","A","Cel","yes",3,1,2,"1.78","-0.07","-0.00"
"14","H","Bar","yes",0,-1,1,"0.57","0.66","0.66"
"15","A","RSo","no",NA,NA,NA,"1.30","0.21","0.87"
"16","A","Bil","no",NA,NA,NA,"1.29","0.22","1.09"
"17","H","Mal","no",NA,NA,NA,"1.64","0.01","1.11"
"18","A","Elc","no",NA,NA,NA,"2.51","-0.51","0.59"
"19","H","Atl","no",NA,NA,NA,"1.24","0.25","0.85"
"20","A","Esp","no",NA,NA,NA,"2.20","-0.33","0.52"
"21","A","Vdd","no",NA,NA,NA,"1.59","0.04","0.56"
"22","H","RMa","no",NA,NA,NA,"0.69","0.58","1.15"
"23","A","Sev","no",NA,NA,NA,"2.22","-0.34","0.81"
"24","H","Cel","no",NA,NA,NA,"2.11","-0.27","0.54"
"25","A","Val","no",NA,NA,NA,"1.49","0.10","0.64"
"26","H","Vil","no",NA,NA,NA,"1.72","-0.04","0.60"
"27","A","Mal","no",NA,NA,NA,"1.80","-0.09","0.51"
"28","H","Elc","no",NA,NA,NA,"2.52","-0.52","-0.01"
"29","A","Ray","no",NA,NA,NA,"1.26","0.24","0.23"
"30","H","Bet","no",NA,NA,NA,"1.75","-0.06","0.18"
"31","A","Cad","no",NA,NA,NA,"1.90","-0.15","0.03"
"32","H","RSo","no",NA,NA,NA,"1.33","0.20","0.23"
"33","A","Bar","no",NA,NA,NA,"0.61","0.63","0.85"
"34","H","Alm","no",NA,NA,NA,"2.49","-0.50","0.35"
"35","A","Atl","no",NA,NA,NA,"1.53","0.08","0.43"
"36","H","Bil","no",NA,NA,NA,"1.82","-0.10","0.33"
"37","A","Get","no",NA,NA,NA,"1.75","-0.06","0.27"
"38","H","Gir","no",NA,NA,NA,"2.11","-0.27","-0.00"
