"","HA","vs","played","Pts","GD","GS","ePts","sched","cumulative"
"1","A","Bar","yes",1,0,0,"0.60","0.58","0.58"
"2","A","Esp","yes",3,2,2,"1.89","-0.31","0.27"
"3","H","Mal","yes",0,-2,0,"1.58","-0.10","0.17"
"4","A","Osa","yes",0,-1,1,"1.14","0.21","0.38"
"5","H","Val","yes",3,1,2,"1.81","-0.26","0.12"
"6","A","Bil","yes",0,-1,2,"1.27","0.12","0.24"
"7","H","Elc","yes",3,1,2,"2.37","-0.65","-0.40"
"8","A","Alm","yes",0,-2,1,"1.04","0.28","-0.12"
"9","H","Get","yes",1,0,0,"1.84","-0.28","-0.40"
"10","A","Atl","yes",1,0,1,"1.29","0.11","-0.29"
"11","H","Cad","yes",3,4,5,"1.79","-0.24","-0.53"
"12","A","Sev","yes",3,1,1,"1.68","-0.16","-0.70"
"13","H","RMa","yes",3,1,3,"0.56","0.61","-0.09"
"14","H","Cel","yes",1,0,0,"1.87","-0.30","-0.38"
"15","A","Gir","yes",1,0,2,"1.45","-0.00","-0.39"
"16","H","Bet","yes",0,-1,1,"1.34","0.07","-0.32"
"17","A","Vdd","yes",3,1,1,"1.45","-0.00","-0.32"
"18","H","RSo","yes",0,-2,0,"0.75","0.48","0.16"
"19","A","Vil","no",NA,NA,NA,"0.83","0.42","0.59"
"20","H","Alm","no",NA,NA,NA,"2.22","-0.54","0.05"
"21","A","Get","no",NA,NA,NA,"1.84","-0.28","-0.23"
"22","H","Sev","no",NA,NA,NA,"1.56","-0.08","-0.31"
"23","A","Cad","no",NA,NA,NA,"1.72","-0.20","-0.50"
"24","H","Bil","no",NA,NA,NA,"1.71","-0.19","-0.69"
"25","A","Cel","no",NA,NA,NA,"1.54","-0.07","-0.76"
"26","H","Gir","no",NA,NA,NA,"1.93","-0.34","-1.10"
"27","A","Val","no",NA,NA,NA,"1.64","-0.14","-1.24"
"28","H","Atl","no",NA,NA,NA,"0.86","0.40","-0.83"
"29","H","Osa","no",NA,NA,NA,"1.42","0.02","-0.82"
"30","A","RSo","no",NA,NA,NA,"0.89","0.38","-0.44"
"31","H","Bar","no",NA,NA,NA,"0.33","0.77","0.33"
"32","A","Elc","no",NA,NA,NA,"2.45","-0.70","-0.37"
"33","H","Vdd","no",NA,NA,NA,"2.11","-0.46","-0.83"
"34","A","Bet","no",NA,NA,NA,"1.05","0.27","-0.55"
"35","H","Esp","no",NA,NA,NA,"1.55","-0.07","-0.63"
"36","A","RMa","no",NA,NA,NA,"0.60","0.59","-0.04"
"37","H","Vil","no",NA,NA,NA,"1.41","0.02","-0.02"
"38","A","Mal","no",NA,NA,NA,"1.41","0.02","-0.00"
