"","HA","vs","played","Pts","GD","GS","ePts","sched","cumulative"
"1","A","Alm","yes",3,1,2,"2.45","0.02","0.02"
"2","A","Cel","yes",3,3,4,"2.68","-0.07","-0.06"
"3","A","Esp","yes",3,2,3,"2.78","-0.12","-0.17"
"4","H","Bet","yes",3,1,2,"2.32","0.07","-0.10"
"5","H","Mal","yes",3,3,4,"2.26","0.09","-0.01"
"6","A","Atl","yes",3,1,2,"2.62","-0.05","-0.06"
"7","H","Osa","yes",1,0,1,"2.22","0.11","0.05"
"8","A","Get","yes",3,1,1,"2.73","-0.09","-0.04"
"9","H","Bar","yes",3,2,3,"1.43","0.43","0.38"
"10","A","Elc","yes",3,3,3,"2.86","-0.15","0.24"
"11","H","Sev","yes",3,2,3,"2.45","0.02","0.25"
"12","H","Gir","yes",1,0,1,"2.68","-0.07","0.18"
"13","A","Ray","no",NA,NA,NA,"2.53","-0.02","0.16"
"14","H","Cad","no",NA,NA,NA,"2.59","-0.04","0.13"
"15","A","Vdd","no",NA,NA,NA,"2.61","-0.05","0.08"
"16","A","Vil","no",NA,NA,NA,"2.54","-0.02","0.06"
"17","H","Val","no",NA,NA,NA,"2.52","-0.01","0.05"
"18","A","Bil","no",NA,NA,NA,"2.52","-0.01","0.04"
"19","H","RSo","no",NA,NA,NA,"2.19","0.12","0.17"
"20","A","Mal","no",NA,NA,NA,"2.77","-0.11","0.05"
"21","H","Elc","no",NA,NA,NA,"2.77","-0.11","-0.06"
"22","A","Osa","no",NA,NA,NA,"2.43","0.03","-0.03"
"23","H","Atl","no",NA,NA,NA,"1.84","0.26","0.23"
"24","A","Bet","no",NA,NA,NA,"2.34","0.06","0.30"
"25","H","Esp","no",NA,NA,NA,"2.56","-0.03","0.27"
"26","A","Bar","no",NA,NA,NA,"1.95","0.22","0.49"
"27","H","Vdd","no",NA,NA,NA,"2.64","-0.06","0.43"
"28","H","Vil","no",NA,NA,NA,"2.46","0.02","0.45"
"29","A","Cad","no",NA,NA,NA,"2.73","-0.09","0.35"
"30","H","Cel","no",NA,NA,NA,"2.64","-0.06","0.30"
"31","A","Gir","no",NA,NA,NA,"2.65","-0.06","0.23"
"32","H","Alm","no",NA,NA,NA,"2.78","-0.12","0.12"
"33","A","RSo","no",NA,NA,NA,"2.48","0.00","0.12"
"34","H","Get","no",NA,NA,NA,"2.46","0.01","0.14"
"35","A","Val","no",NA,NA,NA,"2.64","-0.06","0.08"
"36","H","Ray","no",NA,NA,NA,"2.42","0.03","0.11"
"37","A","Sev","no",NA,NA,NA,"2.80","-0.12","-0.01"
"38","H","Bil","no",NA,NA,NA,"2.46","0.01","0.00"
