"","HA","vs","played","Pts","GD","GS","ePts","sched","cumulative"
"1","A","Vdd","yes",3,3,3,"1.36","0.07","0.07"
"2","A","Atl","yes",3,2,2,"1.25","0.15","0.22"
"3","A","Get","yes",1,0,0,"1.48","-0.01","0.21"
"4","H","Elc","yes",3,4,4,"2.44","-0.66","-0.45"
"5","A","Bet","yes",0,-1,0,"0.94","0.36","-0.09"
"6","H","Sev","yes",1,0,1,"1.72","-0.17","-0.27"
"7","A","Cad","yes",1,0,0,"1.75","-0.19","-0.46"
"8","A","RSo","yes",0,-1,0,"1.05","0.29","-0.17"
"9","H","Osa","yes",3,2,2,"1.33","0.09","-0.08"
"10","A","Bar","yes",0,-3,0,"0.46","0.69","0.61"
"11","H","Alm","yes",3,1,2,"2.38","-0.62","-0.01"
"12","A","Bil","yes",0,-1,0,"1.03","0.30","0.29"
"13","H","Mal","yes",0,-2,0,"1.48","-0.01","0.28"
"14","A","Esp","yes",3,1,1,"1.98","-0.35","-0.07"
"15","H","Val","no",NA,NA,NA,"1.80","-0.23","-0.29"
"16","H","RMa","no",NA,NA,NA,"0.53","0.64","0.35"
"17","A","Cel","no",NA,NA,NA,"1.54","-0.05","0.30"
"18","H","Gir","no",NA,NA,NA,"1.98","-0.35","-0.05"
"19","H","Ray","no",NA,NA,NA,"1.63","-0.11","-0.16"
"20","A","Elc","no",NA,NA,NA,"2.34","-0.60","-0.76"
"21","H","Bar","no",NA,NA,NA,"0.48","0.67","-0.09"
"22","A","Mal","no",NA,NA,NA,"1.54","-0.05","-0.14"
"23","H","Get","no",NA,NA,NA,"1.75","-0.19","-0.33"
"24","A","Alm","no",NA,NA,NA,"0.86","0.41","0.09"
"25","H","Bet","no",NA,NA,NA,"1.62","-0.10","-0.02"
"26","A","Osa","no",NA,NA,NA,"1.01","0.31","0.29"
"27","H","RSo","no",NA,NA,NA,"1.20","0.18","0.47"
"28","A","RMa","no",NA,NA,NA,"0.44","0.70","1.17"
"29","H","Vdd","no",NA,NA,NA,"2.13","-0.45","0.72"
"30","A","Sev","no",NA,NA,NA,"2.00","-0.36","0.36"
"31","H","Esp","no",NA,NA,NA,"1.89","-0.29","0.06"
"32","H","Cel","no",NA,NA,NA,"1.99","-0.35","-0.29"
"33","A","Val","no",NA,NA,NA,"1.22","0.17","-0.12"
"34","H","Bil","no",NA,NA,NA,"1.69","-0.15","-0.27"
"35","A","Gir","no",NA,NA,NA,"1.41","0.04","-0.22"
"36","H","Cad","no",NA,NA,NA,"1.98","-0.35","-0.57"
"37","A","Ray","no",NA,NA,NA,"0.99","0.32","-0.25"
"38","H","Atl","no",NA,NA,NA,"1.10","0.25","-0.00"
