"","HA","vs","played","Pts","GD","GS","ePts","sched","cumulative"
"1","H","Bre","yes",1,0,2,"1.09","0.03","0.03"
"2","A","Hei","yes",0,-4,0,"1.23","-0.09","-0.06"
"3","H","StP","yes",3,2,3,"1.63","-0.45","-0.50"
"4","H","Mai","yes",0,-1,2,"1.19","-0.06","-0.56"
"5","A","Lei","yes",0,-4,0,"0.55","0.51","-0.05"
"6","H","BMg","yes",3,1,2,"1.89","-0.67","-0.72"
"7","A","Fbg","yes",0,-2,1,"0.41","0.63","-0.08"
"8","H","Dor","yes",3,1,2,"2.17","-0.92","-1.00"
"9","A","Wol","yes",1,0,1,"0.61","0.46","-0.54"
"10","H","Hof","yes",1,0,0,"2.13","-0.88","-1.42"
"11","A","Mun","yes",0,-3,0,"0.10","0.92","-0.51"
"12","H","Boc","yes",3,1,1,"2.80","-1.48","-1.98"
"13","A","Fra","yes",1,0,2,"0.20","0.82","-1.16"
"14","H","Lev","no",NA,NA,NA,"0.70","0.38","-0.78"
"15","A","Kie","no",NA,NA,NA,"1.72","-0.52","-1.31"
"16","H","Stu","no",NA,NA,NA,"1.36","-0.20","-1.51"
"17","A","UnB","no",NA,NA,NA,"0.45","0.60","-0.91"
"18","A","Bre","no",NA,NA,NA,"0.85","0.25","-0.66"
"19","H","Hei","no",NA,NA,NA,"1.91","-0.69","-1.35"
"20","A","StP","no",NA,NA,NA,"1.04","0.08","-1.26"
"21","A","Mai","no",NA,NA,NA,"0.95","0.16","-1.10"
"22","H","Lei","no",NA,NA,NA,"1.03","0.09","-1.01"
"23","A","BMg","no",NA,NA,NA,"0.48","0.57","-0.44"
"24","H","Fbg","no",NA,NA,NA,"1.32","-0.16","-0.60"
"25","A","Dor","no",NA,NA,NA,"0.09","0.92","0.32"
"26","H","Wol","no",NA,NA,NA,"1.04","0.08","0.40"
"27","A","Hof","no",NA,NA,NA,"0.85","0.25","0.65"
"28","H","Mun","no",NA,NA,NA,"0.29","0.74","1.39"
"29","A","Boc","no",NA,NA,NA,"2.30","-1.04","0.35"
"30","H","Fra","no",NA,NA,NA,"0.70","0.38","0.73"
"31","A","Lev","no",NA,NA,NA,"0.29","0.74","1.48"
"32","H","Kie","no",NA,NA,NA,"2.61","-1.31","0.17"
"33","A","Stu","no",NA,NA,NA,"0.55","0.52","0.69"
"34","H","UnB","no",NA,NA,NA,"1.91","-0.69","0.00"
