"","HA","vs","played","Pts","GD","GS","ePts","sched","cumulative"
"1","H","Fra","yes",3,2,2,"2.20","-0.34","-0.34"
"2","A","Bre","yes",1,0,0,"0.80","0.51","0.17"
"3","H","Hei","yes",3,2,4,"2.76","-0.68","-0.51"
"4","A","Stu","yes",0,-4,1,"0.50","0.70","0.19"
"5","H","Boc","yes",3,2,4,"2.94","-0.79","-0.60"
"6","A","UnB","yes",0,-1,1,"0.57","0.65","0.06"
"7","H","StP","yes",3,1,2,"2.69","-0.64","-0.58"
"8","A","Aug","yes",0,-1,1,"0.57","0.65","0.07"
"9","H","Lei","yes",3,1,2,"2.40","-0.46","-0.39"
"10","A","Mai","yes",0,-2,1,"0.63","0.61","0.22"
"11","H","Fbg","yes",3,4,4,"2.57","-0.56","-0.34"
"12","H","Mun","yes",1,0,1,"1.98","-0.20","-0.54"
"13","A","BMg","yes",1,0,1,"0.41","0.75","0.21"
"14","H","Hof","no",NA,NA,NA,"2.82","-0.72","-0.51"
"15","A","Wol","no",NA,NA,NA,"0.60","0.63","0.13"
"16","H","Lev","no",NA,NA,NA,"2.05","-0.25","-0.12"
"17","A","Kie","no",NA,NA,NA,"1.69","-0.03","-0.15"
"18","A","Fra","no",NA,NA,NA,"0.21","0.87","0.72"
"19","H","Bre","no",NA,NA,NA,"2.37","-0.44","0.28"
"20","A","Hei","no",NA,NA,NA,"1.20","0.27","0.55"
"21","H","Stu","no",NA,NA,NA,"2.57","-0.56","-0.01"
"22","A","Boc","no",NA,NA,NA,"2.05","-0.25","-0.26"
"23","H","UnB","no",NA,NA,NA,"2.76","-0.68","-0.95"
"24","A","StP","no",NA,NA,NA,"1.10","0.33","-0.62"
"25","H","Aug","no",NA,NA,NA,"2.81","-0.71","-1.33"
"26","A","Lei","no",NA,NA,NA,"0.51","0.69","-0.64"
"27","H","Mai","no",NA,NA,NA,"2.47","-0.50","-1.14"
"28","A","Fbg","no",NA,NA,NA,"0.29","0.82","-0.32"
"29","A","Mun","no",NA,NA,NA,"0.11","0.93","0.61"
"30","H","BMg","no",NA,NA,NA,"2.73","-0.66","-0.05"
"31","A","Hof","no",NA,NA,NA,"0.77","0.53","0.48"
"32","H","Wol","no",NA,NA,NA,"2.52","-0.53","-0.05"
"33","A","Lev","no",NA,NA,NA,"0.28","0.83","0.78"
"34","H","Kie","no",NA,NA,NA,"2.93","-0.78","-0.00"
