"","HA","vs","played","Pts","GD","GS","ePts","sched","cumulative"
"1","H","Stu","yes",3,2,3,"1.70","-0.05","-0.05"
"2","A","Mun","yes",0,-2,0,"0.27","0.83","0.78"
"3","H","Boc","yes",3,1,2,"2.86","-0.77","0.01"
"4","A","Hei","yes",3,3,3,"2.09","-0.29","-0.28"
"5","H","StP","yes",0,-3,0,"1.95","-0.21","-0.50"
"6","A","Bre","yes",3,1,1,"1.71","-0.06","-0.55"
"7","H","Aug","yes",3,2,3,"2.34","-0.45","-1.00"
"8","A","Lei","yes",0,-2,1,"1.29","0.20","-0.80"
"9","H","Mai","yes",1,0,0,"1.53","0.05","-0.76"
"10","A","UnB","yes",1,0,0,"1.12","0.31","-0.45"
"11","A","Dor","yes",0,-4,0,"0.25","0.85","0.40"
"12","H","BMg","yes",3,2,3,"2.17","-0.35","0.05"
"13","A","Hof","yes",1,0,1,"1.71","-0.06","-0.01"
"14","H","Wol","no",NA,NA,NA,"1.37","0.15","0.14"
"15","A","Lev","no",NA,NA,NA,"0.78","0.52","0.66"
"16","H","Kie","no",NA,NA,NA,"2.73","-0.69","-0.03"
"17","A","Fra","no",NA,NA,NA,"0.57","0.65","0.61"
"18","A","Stu","no",NA,NA,NA,"1.28","0.20","0.82"
"19","H","Mun","no",NA,NA,NA,"0.43","0.73","1.55"
"20","A","Boc","no",NA,NA,NA,"2.75","-0.70","0.85"
"21","H","Hei","no",NA,NA,NA,"2.19","-0.36","0.49"
"22","A","StP","no",NA,NA,NA,"1.91","-0.18","0.31"
"23","H","Bre","no",NA,NA,NA,"1.43","0.11","0.42"
"24","A","Aug","no",NA,NA,NA,"1.36","0.16","0.58"
"25","H","Lei","no",NA,NA,NA,"1.36","0.16","0.74"
"26","A","Mai","no",NA,NA,NA,"1.82","-0.13","0.61"
"27","H","UnB","no",NA,NA,NA,"2.19","-0.36","0.26"
"28","H","Dor","no",NA,NA,NA,"2.40","-0.49","-0.23"
"29","A","BMg","no",NA,NA,NA,"1.17","0.27","0.04"
"30","H","Hof","no",NA,NA,NA,"2.37","-0.47","-0.42"
"31","A","Wol","no",NA,NA,NA,"1.38","0.14","-0.28"
"32","H","Lev","no",NA,NA,NA,"0.98","0.39","0.12"
"33","A","Kie","no",NA,NA,NA,"2.44","-0.51","-0.40"
"34","H","Fra","no",NA,NA,NA,"0.97","0.40","-0.00"
