"","HA","vs","played","Pts","GD","GS","ePts","sched","cumulative"
"1","A","Dor","yes",0,-2,0,"0.86","0.52","0.52"
"2","H","Hof","yes",3,2,3,"2.47","-0.38","0.14"
"3","A","Wol","yes",3,1,2,"1.97","-0.10","0.04"
"4","H","BMg","yes",3,2,2,"1.97","-0.10","-0.07"
"5","A","Kie","yes",3,2,4,"2.44","-0.36","-0.43"
"6","H","Mun","yes",1,0,3,"1.10","0.38","-0.05"
"7","A","Lev","yes",0,-1,1,"0.91","0.49","0.45"
"8","A","UnB","yes",1,0,1,"1.72","0.04","0.48"
"9","H","Boc","yes",3,5,7,"2.57","-0.44","0.05"
"10","A","Stu","yes",3,1,3,"1.65","0.08","0.13"
"11","H","Bre","yes",3,1,1,"1.47","0.18","0.30"
"12","A","Hei","yes",3,4,4,"2.47","-0.38","-0.08"
"13","H","Aug","yes",1,0,2,"2.66","-0.49","-0.57"
"14","A","Lei","yes",0,-1,1,"1.31","0.27","-0.30"
"15","H","Mai","yes",0,-2,1,"1.41","0.21","-0.09"
"16","A","StP","no",NA,NA,NA,"2.23","-0.24","-0.34"
"17","H","Fbg","no",NA,NA,NA,"1.99","-0.11","-0.45"
"18","H","Dor","no",NA,NA,NA,"2.28","-0.28","-0.72"
"19","A","Hof","no",NA,NA,NA,"1.96","-0.09","-0.82"
"20","H","Wol","no",NA,NA,NA,"1.72","0.04","-0.78"
"21","A","BMg","no",NA,NA,NA,"1.22","0.32","-0.46"
"22","H","Kie","no",NA,NA,NA,"2.72","-0.52","-0.98"
"23","A","Mun","no",NA,NA,NA,"0.37","0.79","-0.19"
"24","H","Lev","no",NA,NA,NA,"0.79","0.56","0.37"
"25","H","UnB","no",NA,NA,NA,"2.42","-0.35","0.01"
"26","A","Boc","no",NA,NA,NA,"2.37","-0.33","-0.31"
"27","H","Stu","no",NA,NA,NA,"1.79","0.00","-0.31"
"28","A","Bre","no",NA,NA,NA,"1.73","0.03","-0.28"
"29","H","Hei","no",NA,NA,NA,"2.49","-0.39","-0.67"
"30","A","Aug","no",NA,NA,NA,"1.47","0.18","-0.49"
"31","H","Lei","no",NA,NA,NA,"1.63","0.09","-0.40"
"32","A","Mai","no",NA,NA,NA,"1.72","0.04","-0.36"
"33","H","StP","no",NA,NA,NA,"1.97","-0.10","-0.46"
"34","A","Fbg","no",NA,NA,NA,"0.96","0.46","0.00"
