"","HA","vs","played","Pts","GD","GS","ePts","sched","cumulative"
"1","H","Kie","yes",3,1,3,"2.40","-1.52","-1.52"
"2","A","Fra","yes",0,-2,1,"0.19","0.80","-0.72"
"3","H","Lev","yes",0,-3,1,"0.46","0.52","-0.20"
"4","A","UnB","yes",0,-1,1,"0.43","0.55","0.35"
"5","H","Bre","yes",0,-1,3,"0.76","0.21","0.55"
"6","A","Stu","yes",1,0,1,"0.52","0.46","1.01"
"7","H","Boc","yes",3,2,3,"2.68","-1.80","-0.79"
"8","A","Hei","yes",1,0,0,"1.19","-0.24","-1.04"
"9","H","StP","yes",0,-2,0,"1.24","-0.30","-1.34"
"10","A","Aug","yes",1,0,0,"0.56","0.41","-0.93"
"11","H","Lei","yes",3,1,4,"0.70","0.26","-0.66"
"12","A","Mai","yes",0,-2,0,"0.91","0.05","-0.62"
"13","H","Fbg","yes",1,0,1,"0.95","0.01","-0.61"
"14","A","Dor","no",NA,NA,NA,"0.08","0.91","0.31"
"15","H","BMg","no",NA,NA,NA,"1.51","-0.58","-0.27"
"16","H","Wol","no",NA,NA,NA,"0.72","0.25","-0.02"
"17","A","Mun","no",NA,NA,NA,"0.09","0.91","0.88"
"18","A","Kie","no",NA,NA,NA,"1.68","-0.76","0.13"
"19","H","Fra","no",NA,NA,NA,"0.46","0.52","0.65"
"20","A","Lev","no",NA,NA,NA,"0.28","0.71","1.36"
"21","H","UnB","no",NA,NA,NA,"1.53","-0.60","0.76"
"22","A","Bre","no",NA,NA,NA,"0.81","0.15","0.91"
"23","H","Stu","no",NA,NA,NA,"0.98","-0.03","0.88"
"24","A","Boc","no",NA,NA,NA,"2.27","-1.37","-0.49"
"25","H","Hei","no",NA,NA,NA,"1.53","-0.60","-1.09"
"26","A","StP","no",NA,NA,NA,"1.00","-0.04","-1.14"
"27","H","Aug","no",NA,NA,NA,"1.75","-0.83","-1.96"
"28","A","Lei","no",NA,NA,NA,"0.52","0.45","-1.51"
"29","H","Mai","no",NA,NA,NA,"0.84","0.12","-1.39"
"30","A","Fbg","no",NA,NA,NA,"0.39","0.59","-0.80"
"31","H","Dor","no",NA,NA,NA,"1.83","-0.92","-1.72"
"32","A","BMg","no",NA,NA,NA,"0.46","0.52","-1.20"
"33","A","Wol","no",NA,NA,NA,"0.58","0.40","-0.81"
"34","H","Mun","no",NA,NA,NA,"0.19","0.81","-0.00"
