"","HA","vs","played","Pts","GD","GS","ePts","sched","cumulative"
"1","A","Fbg","yes",0,-2,1,"1.01","0.32","0.32"
"2","H","Mai","yes",1,0,3,"1.27","0.15","0.47"
"3","A","BMg","yes",3,2,3,"1.13","0.24","0.71"
"4","H","Dor","yes",3,4,5,"2.22","-0.50","0.22"
"5","A","Wol","yes",1,0,2,"1.34","0.10","0.32"
"6","H","Hof","yes",1,0,1,"2.19","-0.47","-0.15"
"7","A","Mun","yes",0,-4,0,"0.25","0.83","0.68"
"8","H","Kie","yes",3,1,2,"2.64","-0.77","-0.10"
"9","A","Lev","yes",1,0,0,"0.75","0.50","0.40"
"10","H","Fra","yes",0,-1,2,"0.75","0.49","0.89"
"11","H","Boc","yes",3,2,2,"2.81","-0.89","0.00"
"12","A","Bre","yes",1,0,2,"1.67","-0.12","-0.12"
"13","H","UnB","yes",3,1,3,"1.97","-0.33","-0.44"
"14","A","Hei","no",NA,NA,NA,"2.05","-0.38","-0.82"
"15","H","StP","no",NA,NA,NA,"1.71","-0.15","-0.97"
"16","A","Aug","no",NA,NA,NA,"1.31","0.12","-0.85"
"17","H","Lei","no",NA,NA,NA,"1.10","0.26","-0.59"
"18","H","Fbg","no",NA,NA,NA,"1.39","0.06","-0.53"
"19","A","Mai","no",NA,NA,NA,"1.78","-0.20","-0.72"
"20","H","BMg","no",NA,NA,NA,"1.96","-0.31","-1.04"
"21","A","Dor","no",NA,NA,NA,"0.24","0.84","-0.19"
"22","H","Wol","no",NA,NA,NA,"1.11","0.25","0.06"
"23","A","Hof","no",NA,NA,NA,"1.67","-0.12","-0.07"
"24","H","Mun","no",NA,NA,NA,"0.32","0.79","0.72"
"25","A","Kie","no",NA,NA,NA,"2.41","-0.62","0.10"
"26","H","Lev","no",NA,NA,NA,"0.76","0.49","0.59"
"27","A","Fra","no",NA,NA,NA,"0.54","0.63","1.22"
"28","A","Boc","no",NA,NA,NA,"2.73","-0.84","0.38"
"29","H","Bre","no",NA,NA,NA,"1.17","0.22","0.60"
"30","A","UnB","no",NA,NA,NA,"1.08","0.28","0.87"
"31","H","Hei","no",NA,NA,NA,"1.97","-0.33","0.55"
"32","A","StP","no",NA,NA,NA,"1.87","-0.26","0.29"
"33","H","Aug","no",NA,NA,NA,"2.16","-0.45","-0.16"
"34","A","Lei","no",NA,NA,NA,"1.25","0.16","-0.00"
