"","HA","vs","played","Pts","GD","GS","ePts","sched","cumulative"
"1","A","Mai","yes",1,0,1,"1.17","0.11","0.11"
"2","H","StP","yes",3,1,1,"1.88","-0.43","-0.31"
"3","A","Lei","yes",1,0,0,"0.71","0.46","0.15"
"4","H","Hof","yes",3,1,2,"2.32","-0.76","-0.61"
"5","A","BMg","yes",0,-1,0,"0.63","0.53","-0.08"
"6","H","Dor","yes",3,1,2,"2.35","-0.78","-0.86"
"7","A","Kie","yes",3,2,2,"1.95","-0.48","-1.34"
"8","H","Fra","yes",1,0,1,"0.90","0.32","-1.03"
"9","A","Mun","yes",0,-3,0,"0.13","0.90","-0.12"
"10","H","Fbg","yes",1,0,0,"1.57","-0.19","-0.32"
"11","A","Wol","yes",0,-1,0,"0.78","0.41","0.09"
"12","H","Lev","yes",0,-1,1,"0.91","0.31","0.41"
"13","A","Stu","yes",0,-1,2,"0.71","0.46","0.87"
"14","H","Boc","no",NA,NA,NA,"2.85","-1.16","-0.29"
"15","A","Bre","no",NA,NA,NA,"1.06","0.20","-0.09"
"16","A","Hei","no",NA,NA,NA,"1.47","-0.12","-0.21"
"17","H","Aug","no",NA,NA,NA,"2.29","-0.73","-0.95"
"18","H","Mai","no",NA,NA,NA,"1.45","-0.10","-1.04"
"19","A","StP","no",NA,NA,NA,"1.27","0.04","-1.01"
"20","H","Lei","no",NA,NA,NA,"1.27","0.03","-0.97"
"21","A","Hof","no",NA,NA,NA,"1.07","0.19","-0.78"
"22","H","BMg","no",NA,NA,NA,"2.11","-0.60","-1.38"
"23","A","Dor","no",NA,NA,NA,"0.12","0.91","-0.47"
"24","H","Kie","no",NA,NA,NA,"2.70","-1.05","-1.52"
"25","A","Fra","no",NA,NA,NA,"0.27","0.79","-0.72"
"26","H","Mun","no",NA,NA,NA,"0.39","0.70","-0.02"
"27","A","Fbg","no",NA,NA,NA,"0.54","0.59","0.57"
"28","H","Wol","no",NA,NA,NA,"1.29","0.02","0.59"
"29","A","Lev","no",NA,NA,NA,"0.38","0.71","1.30"
"30","H","Stu","no",NA,NA,NA,"1.61","-0.22","1.08"
"31","A","Boc","no",NA,NA,NA,"2.46","-0.87","0.21"
"32","H","Bre","no",NA,NA,NA,"1.35","-0.02","0.19"
"33","H","Hei","no",NA,NA,NA,"2.13","-0.61","-0.42"
"34","A","Aug","no",NA,NA,NA,"0.76","0.42","-0.00"
