"","HA","vs","played","Pts","GD","GS","ePts","sched","cumulative"
"1","H","Mun","yes",0,-1,2,"0.53","0.65","0.65"
"2","A","Kie","yes",3,2,2,"2.51","-0.69","-0.05"
"3","H","Fra","yes",0,-1,1,"0.70","0.53","0.48"
"4","A","Lev","yes",0,-1,3,"0.88","0.40","0.88"
"5","H","Stu","yes",1,0,2,"1.25","0.16","1.04"
"6","A","Boc","yes",3,2,3,"2.69","-0.81","0.22"
"7","H","Bre","yes",0,-2,2,"0.89","0.40","0.62"
"8","A","StP","yes",1,0,0,"2.11","-0.43","0.19"
"9","H","Aug","yes",1,0,1,"2.04","-0.38","-0.18"
"10","A","Hei","yes",3,2,3,"2.19","-0.48","-0.66"
"11","H","UnB","yes",3,1,1,"1.83","-0.24","-0.90"
"12","A","Lei","yes",3,4,5,"1.40","0.06","-0.84"
"13","H","Mai","yes",3,1,4,"1.05","0.29","-0.55"
"14","A","Fbg","yes",0,-1,2,"0.93","0.38","-0.18"
"15","H","Dor","no",NA,NA,NA,"2.08","-0.41","-0.58"
"16","A","Hof","no",NA,NA,NA,"1.77","-0.20","-0.78"
"17","H","BMg","no",NA,NA,NA,"1.71","-0.15","-0.93"
"18","A","Mun","no",NA,NA,NA,"0.37","0.75","-0.18"
"19","H","Kie","no",NA,NA,NA,"2.58","-0.74","-0.92"
"20","A","Fra","no",NA,NA,NA,"0.71","0.52","-0.40"
"21","H","Lev","no",NA,NA,NA,"0.58","0.61","0.21"
"22","A","Stu","no",NA,NA,NA,"1.37","0.08","0.29"
"23","H","Boc","no",NA,NA,NA,"2.63","-0.78","-0.48"
"24","A","Bre","no",NA,NA,NA,"1.81","-0.22","-0.71"
"25","H","StP","no",NA,NA,NA,"1.59","-0.07","-0.78"
"26","A","Aug","no",NA,NA,NA,"1.49","-0.01","-0.79"
"27","H","Hei","no",NA,NA,NA,"1.82","-0.23","-1.02"
"28","A","UnB","no",NA,NA,NA,"1.49","-0.01","-1.02"
"29","H","Lei","no",NA,NA,NA,"0.94","0.37","-0.66"
"30","A","Mai","no",NA,NA,NA,"1.59","-0.07","-0.73"
"31","H","Fbg","no",NA,NA,NA,"1.25","0.16","-0.58"
"32","A","Dor","no",NA,NA,NA,"0.35","0.77","0.19"
"33","H","Hof","no",NA,NA,NA,"2.05","-0.38","-0.20"
"34","A","BMg","no",NA,NA,NA,"1.19","0.20","-0.00"
