"","HA","vs","played","Pts","GD","GS","ePts","sched","cumulative"
"1","A","Fbg","yes",3,2,3,"0.87","-0.02","-0.02"
"2","H","Mun","yes",0,-1,2,"0.00","1.00","0.98"
"3","A","StP","yes",0,-1,1,"0.67","0.22","1.19"
"4","H","Mai","yes",0,-3,1,"1.47","-0.72","0.47"
"5","A","Hei","yes",0,-1,1,"1.57","-0.85","-0.38"
"6","H","Wol","yes",3,2,3,"1.43","-0.68","-1.06"
"7","A","Kln","no",NA,NA,NA,"0.74","0.13","-0.93"
"8","H","Lei","no",NA,NA,NA,"0.13","0.84","-0.08"
"9","H","Dor","no",NA,NA,NA,"0.30","0.64","0.56"
"10","A","Stu","no",NA,NA,NA,"0.23","0.72","1.28"
"11","H","HSV","no",NA,NA,NA,"1.36","-0.60","0.68"
"12","A","Hof","no",NA,NA,NA,"1.32","-0.55","0.13"
"13","H","Lev","no",NA,NA,NA,"0.43","0.49","0.63"
"14","A","Fra","no",NA,NA,NA,"0.63","0.26","0.88"
"15","H","Bre","no",NA,NA,NA,"0.97","-0.14","0.75"
"16","A","BMg","no",NA,NA,NA,"1.74","-1.05","-0.30"
"17","H","UnB","no",NA,NA,NA,"0.70","0.18","-0.12"
"18","H","Fbg","no",NA,NA,NA,"1.07","-0.26","-0.38"
"19","A","Mun","no",NA,NA,NA,"0.00","1.00","0.62"
"20","H","StP","no",NA,NA,NA,"0.88","-0.04","0.58"
"21","A","Mai","no",NA,NA,NA,"1.78","-1.09","-0.51"
"22","H","Hei","no",NA,NA,NA,"1.99","-1.34","-1.85"
"23","A","Wol","no",NA,NA,NA,"1.39","-0.64","-2.49"
"24","H","Kln","no",NA,NA,NA,"0.72","0.16","-2.34"
"25","A","Lei","no",NA,NA,NA,"0.08","0.90","-1.43"
"26","A","Dor","no",NA,NA,NA,"0.16","0.81","-0.62"
"27","H","Stu","no",NA,NA,NA,"0.85","0.01","-0.61"
"28","A","HSV","no",NA,NA,NA,"0.91","-0.07","-0.68"
"29","H","Hof","no",NA,NA,NA,"0.40","0.53","-0.15"
"30","A","Lev","no",NA,NA,NA,"0.43","0.49","0.34"
"31","H","Fra","no",NA,NA,NA,"0.61","0.28","0.63"
"32","A","Bre","no",NA,NA,NA,"0.79","0.07","0.69"
"33","H","BMg","no",NA,NA,NA,"1.55","-0.82","-0.13"
"34","A","UnB","no",NA,NA,NA,"0.74","0.13","0.00"
