"","HA","vs","played","Pts","GD","GS","ePts","sched","cumulative"
"1","H","Bre","yes",3,3,4,"1.75","-0.19","-0.19"
"2","A","Hof","yes",3,2,3,"2.12","-0.45","-0.64"
"3","A","Lev","yes",0,-2,1,"1.14","0.22","-0.42"
"4","H","UnB","yes",0,-1,3,"1.38","0.06","-0.37"
"5","A","BMg","yes",3,2,6,"2.60","-0.77","-1.14"
"6","H","Mun","yes",0,-3,0,"0.00","1.00","-0.14"
"7","A","Fbg","no",NA,NA,NA,"1.54","-0.05","-0.19"
"8","H","StP","no",NA,NA,NA,"1.74","-0.19","-0.38"
"9","A","Hei","no",NA,NA,NA,"2.30","-0.57","-0.95"
"10","H","Mai","no",NA,NA,NA,"1.61","-0.10","-1.05"
"11","A","Kln","no",NA,NA,NA,"1.35","0.08","-0.97"
"12","H","Wol","no",NA,NA,NA,"1.93","-0.32","-1.28"
"13","A","Lei","no",NA,NA,NA,"0.20","0.86","-0.42"
"14","H","Aug","no",NA,NA,NA,"1.97","-0.34","-0.76"
"15","A","HSV","no",NA,NA,NA,"2.27","-0.55","-1.31"
"16","H","Dor","no",NA,NA,NA,"0.63","0.57","-0.74"
"17","A","Stu","no",NA,NA,NA,"0.81","0.45","-0.29"
"18","A","Bre","no",NA,NA,NA,"1.61","-0.10","-0.39"
"19","H","Hof","no",NA,NA,NA,"0.84","0.43","0.04"
"20","H","Lev","no",NA,NA,NA,"0.93","0.36","0.40"
"21","A","UnB","no",NA,NA,NA,"1.65","-0.13","0.27"
"22","H","BMg","no",NA,NA,NA,"2.39","-0.63","-0.36"
"23","A","Mun","no",NA,NA,NA,"0.00","1.00","0.64"
"24","H","Fbg","no",NA,NA,NA,"1.33","0.09","0.74"
"25","A","StP","no",NA,NA,NA,"1.50","-0.02","0.72"
"26","H","Hei","no",NA,NA,NA,"2.53","-0.73","-0.01"
"27","A","Mai","no",NA,NA,NA,"2.23","-0.52","-0.53"
"28","H","Kln","no",NA,NA,NA,"1.15","0.21","-0.32"
"29","A","Wol","no",NA,NA,NA,"1.97","-0.35","-0.67"
"30","H","Lei","no",NA,NA,NA,"0.26","0.82","0.15"
"31","A","Aug","no",NA,NA,NA,"1.88","-0.28","-0.13"
"32","H","HSV","no",NA,NA,NA,"2.32","-0.58","-0.71"
"33","A","Dor","no",NA,NA,NA,"0.41","0.72","0.01"
"34","H","Stu","no",NA,NA,NA,"1.48","-0.01","-0.00"
