"","HA","vs","played","Pts","GD","GS","ePts","sched","cumulative"
"1","H","Wol","yes",0,-2,1,"0.97","-0.89","-0.89"
"2","A","Lei","yes",0,-2,0,"0.03","0.94","0.05"
"3","H","Dor","yes",0,-2,0,"0.20","0.60","0.65"
"4","A","HSV","yes",0,-1,1,"0.77","-0.50","0.15"
"5","H","Aug","yes",3,1,2,"1.01","-0.97","-0.82"
"6","A","Stu","no",NA,NA,NA,"0.13","0.76","-0.07"
"7","H","Bre","no",NA,NA,NA,"0.81","-0.58","-0.64"
"8","A","Hof","no",NA,NA,NA,"0.63","-0.22","-0.86"
"9","H","Fra","no",NA,NA,NA,"0.49","0.04","-0.82"
"10","A","Lev","no",NA,NA,NA,"0.19","0.62","-0.20"
"11","H","BMg","no",NA,NA,NA,"1.57","-2.04","-2.24"
"12","A","UnB","no",NA,NA,NA,"0.35","0.32","-1.92"
"13","H","Fbg","no",NA,NA,NA,"0.52","-0.01","-1.93"
"14","A","StP","no",NA,NA,NA,"0.29","0.43","-1.50"
"15","H","Mun","no",NA,NA,NA,"0.00","1.00","-0.50"
"16","H","Kln","no",NA,NA,NA,"0.43","0.17","-0.33"
"17","A","Mai","no",NA,NA,NA,"0.73","-0.42","-0.75"
"18","A","Wol","no",NA,NA,NA,"0.52","-0.00","-0.75"
"19","H","Lei","no",NA,NA,NA,"0.08","0.84","0.08"
"20","A","Dor","no",NA,NA,NA,"0.06","0.88","0.96"
"21","H","HSV","no",NA,NA,NA,"1.46","-1.84","-0.87"
"22","A","Aug","no",NA,NA,NA,"0.46","0.10","-0.77"
"23","H","Stu","no",NA,NA,NA,"0.61","-0.19","-0.96"
"24","A","Bre","no",NA,NA,NA,"0.34","0.35","-0.61"
"25","H","Hof","no",NA,NA,NA,"0.29","0.45","-0.16"
"26","A","Fra","no",NA,NA,NA,"0.29","0.43","0.27"
"27","H","Lev","no",NA,NA,NA,"0.33","0.37","0.64"
"28","A","BMg","no",NA,NA,NA,"1.32","-1.56","-0.92"
"29","H","UnB","no",NA,NA,NA,"0.55","-0.07","-0.99"
"30","A","Fbg","no",NA,NA,NA,"0.31","0.40","-0.59"
"31","H","StP","no",NA,NA,NA,"0.81","-0.57","-1.16"
"32","A","Mun","no",NA,NA,NA,"0.00","1.00","-0.16"
"33","A","Kln","no",NA,NA,NA,"0.25","0.52","0.36"
"34","H","Mai","no",NA,NA,NA,"0.70","-0.36","0.00"
