"","HA","vs","played","Pts","GD","GS","ePts","sched","cumulative"
"1","A","Lev","yes",3,1,2,"2.01","-0.58","-0.58"
"2","H","Fra","yes",0,-2,1,"0.75","0.41","-0.18"
"3","A","UnB","yes",3,2,4,"1.80","-0.42","-0.60"
"4","H","Mun","yes",0,-3,1,"0.00","1.00","0.40"
"5","A","Fbg","yes",1,0,1,"2.00","-0.58","-0.18"
"6","H","Kln","yes",0,-1,0,"0.44","0.66","0.48"
"7","A","StP","no",NA,NA,NA,"1.73","-0.36","0.12"
"8","H","Hei","no",NA,NA,NA,"1.80","-0.42","-0.30"
"9","A","Wol","no",NA,NA,NA,"1.88","-0.48","-0.79"
"10","H","Lei","no",NA,NA,NA,"0.00","1.00","0.21"
"11","A","Mai","no",NA,NA,NA,"2.37","-0.87","-0.66"
"12","H","Aug","no",NA,NA,NA,"1.45","-0.14","-0.80"
"13","A","Dor","no",NA,NA,NA,"0.31","0.76","-0.05"
"14","H","HSV","no",NA,NA,NA,"1.56","-0.23","-0.27"
"15","A","Stu","no",NA,NA,NA,"0.89","0.30","0.03"
"16","A","Bre","no",NA,NA,NA,"2.49","-0.96","-0.94"
"17","H","BMg","no",NA,NA,NA,"1.95","-0.54","-1.48"
"18","H","Lev","no",NA,NA,NA,"0.64","0.49","-0.98"
"19","A","Fra","no",NA,NA,NA,"1.84","-0.45","-1.43"
"20","H","UnB","no",NA,NA,NA,"0.37","0.70","-0.73"
"21","A","Mun","no",NA,NA,NA,"0.00","1.00","0.27"
"22","H","Fbg","no",NA,NA,NA,"0.87","0.32","0.59"
"23","A","Kln","no",NA,NA,NA,"1.67","-0.31","0.28"
"24","H","StP","no",NA,NA,NA,"0.56","0.56","0.83"
"25","A","Hei","no",NA,NA,NA,"2.36","-0.86","-0.03"
"26","H","Wol","no",NA,NA,NA,"0.51","0.60","0.58"
"27","A","Lei","no",NA,NA,NA,"0.00","1.00","1.58"
"28","H","Mai","no",NA,NA,NA,"0.90","0.29","1.87"
"29","A","Aug","no",NA,NA,NA,"2.61","-1.06","0.81"
"30","H","Dor","no",NA,NA,NA,"0.18","0.86","1.67"
"31","A","HSV","no",NA,NA,NA,"2.33","-0.83","0.83"
"32","H","Stu","no",NA,NA,NA,"0.72","0.43","1.26"
"33","H","Bre","no",NA,NA,NA,"1.39","-0.09","1.17"
"34","A","BMg","no",NA,NA,NA,"2.75","-1.17","-0.00"
