"","HA","vs","played","Pts","GD","GS","ePts","sched","cumulative"
"1","A","Mun","yes",0,-6,0,"0.00","1.00","1.00"
"2","H","Hei","yes",3,2,2,"2.93","-0.17","0.83"
"3","A","Mai","yes",3,1,1,"2.88","-0.15","0.69"
"4","H","Kln","yes",3,2,3,"2.71","-0.08","0.61"
"5","A","Wol","yes",3,1,1,"2.82","-0.12","0.48"
"6","A","Dor","yes",1,0,1,"1.66","0.34","0.82"
"7","H","HSV","no",NA,NA,NA,"2.86","-0.14","0.68"
"8","A","Aug","no",NA,NA,NA,"2.80","-0.11","0.57"
"9","H","Stu","no",NA,NA,NA,"2.76","-0.10","0.47"
"10","A","Hof","no",NA,NA,NA,"2.81","-0.12","0.35"
"11","H","Bre","no",NA,NA,NA,"2.79","-0.11","0.24"
"12","A","BMg","no",NA,NA,NA,"2.87","-0.15","0.10"
"13","H","Fra","no",NA,NA,NA,"2.66","-0.06","0.04"
"14","A","UnB","no",NA,NA,NA,"2.63","-0.05","-0.01"
"15","H","Lev","no",NA,NA,NA,"2.52","-0.01","-0.02"
"16","A","StP","no",NA,NA,NA,"2.59","-0.03","-0.05"
"17","H","Fbg","no",NA,NA,NA,"2.81","-0.12","-0.17"
"18","H","Mun","no",NA,NA,NA,"0.00","1.00","0.83"
"19","A","Hei","no",NA,NA,NA,"2.85","-0.14","0.70"
"20","H","Mai","no",NA,NA,NA,"2.87","-0.14","0.55"
"21","A","Kln","no",NA,NA,NA,"2.63","-0.05","0.51"
"22","H","Wol","no",NA,NA,NA,"2.87","-0.14","0.36"
"23","H","Dor","no",NA,NA,NA,"2.35","0.06","0.42"
"24","A","HSV","no",NA,NA,NA,"2.70","-0.08","0.35"
"25","H","Aug","no",NA,NA,NA,"2.87","-0.14","0.21"
"26","A","Stu","no",NA,NA,NA,"1.98","0.21","0.42"
"27","H","Hof","no",NA,NA,NA,"2.49","0.01","0.43"
"28","A","Bre","no",NA,NA,NA,"2.65","-0.06","0.37"
"29","H","BMg","no",NA,NA,NA,"2.88","-0.15","0.22"
"30","A","Fra","no",NA,NA,NA,"2.57","-0.02","0.20"
"31","H","UnB","no",NA,NA,NA,"2.70","-0.08","0.12"
"32","A","Lev","no",NA,NA,NA,"2.39","0.05","0.17"
"33","H","StP","no",NA,NA,NA,"2.77","-0.10","0.07"
"34","A","Fbg","no",NA,NA,NA,"2.69","-0.07","-0.00"
