"","HA","vs","played","Pts","GD","GS","ePts","sched","cumulative"
"1","H","Hof","yes",0,-1,1,"0.78","0.41","0.41"
"2","A","Bre","yes",1,0,3,"2.26","-0.69","-0.28"
"3","H","Fra","yes",3,2,3,"1.23","0.08","-0.20"
"4","H","BMg","yes",1,0,1,"2.36","-0.77","-0.97"
"5","A","StP","yes",3,1,2,"1.36","-0.01","-0.98"
"6","H","UnB","no",NA,NA,NA,"0.68","0.49","-0.49"
"7","A","Mai","no",NA,NA,NA,"2.11","-0.58","-1.07"
"8","H","Fbg","no",NA,NA,NA,"1.38","-0.03","-1.10"
"9","A","Mun","no",NA,NA,NA,"0.00","1.00","-0.10"
"10","H","Hei","no",NA,NA,NA,"2.25","-0.68","-0.78"
"11","A","Wol","no",NA,NA,NA,"1.52","-0.14","-0.92"
"12","H","Dor","no",NA,NA,NA,"0.35","0.74","-0.18"
"13","A","Aug","no",NA,NA,NA,"2.43","-0.82","-0.99"
"14","H","Kln","no",NA,NA,NA,"0.78","0.42","-0.58"
"15","A","Lei","no",NA,NA,NA,"0.00","1.00","0.42"
"16","H","Stu","no",NA,NA,NA,"1.20","0.11","0.53"
"17","A","HSV","no",NA,NA,NA,"2.05","-0.53","-0.00"
"18","A","Hof","no",NA,NA,NA,"2.12","-0.59","-0.59"
"19","H","Bre","no",NA,NA,NA,"1.92","-0.43","-1.02"
"20","A","Fra","no",NA,NA,NA,"1.47","-0.10","-1.12"
"21","A","BMg","no",NA,NA,NA,"2.64","-0.97","-2.09"
"22","H","StP","no",NA,NA,NA,"0.97","0.27","-1.82"
"23","A","UnB","no",NA,NA,NA,"1.44","-0.07","-1.89"
"24","H","Mai","no",NA,NA,NA,"1.42","-0.06","-1.95"
"25","A","Fbg","no",NA,NA,NA,"1.66","-0.24","-2.19"
"26","H","Mun","no",NA,NA,NA,"0.00","1.00","-1.19"
"27","A","Hei","no",NA,NA,NA,"2.09","-0.56","-1.75"
"28","H","Wol","no",NA,NA,NA,"0.89","0.34","-1.41"
"29","A","Dor","no",NA,NA,NA,"0.20","0.85","-0.56"
"30","H","Aug","no",NA,NA,NA,"1.97","-0.47","-1.04"
"31","A","Kln","no",NA,NA,NA,"1.29","0.03","-1.00"
"32","H","Lei","no",NA,NA,NA,"0.00","1.00","-0.00"
"33","A","Stu","no",NA,NA,NA,"0.61","0.54","0.54"
"34","H","HSV","no",NA,NA,NA,"2.06","-0.54","0.00"
