"","HA","vs","played","Pts","GD","GS","ePts","sched","cumulative"
"1","A","Hei","yes",3,2,3,"1.55","-0.96","-0.96"
"2","H","Mai","yes",1,0,1,"1.33","-0.68","-1.64"
"3","H","Kln","yes",1,0,3,"0.62","0.21","-1.42"
"4","A","Dor","yes",0,-1,0,"0.15","0.81","-0.62"
"5","H","Lei","yes",0,-1,0,"0.11","0.86","0.24"
"6","A","Aug","yes",0,-2,1,"1.24","-0.57","-0.33"
"7","H","Stu","no",NA,NA,NA,"0.74","0.07","-0.26"
"8","A","HSV","no",NA,NA,NA,"0.89","-0.12","-0.38"
"9","H","Hof","no",NA,NA,NA,"0.34","0.57","0.19"
"10","A","Bre","no",NA,NA,NA,"0.77","0.02","0.21"
"11","H","Lev","no",NA,NA,NA,"0.37","0.54","0.75"
"12","A","Fra","no",NA,NA,NA,"0.62","0.22","0.97"
"13","H","UnB","no",NA,NA,NA,"0.60","0.24","1.21"
"14","A","BMg","no",NA,NA,NA,"1.72","-1.17","0.04"
"15","H","Fbg","no",NA,NA,NA,"0.95","-0.20","-0.16"
"16","A","Mun","no",NA,NA,NA,"0.00","1.00","0.84"
"17","H","StP","no",NA,NA,NA,"0.77","0.03","0.86"
"18","H","Hei","no",NA,NA,NA,"1.86","-1.36","-0.49"
"19","A","Mai","no",NA,NA,NA,"1.76","-1.22","-1.72"
"20","A","Kln","no",NA,NA,NA,"0.72","0.09","-1.63"
"21","H","Dor","no",NA,NA,NA,"0.26","0.67","-0.96"
"22","A","Lei","no",NA,NA,NA,"0.08","0.90","-0.06"
"23","H","Aug","no",NA,NA,NA,"1.27","-0.60","-0.66"
"24","A","Stu","no",NA,NA,NA,"0.23","0.71","0.05"
"25","H","HSV","no",NA,NA,NA,"1.22","-0.55","-0.50"
"26","A","Hof","no",NA,NA,NA,"1.29","-0.64","-1.14"
"27","H","Bre","no",NA,NA,NA,"0.85","-0.07","-1.21"
"28","A","Lev","no",NA,NA,NA,"0.42","0.46","-0.74"
"29","H","Fra","no",NA,NA,NA,"0.52","0.34","-0.41"
"30","A","UnB","no",NA,NA,NA,"0.72","0.08","-0.32"
"31","H","BMg","no",NA,NA,NA,"1.41","-0.78","-1.11"
"32","A","Fbg","no",NA,NA,NA,"0.85","-0.07","-1.18"
"33","H","Mun","no",NA,NA,NA,"0.00","1.00","-0.18"
"34","A","StP","no",NA,NA,NA,"0.65","0.18","-0.00"
