"","HA","vs","played","Pts","GD","GS","ePts","sched","cumulative"
"1","H","Gir","yes",1,0,1,"1.79","-0.37","-0.37"
"2","A","Ala","yes",1,0,0,"1.04","0.20","-0.17"
"3","A","RMa","yes",0,-2,0,"0.23","0.82","0.66"
"4","H","Leg","yes",3,2,2,"2.21","-0.69","-0.03"
"5","H","Get","yes",3,1,2,"2.27","-0.74","-0.77"
"6","H","Mal","yes",0,-1,1,"1.49","-0.14","-0.90"
"7","A","Lpa","yes",1,0,1,"1.28","0.02","-0.89"
"8","H","Esp","yes",3,1,1,"2.53","-0.94","-1.82"
"9","A","Sev","yes",0,-1,0,"0.86","0.34","-1.48"
"10","A","Osa","yes",3,1,2,"0.64","0.51","-0.97"
"11","H","Atl","yes",3,1,1,"0.94","0.28","-0.69"
"12","A","Ath","yes",1,0,1,"0.50","0.62","-0.07"
"13","H","Cel","yes",1,0,2,"2.20","-0.68","-0.76"
"14","A","Val","yes",0,-2,2,"1.28","0.02","-0.73"
"15","A","RSo","yes",0,-2,0,"1.03","0.21","-0.52"
"16","H","FCB","yes",1,0,2,"0.71","0.46","-0.06"
"17","A","Vil","no",NA,NA,NA,"0.68","0.48","0.42"
"18","H","Ray","no",NA,NA,NA,"1.70","-0.30","0.12"
"19","A","RVa","no",NA,NA,NA,"1.53","-0.17","-0.05"
"20","H","Ala","no",NA,NA,NA,"2.24","-0.72","-0.77"
"21","A","Mal","no",NA,NA,NA,"0.70","0.47","-0.30"
"22","H","Ath","no",NA,NA,NA,"1.33","-0.01","-0.32"
"23","A","Cel","no",NA,NA,NA,"0.68","0.48","0.16"
"24","H","RSo","no",NA,NA,NA,"1.30","0.01","0.17"
"25","A","Get","no",NA,NA,NA,"1.31","0.00","0.17"
"26","H","RMa","no",NA,NA,NA,"0.96","0.27","0.44"
"27","H","Lpa","no",NA,NA,NA,"1.72","-0.31","0.12"
"28","A","Leg","no",NA,NA,NA,"1.22","0.07","0.19"
"29","H","Sev","no",NA,NA,NA,"1.95","-0.49","-0.30"
"30","A","FCB","no",NA,NA,NA,"0.34","0.74","0.45"
"31","H","Vil","no",NA,NA,NA,"1.05","0.19","0.64"
"32","A","Gir","no",NA,NA,NA,"0.76","0.42","1.06"
"33","H","RVa","no",NA,NA,NA,"2.38","-0.82","0.24"
"34","A","Esp","no",NA,NA,NA,"0.97","0.26","0.49"
"35","H","Osa","no",NA,NA,NA,"1.93","-0.48","0.02"
"36","A","Ray","no",NA,NA,NA,"1.09","0.17","0.18"
"37","A","Atl","no",NA,NA,NA,"0.34","0.74","0.92"
"38","H","Val","no",NA,NA,NA,"2.51","-0.92","0.00"
