"","HA","vs","played","Pts","GD","GS","ePts","sched","cumulative"
"1","H","Ala","yes",3,1,2,"2.30","-0.87","-0.87"
"2","H","Val","yes",3,2,3,"2.55","-1.07","-1.94"
"3","A","Vil","yes",0,-1,3,"0.50","0.60","-1.35"
"4","A","Osa","yes",0,-1,2,"0.46","0.63","-0.72"
"5","H","RVa","yes",3,2,3,"2.43","-0.97","-1.69"
"6","A","Ath","yes",0,-2,1,"0.36","0.71","-0.99"
"7","H","Atl","yes",0,-1,0,"1.01","0.18","-0.81"
"8","H","Gir","yes",1,0,1,"1.87","-0.52","-1.33"
"9","A","Lpa","yes",3,1,1,"1.00","0.19","-1.14"
"10","H","RMa","yes",0,-1,1,"1.03","0.16","-0.98"
"11","A","Leg","yes",0,-3,0,"0.94","0.24","-0.74"
"12","H","Get","yes",3,1,1,"2.32","-0.89","-1.63"
"13","A","Bet","yes",1,0,2,"0.54","0.56","-1.07"
"14","H","FCB","yes",1,0,2,"0.77","0.38","-0.69"
"15","A","Esp","yes",0,-2,1,"0.73","0.41","-0.28"
"16","H","Mal","yes",3,2,2,"1.57","-0.27","-0.55"
"17","A","Sev","yes",0,-1,0,"0.64","0.48","-0.07"
"18","H","RSo","no",NA,NA,NA,"1.38","-0.12","-0.19"
"19","A","Ray","no",NA,NA,NA,"0.83","0.33","0.14"
"20","H","Ath","no",NA,NA,NA,"1.41","-0.14","-0.00"
"21","A","Ala","no",NA,NA,NA,"0.79","0.36","0.35"
"22","A","Val","no",NA,NA,NA,"0.99","0.19","0.55"
"23","H","Bet","no",NA,NA,NA,"2.05","-0.67","-0.12"
"24","A","Atl","no",NA,NA,NA,"0.24","0.80","0.68"
"25","H","Osa","no",NA,NA,NA,"2.00","-0.63","0.05"
"26","A","Gir","no",NA,NA,NA,"0.56","0.54","0.60"
"27","H","Leg","no",NA,NA,NA,"2.27","-0.84","-0.24"
"28","A","RVa","no",NA,NA,NA,"1.23","-0.00","-0.25"
"29","H","Lpa","no",NA,NA,NA,"1.79","-0.46","-0.71"
"30","A","Mal","no",NA,NA,NA,"0.51","0.59","-0.12"
"31","H","Esp","no",NA,NA,NA,"2.57","-1.09","-1.21"
"32","A","FCB","no",NA,NA,NA,"0.24","0.81","-0.40"
"33","H","Vil","no",NA,NA,NA,"1.13","0.08","-0.32"
"34","A","RMa","no",NA,NA,NA,"0.16","0.87","0.55"
"35","H","Sev","no",NA,NA,NA,"2.02","-0.64","-0.09"
"36","A","RSo","no",NA,NA,NA,"0.78","0.37","0.28"
"37","H","Ray","no",NA,NA,NA,"1.78","-0.44","-0.17"
"38","A","Get","no",NA,NA,NA,"1.02","0.17","-0.00"
