"","HA","vs","played","Pts","GD","GS","ePts","sched","cumulative"
"1","A","Rva","yes",0,-1,0,"0.83","0.11","0.11"
"2","H","Rso","yes",0,-1,0,"1.12","-0.20","-0.08"
"3","A","Atl","yes",1,0,0,"0.11","0.88","0.80"
"4","H","Ray","yes",3,1,2,"1.53","-0.64","0.16"
"5","H","Ala","yes",3,1,3,"2.09","-1.23","-1.07"
"6","A","Rma","yes",0,-3,1,"0.08","0.92","-0.15"
"7","H","Vil","yes",0,-1,1,"0.89","0.05","-0.10"
"8","A","Bet","yes",0,-1,0,"0.26","0.72","0.62"
"9","H","Mal","yes",3,1,2,"1.30","-0.39","0.24"
"10","A","Ath","yes",0,-3,1,"0.17","0.82","1.06"
"11","H","Sev","yes",0,-2,0,"1.77","-0.89","0.16"
"12","A","FCB","yes",0,-2,1,"0.12","0.88","1.04"
"13","A","Gir","yes",0,-3,1,"0.27","0.71","1.75"
"14","H","Cel","yes",3,2,3,"1.93","-1.06","0.69"
"15","A","Get","yes",0,-1,0,"0.54","0.43","1.12"
"16","H","Osa","no",NA,NA,NA,"1.76","-0.88","0.24"
"17","H","Val","no",NA,NA,NA,"2.29","-1.44","-1.20"
"18","A","Lpa","no",NA,NA,NA,"0.51","0.45","-0.75"
"19","H","Leg","no",NA,NA,NA,"2.07","-1.21","-1.96"
"20","H","Rva","no",NA,NA,NA,"2.29","-1.44","-3.41"
"21","A","Sev","no",NA,NA,NA,"0.35","0.62","-2.79"
"22","H","Rma","no",NA,NA,NA,"0.68","0.28","-2.51"
"23","A","Rso","no",NA,NA,NA,"0.38","0.59","-1.92"
"24","H","Ath","no",NA,NA,NA,"1.16","-0.24","-2.16"
"25","A","Ala","no",NA,NA,NA,"0.40","0.57","-1.59"
"26","A","Vil","no",NA,NA,NA,"0.23","0.75","-0.84"
"27","H","Gir","no",NA,NA,NA,"1.49","-0.59","-1.43"
"28","A","Mal","no",NA,NA,NA,"0.28","0.70","-0.73"
"29","H","Atl","no",NA,NA,NA,"0.78","0.16","-0.57"
"30","A","Ray","no",NA,NA,NA,"0.45","0.52","-0.05"
"31","A","Cel","no",NA,NA,NA,"0.23","0.76","0.70"
"32","H","Get","no",NA,NA,NA,"2.12","-1.27","-0.56"
"33","A","Val","no",NA,NA,NA,"0.51","0.46","-0.10"
"34","H","Bet","no",NA,NA,NA,"1.80","-0.92","-1.03"
"35","A","Leg","no",NA,NA,NA,"0.47","0.50","-0.53"
"36","H","FCB","no",NA,NA,NA,"0.57","0.39","-0.15"
"37","A","Osa","no",NA,NA,NA,"0.22","0.76","0.62"
"38","H","Lpa","no",NA,NA,NA,"1.51","-0.62","-0.00"
