"","HA","vs","played","Pts","GD","GS","ePts","sched","cumulative"
"1","A","Ath","yes",1,0,1,"0.31","0.64","0.64"
"2","H","Ray","yes",1,0,0,"1.07","-0.24","0.40"
"3","H","Rso","yes",1,0,0,"0.72","0.17","0.57"
"4","A","Sev","yes",0,-1,0,"0.64","0.26","0.83"
"5","A","Bet","yes",0,-1,1,"0.47","0.45","1.29"
"6","H","Leg","yes",1,0,1,"1.64","-0.90","0.39"
"7","A","FCB","yes",0,-1,0,"0.22","0.75","1.14"
"8","H","Ala","yes",3,2,2,"1.66","-0.92","0.22"
"9","H","Osa","yes",1,0,1,"1.29","-0.49","-0.27"
"10","A","Vil","yes",1,0,1,"0.43","0.50","0.23"
"11","H","Val","yes",1,0,1,"1.92","-1.22","-0.98"
"12","A","Cel","yes",0,-1,0,"0.42","0.51","-0.47"
"13","H","Gir","yes",0,-1,0,"1.03","-0.19","-0.66"
"14","H","Rva","yes",3,2,2,"1.91","-1.21","-1.88"
"15","A","Rma","yes",0,-2,0,"0.14","0.84","-1.04"
"16","H","Esp","yes",3,1,1,"2.13","-1.47","-2.50"
"17","A","Atl","no",NA,NA,NA,"0.21","0.76","-1.74"
"18","H","Mal","no",NA,NA,NA,"0.86","0.00","-1.74"
"19","A","Lpa","no",NA,NA,NA,"0.89","-0.03","-1.77"
"20","H","FCB","no",NA,NA,NA,"0.34","0.61","-1.16"
"21","A","Rso","no",NA,NA,NA,"0.69","0.21","-0.95"
"22","H","Sev","no",NA,NA,NA,"1.31","-0.51","-1.46"
"23","A","Ala","no",NA,NA,NA,"0.72","0.17","-1.29"
"24","A","Gir","no",NA,NA,NA,"0.49","0.43","-0.86"
"25","H","Bet","no",NA,NA,NA,"1.34","-0.55","-1.40"
"26","A","Leg","no",NA,NA,NA,"0.83","0.05","-1.36"
"27","H","Atl","no",NA,NA,NA,"0.48","0.45","-0.91"
"28","A","Osa","no",NA,NA,NA,"0.41","0.53","-0.38"
"29","H","Vil","no",NA,NA,NA,"0.55","0.36","-0.02"
"30","A","Rva","no",NA,NA,NA,"1.32","-0.52","-0.54"
"31","H","Lpa","no",NA,NA,NA,"1.05","-0.22","-0.76"
"32","A","Esp","no",NA,NA,NA,"0.59","0.32","-0.44"
"33","H","Rma","no",NA,NA,NA,"0.40","0.53","0.09"
"34","A","Ray","no",NA,NA,NA,"0.79","0.08","0.18"
"35","A","Val","no",NA,NA,NA,"0.87","-0.01","0.16"
"36","H","Ath","no",NA,NA,NA,"0.75","0.13","0.30"
"37","A","Mal","no",NA,NA,NA,"0.51","0.41","0.70"
"38","H","Cel","no",NA,NA,NA,"1.47","-0.70","-0.00"
