"","HA","vs","played","Pts","GD","GS","ePts","sched","cumulative"
"1","A","Rso","yes",3,1,2,"1.30","-0.07","-0.07"
"2","A","Get","yes",1,0,0,"1.60","-0.32","-0.39"
"3","H","FCB","yes",0,-1,1,"0.41","0.66","0.27"
"4","A","Esp","yes",0,-1,1,"1.16","0.04","0.31"
"5","H","Osa","yes",3,2,3,"1.46","-0.20","0.11"
"6","H","Atl","yes",1,0,1,"0.57","0.53","0.63"
"7","A","Gir","yes",1,0,0,"1.00","0.17","0.81"
"8","H","Leg","yes",1,0,1,"1.81","-0.49","0.32"
"9","A","Rva","yes",3,1,2,"1.99","-0.65","-0.33"
"10","A","Mal","yes",0,-1,0,"1.03","0.14","-0.18"
"11","H","Ala","yes",3,1,1,"1.82","-0.50","-0.69"
"12","H","Lpa","yes",0,-2,1,"1.21","-0.00","-0.69"
"13","A","Sev","yes",0,-1,0,"1.23","-0.02","-0.70"
"14","H","Ath","yes",0,-1,1,"0.88","0.27","-0.44"
"15","A","Val","yes",3,1,1,"1.54","-0.27","-0.71"
"16","H","Rma","no",NA,NA,NA,"0.49","0.60","-0.11"
"17","A","Vil","no",NA,NA,NA,"0.90","0.26","0.14"
"18","A","Bet","no",NA,NA,NA,"0.97","0.20","0.34"
"19","H","Cel","no",NA,NA,NA,"1.64","-0.36","-0.01"
"20","A","Osa","no",NA,NA,NA,"0.86","0.29","0.28"
"21","H","Gir","no",NA,NA,NA,"1.19","0.02","0.29"
"22","A","Leg","no",NA,NA,NA,"1.48","-0.22","0.07"
"23","H","Rva","no",NA,NA,NA,"2.06","-0.70","-0.63"
"24","A","FCB","no",NA,NA,NA,"0.48","0.60","-0.03"
"25","H","Vil","no",NA,NA,NA,"0.66","0.46","0.43"
"26","H","Sev","no",NA,NA,NA,"1.47","-0.22","0.21"
"27","A","Rma","no",NA,NA,NA,"0.31","0.74","0.95"
"28","H","Rso","no",NA,NA,NA,"0.85","0.30","1.25"
"29","A","Ala","no",NA,NA,NA,"1.34","-0.11","1.14"
"30","H","Esp","no",NA,NA,NA,"2.26","-0.87","0.27"
"31","A","Ath","no",NA,NA,NA,"0.68","0.44","0.71"
"32","H","Val","no",NA,NA,NA,"2.06","-0.70","0.01"
"33","A","Atl","no",NA,NA,NA,"0.46","0.62","0.63"
"34","H","Get","no",NA,NA,NA,"1.86","-0.54","0.09"
"35","A","Lpa","no",NA,NA,NA,"1.56","-0.29","-0.20"
"36","H","Bet","no",NA,NA,NA,"1.50","-0.24","-0.44"
"37","A","Cel","no",NA,NA,NA,"0.88","0.27","-0.17"
"38","H","Mal","no",NA,NA,NA,"1.01","0.17","-0.00"
