"","HA","vs","played","Pts","GD","GS","ePts","sched","cumulative"
"1","H","Ray","yes",0,-1,1,"1.33","0.11","0.11"
"2","A","Esp","yes",3,1,1,"1.71","-0.15","-0.04"
"3","H","Ala","yes",0,-1,1,"1.95","-0.31","-0.35"
"4","A","Get","yes",1,0,0,"2.04","-0.37","-0.72"
"5","H","RMa","yes",0,-2,0,"0.66","0.56","-0.16"
"6","A","Mal","yes",0,-1,0,"1.38","0.08","-0.09"
"7","A","RVa","yes",1,0,0,"2.21","-0.48","-0.57"
"8","H","Val","yes",3,3,3,"2.30","-0.54","-1.11"
"9","H","Atl","yes",1,0,1,"0.65","0.56","-0.55"
"10","A","Gir","yes",3,1,1,"1.47","0.02","-0.53"
"11","H","Osa","yes",0,-2,0,"1.58","-0.06","-0.59"
"12","A","Sev","yes",3,2,2,"1.59","-0.06","-0.66"
"13","H","FCB","yes",3,1,1,"0.47","0.68","0.03"
"14","A","Ath","yes",0,-1,0,"1.08","0.28","0.30"
"15","H","Bet","yes",3,2,2,"1.63","-0.10","0.20"
"16","A","Leg","yes",3,3,3,"1.96","-0.31","-0.11"
"17","H","Lpa","no",NA,NA,NA,"1.35","0.10","-0.01"
"18","A","Cel","no",NA,NA,NA,"1.36","0.09","0.07"
"19","H","Vil","no",NA,NA,NA,"0.74","0.50","0.58"
"20","A","Val","no",NA,NA,NA,"2.01","-0.35","0.23"
"21","H","Get","no",NA,NA,NA,"1.98","-0.33","-0.10"
"22","A","Osa","no",NA,NA,NA,"1.29","0.13","0.03"
"23","H","Esp","no",NA,NA,NA,"2.33","-0.56","-0.53"
"24","A","Bet","no",NA,NA,NA,"1.43","0.04","-0.49"
"25","H","Leg","no",NA,NA,NA,"1.90","-0.28","-0.77"
"26","A","FCB","no",NA,NA,NA,"0.77","0.48","-0.29"
"27","H","Sev","no",NA,NA,NA,"1.60","-0.07","-0.36"
"28","A","Ray","no",NA,NA,NA,"1.83","-0.23","-0.59"
"29","H","RVa","no",NA,NA,NA,"2.12","-0.42","-1.01"
"30","A","Lpa","no",NA,NA,NA,"2.02","-0.35","-1.36"
"31","H","Mal","no",NA,NA,NA,"1.12","0.25","-1.11"
"32","A","Vil","no",NA,NA,NA,"1.36","0.09","-1.03"
"33","A","Ala","no",NA,NA,NA,"1.79","-0.20","-1.23"
"34","H","Ath","no",NA,NA,NA,"0.97","0.35","-0.88"
"35","A","Atl","no",NA,NA,NA,"0.78","0.47","-0.41"
"36","H","Cel","no",NA,NA,NA,"1.89","-0.27","-0.68"
"37","H","Gir","no",NA,NA,NA,"1.43","0.04","-0.63"
"38","A","RMa","no",NA,NA,NA,"0.55","0.63","0.00"
