"","HA","vs","played","Pts","GD","GS","ePts","sched","cumulative"
"1","A","Lpa","yes",1,0,2,"1.27","-0.03","-0.03"
"2","H","Vil","yes",0,-1,1,"0.95","0.23","0.20"
"3","A","Mal","yes",1,0,0,"0.69","0.44","0.64"
"4","H","Gir","yes",0,-2,0,"1.60","-0.30","0.34"
"5","H","Get","yes",3,1,1,"2.22","-0.80","-0.47"
"6","A","Ala","yes",0,-1,1,"0.99","0.19","-0.27"
"7","H","RVa","yes",3,1,2,"2.31","-0.88","-1.15"
"8","A","Ath","yes",1,0,1,"0.49","0.60","-0.55"
"9","H","Bet","yes",3,1,1,"1.59","-0.29","-0.84"
"10","A","FCB","yes",0,-4,1,"0.67","0.45","-0.39"
"11","A","Esp","yes",3,2,2,"1.12","0.09","-0.30"
"12","H","RSo","yes",0,-2,0,"1.23","-0.00","-0.30"
"13","A","Leg","yes",0,-1,0,"1.16","0.06","-0.24"
"14","H","Ray","yes",3,1,1,"1.54","-0.26","-0.50"
"15","H","Osa","yes",1,0,1,"1.79","-0.46","-0.96"
"16","A","Atl","yes",0,-1,3,"0.30","0.76","-0.20"
"17","H","Cel","yes",3,1,1,"2.08","-0.69","-0.89"
"18","A","RMa","no",NA,NA,NA,"0.23","0.81","-0.08"
"19","H","Val","no",NA,NA,NA,"2.34","-0.91","-0.99"
"20","A","Gir","no",NA,NA,NA,"0.70","0.43","-0.56"
"21","H","Esp","no",NA,NA,NA,"2.46","-1.00","-1.56"
"22","A","Get","no",NA,NA,NA,"1.38","-0.12","-1.68"
"23","H","FCB","no",NA,NA,NA,"0.63","0.49","-1.19"
"24","A","RVa","no",NA,NA,NA,"1.49","-0.21","-1.40"
"25","H","Mal","no",NA,NA,NA,"1.18","0.04","-1.36"
"26","A","Ray","no",NA,NA,NA,"1.06","0.14","-1.22"
"27","A","RSo","no",NA,NA,NA,"1.05","0.14","-1.08"
"28","H","Ath","no",NA,NA,NA,"1.09","0.11","-0.96"
"29","A","Bet","no",NA,NA,NA,"0.68","0.45","-0.52"
"30","H","Atl","no",NA,NA,NA,"0.67","0.45","-0.06"
"31","A","Val","no",NA,NA,NA,"1.26","-0.02","-0.08"
"32","H","Ala","no",NA,NA,NA,"2.13","-0.73","-0.82"
"33","A","Osa","no",NA,NA,NA,"0.72","0.41","-0.40"
"34","H","Leg","no",NA,NA,NA,"1.79","-0.45","-0.86"
"35","A","Cel","no",NA,NA,NA,"0.56","0.55","-0.31"
"36","H","Lpa","no",NA,NA,NA,"1.63","-0.32","-0.63"
"37","H","RMa","no",NA,NA,NA,"0.76","0.38","-0.25"
"38","A","Vil","no",NA,NA,NA,"0.92","0.25","0.00"
