"","HA","vs","played","Pts","GD","GS","ePts","sched","cumulative"
"1","H","Atl","yes",1,0,2,"1.05","0.42","0.42"
"2","A","Sev","yes",3,1,2,"1.93","-0.06","0.36"
"3","H","Cel","yes",3,1,4,"2.18","-0.20","0.15"
"4","A","Val","yes",1,0,1,"2.18","-0.21","-0.05"
"5","A","Mal","yes",3,1,2,"1.74","0.04","-0.01"
"6","H","FCB","yes",0,-4,1,"0.79","0.56","0.55"
"7","A","Esp","yes",3,1,2,"1.86","-0.03","0.52"
"8","H","Lpa","yes",3,2,3,"1.81","-0.00","0.52"
"9","A","Rma","yes",0,-2,0,"0.69","0.62","1.14"
"10","H","Get","yes",1,0,1,"2.34","-0.29","0.85"
"11","A","Rva","yes",3,1,2,"2.48","-0.37","0.47"
"12","H","Ala","yes",3,3,3,"2.31","-0.28","0.20"
"13","A","Osa","yes",1,0,2,"1.54","0.15","0.35"
"14","H","Gir","yes",1,0,2,"1.79","0.01","0.36"
"15","A","Ath","yes",0,-2,0,"1.30","0.28","0.64"
"16","H","Bet","no",NA,NA,NA,"2.07","-0.15","0.49"
"17","H","Ray","no",NA,NA,NA,"1.83","-0.01","0.48"
"18","A","Leg","no",NA,NA,NA,"2.14","-0.18","0.30"
"19","A","Rso","no",NA,NA,NA,"1.99","-0.10","0.20"
"20","H","Mal","no",NA,NA,NA,"1.61","0.11","0.31"
"21","A","Atl","no",NA,NA,NA,"0.96","0.47","0.79"
"22","H","Rva","no",NA,NA,NA,"2.47","-0.37","0.42"
"23","A","Lpa","no",NA,NA,NA,"2.20","-0.21","0.21"
"24","H","Val","no",NA,NA,NA,"2.47","-0.37","-0.16"
"25","A","Ray","no",NA,NA,NA,"2.11","-0.16","-0.32"
"26","H","Esp","no",NA,NA,NA,"2.60","-0.43","-0.76"
"27","A","Ala","no",NA,NA,NA,"2.02","-0.12","-0.88"
"28","H","Rma","no",NA,NA,NA,"0.92","0.49","-0.38"
"29","A","Get","no",NA,NA,NA,"2.23","-0.23","-0.61"
"30","H","Ath","no",NA,NA,NA,"1.46","0.19","-0.42"
"31","A","Bet","no",NA,NA,NA,"1.66","0.08","-0.34"
"32","H","Rso","no",NA,NA,NA,"1.42","0.21","-0.12"
"33","A","Cel","no",NA,NA,NA,"1.56","0.14","0.01"
"34","H","Osa","no",NA,NA,NA,"2.03","-0.12","-0.11"
"35","A","Gir","no",NA,NA,NA,"1.70","0.06","-0.05"
"36","H","Leg","no",NA,NA,NA,"2.30","-0.27","-0.32"
"37","A","FCB","no",NA,NA,NA,"0.99","0.45","0.13"
"38","H","Sev","no",NA,NA,NA,"2.05","-0.13","-0.00"
