"","HA","vs","played","Pts","GD","GS","ePts","sched","cumulative"
"1","H","Len","yes",3,1,3,"1.86","-0.02","-0.02"
"2","A","Hav","yes",3,1,2,"1.68","0.08","0.07"
"3","A","Mar","yes",0,-2,0,"1.03","0.44","0.50"
"4","H","Ren","yes",1,0,0,"1.85","-0.01","0.49"
"5","A","Rei","yes",3,1,2,"1.61","0.12","0.61"
"6","H","Lyo","yes",3,1,1,"1.80","0.02","0.62"
"7","A","Nic","yes",1,0,0,"1.28","0.30","0.92"
"8","H","Tou","yes",1,0,1,"2.03","-0.11","0.81"
"9","A","Lil","yes",0,-1,0,"0.83","0.55","1.36"
"10","H","PSG","yes",0,-1,2,"0.79","0.57","1.92"
"11","A","Mco","yes",0,-2,0,"1.51","0.17","2.10"
"12","A","Mtp","yes",3,2,3,"2.11","-0.16","1.94"
"13","H","Cle","yes",3,3,3,"2.38","-0.31","1.63"
"14","H","Str","yes",1,0,1,"2.12","-0.16","1.48"
"15","A","Met","yes",3,1,1,"2.38","-0.30","1.17"
"16","A","Nan","yes",3,2,2,"2.24","-0.22","0.95"
"17","H","Lor","yes",3,4,4,"2.22","-0.22","0.73"
"18","H","Mtp","yes",3,2,2,"2.08","-0.14","0.59"
"19","A","PSG","yes",1,0,2,"0.94","0.49","1.08"
"20","H","Nic","yes",1,0,0,"1.91","-0.04","1.03"
"21","A","Cle","yes",1,0,1,"2.30","-0.26","0.77"
"22","H","Mar","yes",3,1,1,"2.36","-0.29","0.48"
"23","A","Str","yes",3,3,3,"1.99","-0.09","0.39"
"24","H","Hav","yes",3,1,1,"2.42","-0.33","0.06"
"25","A","Len","yes",0,-1,0,"1.32","0.28","0.34"
"26","H","Lil","yes",1,0,1,"1.96","-0.07","0.27"
"27","A","Lor","no",NA,NA,NA,"2.14","-0.17","0.09"
"28","H","Met","no",NA,NA,NA,"2.20","-0.20","-0.11"
"29","A","Lyo","no",NA,NA,NA,"2.03","-0.11","-0.23"
"30","H","Mco","no",NA,NA,NA,"1.20","0.34","0.12"
"31","A","Ren","no",NA,NA,NA,"1.51","0.17","0.29"
"32","H","Nan","no",NA,NA,NA,"2.16","-0.18","0.11"
"33","H","Rei","no",NA,NA,NA,"1.83","-0.00","0.11"
"34","A","Tou","no",NA,NA,NA,"2.02","-0.11","-0.00"
