"","HA","vs","played","Pts","GD","GS","ePts","sched","cumulative"
"1","A","Mtp","yes",1,0,2,"0.95","-0.02","-0.02"
"2","H","Bre","yes",0,-1,1,"0.83","0.11","0.09"
"3","A","Ren","yes",1,0,2,"0.60","0.36","0.45"
"4","H","Lor","yes",3,3,3,"1.62","-0.73","-0.28"
"5","A","Lyo","yes",1,0,0,"0.83","0.11","-0.17"
"6","H","Cle","yes",3,1,2,"1.71","-0.83","-1.00"
"7","H","Lil","yes",0,-2,0,"1.18","-0.26","-1.26"
"8","A","Mar","yes",0,-3,0,"0.33","0.65","-0.62"
"9","H","Len","yes",1,0,0,"1.18","-0.26","-0.88"
"10","A","Met","yes",1,0,0,"1.22","-0.30","-1.18"
"11","A","Tou","yes",3,1,2,"0.99","-0.06","-1.24"
"12","H","Mco","yes",1,0,0,"0.49","0.48","-0.77"
"13","A","Nan","yes",1,0,0,"1.28","-0.37","-1.14"
"14","H","PSG","yes",0,-2,0,"0.28","0.70","-0.44"
"15","A","Str","yes",0,-1,1,"0.71","0.24","-0.20"
"16","H","Nic","yes",3,2,3,"1.14","-0.22","-0.43"
"17","A","Rei","yes",0,-1,0,"0.69","0.26","-0.17"
"18","H","Lyo","yes",3,2,3,"0.98","-0.05","-0.22"
"19","A","Lor","yes",1,0,3,"1.14","-0.21","-0.43"
"20","A","Mco","yes",1,0,1,"0.49","0.48","0.04"
"21","H","Ren","yes",0,-1,0,"1.17","-0.25","-0.20"
"22","A","Lil","yes",0,-3,0,"0.21","0.78","0.57"
"23","H","Rei","yes",0,-1,1,"1.13","-0.21","0.36"
"24","A","Bre","yes",0,-1,0,"0.40","0.57","0.93"
"25","H","Tou","yes",3,1,1,"1.04","-0.12","0.82"
"26","A","Cle","yes",0,-1,1,"1.33","-0.43","0.39"
"27","H","Mtp","yes",0,-2,0,"1.09","-0.17","0.22"
"28","A","Len","yes",1,0,1,"0.46","0.51","0.73"
"29","H","Nan","yes",0,-1,0,"1.11","-0.19","0.54"
"30","H","Met","yes",0,-1,0,"1.37","-0.46","0.08"
"31","A","PSG","no",NA,NA,NA,"0.30","0.68","0.77"
"32","H","Str","no",NA,NA,NA,"1.38","-0.48","0.29"
"33","A","Nic","no",NA,NA,NA,"0.46","0.50","0.80"
"34","H","Mar","no",NA,NA,NA,"1.68","-0.80","-0.00"
