"","HA","vs","played","Pts","GD","GS","ePts","sched","cumulative"
"1","A","PSG","yes",1,0,0,"0.41","0.54","0.54"
"2","H","Nic","yes",1,0,1,"0.87","0.02","0.55"
"3","H","Lil","yes",3,3,4,"0.91","-0.03","0.52"
"4","A","Hav","yes",0,-3,0,"0.90","-0.02","0.50"
"5","H","Mco","yes",1,0,2,"0.40","0.55","1.05"
"6","A","Nan","yes",0,-2,3,"1.43","-0.61","0.44"
"7","H","Mtp","yes",0,-3,0,"0.88","0.01","0.45"
"8","A","Lyo","yes",1,0,3,"1.14","-0.29","0.16"
"9","H","Ren","yes",3,1,2,"0.97","-0.10","0.06"
"10","A","Rei","yes",0,-1,0,"0.77","0.13","0.19"
"11","H","Len","yes",1,0,0,"0.92","-0.03","0.16"
"12","A","Cle","yes",0,-1,0,"1.57","-0.77","-0.61"
"13","H","Met","yes",0,-1,2,"1.20","-0.35","-0.96"
"14","A","Tou","yes",1,0,1,"1.16","-0.31","-1.27"
"15","H","Mar","yes",0,-2,2,"1.40","-0.58","-1.85"
"16","H","Str","yes",0,-1,1,"1.07","-0.21","-2.06"
"17","A","Bre","yes",0,-4,0,"0.46","0.48","-1.58"
"18","A","Lil","yes",0,-3,0,"0.29","0.68","-0.90"
"19","H","Hav","yes",1,0,3,"1.45","-0.64","-1.53"
"20","A","Met","yes",3,1,2,"1.43","-0.61","-2.14"
"21","H","Rei","yes",3,2,2,"0.79","0.11","-2.03"
"22","A","Str","yes",3,2,3,"0.97","-0.10","-2.13"
"23","H","Nan","yes",0,-1,0,"0.96","-0.08","-2.21"
"24","A","Ren","yes",3,1,2,"0.68","0.24","-1.97"
"25","H","Lyo","yes",0,-2,0,"0.70","0.21","-1.76"
"26","A","Mco","yes",1,0,2,"0.61","0.31","-1.46"
"27","H","Bre","yes",0,-1,0,"0.53","0.40","-1.06"
"28","A","Mtp","yes",0,-2,0,"1.14","-0.28","-1.34"
"29","A","Nic","no",NA,NA,NA,"0.62","0.30","-1.04"
"30","H","PSG","no",NA,NA,NA,"0.20","0.77","-0.27"
"31","H","Tou","no",NA,NA,NA,"0.89","-0.01","-0.28"
"32","A","Len","no",NA,NA,NA,"0.62","0.30","0.03"
"33","A","Mar","no",NA,NA,NA,"0.42","0.52","0.55"
"34","H","Cle","no",NA,NA,NA,"1.38","-0.55","0.00"
