"","HA","vs","played","Pts","GD","GS","ePts","sched","cumulative"
"1","A","Str","yes",0,-1,1,"1.73","-0.38","-0.38"
"2","H","Mtp","yes",0,-3,1,"1.20","0.04","-0.33"
"3","A","Nic","yes",1,0,0,"1.01","0.20","-0.14"
"4","H","PSG","yes",0,-3,1,"0.29","0.77","0.63"
"5","H","Hav","yes",1,0,0,"1.70","-0.35","0.28"
"6","A","Bre","yes",0,-1,0,"0.95","0.25","0.53"
"7","A","Rei","yes",0,-2,0,"1.32","-0.05","0.48"
"8","H","Lor","yes",1,0,3,"1.39","-0.10","0.37"
"9","H","Cle","yes",0,-1,1,"1.63","-0.30","0.08"
"10","H","Met","yes",1,0,1,"1.36","-0.08","-0.00"
"11","A","Ren","yes",3,1,1,"1.22","0.03","0.02"
"12","H","Lil","yes",0,-2,0,"1.07","0.15","0.17"
"13","A","Len","yes",0,-1,2,"1.04","0.17","0.34"
"14","A","Mar","yes",0,-3,0,"0.78","0.38","0.72"
"15","H","Tou","yes",3,3,3,"1.15","0.09","0.81"
"16","A","Mco","yes",3,1,1,"1.22","0.03","0.84"
"17","H","Nan","yes",3,1,1,"1.30","-0.04","0.80"
"18","A","Hav","yes",0,-2,1,"1.39","-0.11","0.70"
"19","H","Ren","yes",0,-1,2,"0.96","0.24","0.93"
"20","H","Mar","yes",3,1,1,"1.59","-0.26","0.67"
"21","A","Mtp","yes",3,1,2,"1.86","-0.48","0.19"
"22","H","Nic","yes",3,1,1,"1.02","0.19","0.38"
"23","A","Met","yes",3,1,2,"2.17","-0.72","-0.34"
"24","H","Len","yes",0,-3,0,"0.97","0.23","-0.11"
"25","A","Lor","yes",3,2,2,"1.90","-0.51","-0.62"
"26","A","Tou","yes",3,1,3,"1.76","-0.40","-1.02"
"27","H","Rei","no",NA,NA,NA,"0.89","0.29","-0.73"
"28","A","Nan","no",NA,NA,NA,"2.01","-0.60","-1.33"
"29","H","Bre","no",NA,NA,NA,"0.70","0.45","-0.88"
"30","A","PSG","no",NA,NA,NA,"0.71","0.43","-0.45"
"31","H","Mco","no",NA,NA,NA,"0.51","0.60","0.15"
"32","A","Lil","no",NA,NA,NA,"0.62","0.51","0.66"
"33","A","Cle","no",NA,NA,NA,"2.10","-0.67","-0.01"
"34","H","Str","no",NA,NA,NA,"1.25","0.01","-0.00"
