"","HA","vs","played","Pts","GD","GS","ePts","sched","cumulative"
"1","A","Cle","yes",3,2,4,"2.51","-0.34","-0.34"
"2","H","Str","yes",3,3,3,"1.94","-0.04","-0.38"
"3","A","Nan","yes",1,0,3,"2.45","-0.31","-0.69"
"4","H","Len","yes",3,3,3,"1.77","0.05","-0.64"
"5","A","Lor","yes",1,0,2,"2.40","-0.29","-0.92"
"6","H","Nic","yes",0,-1,0,"1.73","0.08","-0.85"
"7","H","Mar","yes",3,1,3,"2.20","-0.18","-1.02"
"8","A","Rei","yes",3,2,3,"1.94","-0.04","-1.06"
"9","H","Met","yes",3,1,2,"2.05","-0.09","-1.16"
"10","A","Lil","yes",0,-2,0,"1.07","0.43","-0.73"
"11","H","Bre","yes",3,2,2,"1.39","0.26","-0.47"
"12","A","Hav","yes",1,0,0,"2.16","-0.15","-0.63"
"13","A","PSG","yes",0,-3,2,"1.39","0.26","-0.37"
"14","H","Mtp","yes",3,2,2,"1.80","0.04","-0.33"
"15","A","Ren","yes",3,1,2,"1.92","-0.03","-0.36"
"16","H","Lyo","yes",0,-1,0,"1.51","0.19","-0.16"
"17","A","Tou","yes",3,1,2,"2.28","-0.22","-0.38"
"18","H","Rei","yes",0,-2,1,"1.72","0.08","-0.30"
"19","A","Mar","yes",1,0,2,"1.40","0.25","-0.05"
"20","H","Hav","yes",1,0,1,"2.24","-0.20","-0.25"
"21","A","Nic","yes",3,1,3,"1.75","0.06","-0.18"
"22","H","Tou","yes",0,-1,1,"1.62","0.13","-0.05"
"23","A","Len","yes",3,1,3,"1.74","0.07","0.02"
"24","H","PSG","yes",1,0,0,"0.56","0.70","0.72"
"25","A","Str","yes",3,1,1,"2.05","-0.10","0.62"
"26","H","Lor","yes",1,0,2,"2.11","-0.13","0.49"
"27","A","Met","yes",3,3,5,"2.45","-0.31","0.18"
"28","H","Ren","yes",3,1,1,"1.84","0.02","0.20"
"29","A","Bre","no",NA,NA,NA,"1.48","0.21","0.41"
"30","H","Lil","no",NA,NA,NA,"1.77","0.05","0.46"
"31","A","Lyo","no",NA,NA,NA,"2.17","-0.16","0.30"
"32","H","Cle","no",NA,NA,NA,"2.19","-0.17","0.13"
"33","A","Mtp","no",NA,NA,NA,"2.28","-0.22","-0.09"
"34","H","Nan","no",NA,NA,NA,"1.70","0.09","-0.00"
