"","HA","vs","played","Pts","GD","GS","ePts","sched","cumulative"
"1","H","Lil","yes",1,0,1,"1.90","-0.19","-0.19"
"2","A","Lor","yes",1,0,1,"1.78","-0.11","-0.30"
"3","H","Lyo","yes",1,0,0,"1.73","-0.08","-0.38"
"4","H","Str","yes",3,2,2,"2.06","-0.28","-0.66"
"5","A","PSG","yes",3,1,3,"0.62","0.61","-0.05"
"6","A","Mco","yes",3,1,1,"1.10","0.31","0.26"
"7","H","Bre","yes",1,0,0,"1.47","0.08","0.35"
"8","A","Met","yes",3,1,1,"2.07","-0.29","0.06"
"9","H","Mar","yes",3,1,1,"2.31","-0.44","-0.39"
"10","A","Cle","yes",3,1,1,"1.99","-0.24","-0.63"
"11","H","Ren","yes",3,2,2,"1.79","-0.12","-0.74"
"12","A","Mtp","yes",1,0,0,"1.74","-0.09","-0.83"
"13","H","Tou","yes",3,1,1,"1.97","-0.23","-1.06"
"14","A","Nan","yes",0,-1,0,"1.90","-0.18","-1.24"
"15","H","Rei","yes",3,1,2,"1.71","-0.07","-1.31"
"16","A","Hav","yes",0,-2,1,"1.26","0.21","-1.10"
"17","H","Len","yes",3,2,2,"1.75","-0.09","-1.19"
"18","A","Ren","yes",0,-2,0,"1.10","0.31","-0.88"
"19","H","Met","yes",3,1,1,"2.15","-0.34","-1.22"
"20","A","Bre","yes",1,0,0,"0.84","0.48","-0.74"
"21","H","Mco","yes",0,-1,2,"1.17","0.27","-0.47"
"22","A","Lyo","yes",0,-1,0,"1.66","-0.03","-0.51"
"23","H","Cle","yes",1,0,0,"2.34","-0.46","-0.97"
"24","A","Tou","yes",0,-1,1,"1.64","-0.02","-0.99"
"25","H","Mtp","yes",0,-1,1,"2.02","-0.26","-1.25"
"26","A","Len","yes",3,2,3,"0.93","0.42","-0.83"
"27","H","Nan","no",NA,NA,NA,"2.10","-0.31","-1.14"
"28","A","Rei","no",NA,NA,NA,"1.20","0.25","-0.89"
"29","A","Mar","no",NA,NA,NA,"0.69","0.57","-0.32"
"30","H","Lor","no",NA,NA,NA,"2.17","-0.36","-0.68"
"31","A","Str","no",NA,NA,NA,"1.61","-0.00","-0.68"
"32","H","PSG","no",NA,NA,NA,"0.74","0.54","-0.14"
"33","H","Hav","no",NA,NA,NA,"2.38","-0.49","-0.63"
"34","A","Lil","no",NA,NA,NA,"0.59","0.63","-0.00"
