"","HA","vs","played","Pts","GD","GS","ePts","sched","cumulative"
"1","H","Lor","yes",1,0,0,"2.42","-0.06","-0.06"
"2","A","Tou","yes",1,0,1,"2.56","-0.12","-0.18"
"3","H","Len","yes",3,2,3,"2.12","0.07","-0.11"
"4","A","Lyo","yes",3,3,4,"2.57","-0.12","-0.23"
"5","H","Nic","yes",0,-1,2,"2.17","0.05","-0.18"
"6","H","Mar","yes",3,4,4,"2.53","-0.10","-0.28"
"7","A","Cle","yes",1,0,0,"2.70","-0.18","-0.46"
"8","A","Ren","yes",3,2,3,"2.25","0.02","-0.45"
"9","H","Str","yes",3,3,3,"2.34","-0.02","-0.47"
"10","A","Bre","yes",3,1,3,"2.02","0.12","-0.35"
"11","H","Mtp","yes",3,3,3,"2.31","-0.01","-0.36"
"12","A","Rei","yes",3,3,3,"2.32","-0.02","-0.38"
"13","H","Mco","yes",3,3,5,"1.51","0.34","-0.04"
"14","A","Hav","yes",3,2,2,"2.36","-0.03","-0.07"
"15","H","Nan","yes",3,1,2,"2.37","-0.04","-0.11"
"16","A","Lil","yes",1,0,1,"1.62","0.29","0.19"
"17","H","Met","yes",3,2,3,"2.40","-0.05","0.13"
"18","A","Len","yes",3,2,2,"2.11","0.08","0.21"
"19","H","Bre","yes",1,0,2,"1.83","0.20","0.41"
"20","A","Str","yes",3,1,2,"2.54","-0.11","0.30"
"21","H","Lil","yes",3,2,3,"2.21","0.03","0.33"
"22","A","Nan","yes",3,2,2,"2.67","-0.17","0.16"
"23","H","Ren","yes",1,0,1,"2.12","0.07","0.24"
"24","A","Mco","yes",1,0,0,"2.25","0.02","0.25"
"25","H","Rei","yes",1,0,2,"2.10","0.08","0.34"
"26","A","Mtp","yes",3,4,6,"2.61","-0.14","0.20"
"27","A","Mar","no",NA,NA,NA,"1.84","0.19","0.39"
"28","H","Cle","no",NA,NA,NA,"2.55","-0.11","0.28"
"29","H","Lyo","no",NA,NA,NA,"2.07","0.09","0.37"
"30","A","Lor","no",NA,NA,NA,"2.62","-0.15","0.22"
"31","H","Hav","no",NA,NA,NA,"2.58","-0.13","0.10"
"32","A","Nic","no",NA,NA,NA,"2.08","0.09","0.19"
"33","H","Tou","no",NA,NA,NA,"2.27","0.01","0.20"
"34","A","Met","no",NA,NA,NA,"2.73","-0.20","0.00"
