"","HA","vs","played","Pts","GD","GS","ePts","sched","cumulative"
"1","A","Mar","yes",0,-1,1,"0.80","0.47","0.47"
"2","H","Cle","yes",3,2,2,"2.09","-0.38","0.09"
"3","A","Mtp","yes",3,2,3,"1.88","-0.25","-0.16"
"4","A","Met","yes",1,0,2,"2.19","-0.45","-0.61"
"5","H","Bre","yes",0,-1,1,"1.12","0.26","-0.35"
"6","A","Lil","yes",3,1,2,"0.69","0.54","0.19"
"7","H","Lyo","yes",3,2,2,"1.38","0.08","0.27"
"8","H","Mco","yes",0,-2,1,"0.86","0.43","0.70"
"9","A","Tou","yes",1,0,1,"1.78","-0.18","0.52"
"10","H","Lor","yes",3,1,1,"1.88","-0.24","0.28"
"11","A","Nan","yes",3,1,1,"2.03","-0.34","-0.06"
"12","H","PSG","yes",0,-3,0,"0.51","0.66","0.60"
"13","A","Ren","yes",0,-2,1,"1.25","0.17","0.77"
"14","H","Str","yes",3,1,2,"1.74","-0.15","0.62"
"15","A","Nic","yes",0,-1,1,"1.03","0.32","0.93"
"16","A","Len","yes",0,-2,0,"1.06","0.30","1.23"
"17","H","Hav","yes",3,1,1,"2.14","-0.42","0.81"
"18","A","Mco","yes",3,2,3,"1.24","0.18","0.99"
"19","H","Nan","yes",1,0,0,"1.80","-0.19","0.80"
"20","H","Tou","yes",0,-1,2,"1.64","-0.09","0.71"
"21","A","Lor","yes",0,-2,0,"1.92","-0.27","0.44"
"22","H","Len","yes",1,0,1,"1.40","0.07","0.51"
"23","A","Hav","yes",3,1,2,"1.41","0.06","0.57"
"24","H","Lil","yes",0,-1,0,"1.57","-0.04","0.53"
"25","A","PSG","yes",1,0,2,"0.73","0.52","1.05"
"26","H","Met","yes",3,1,2,"1.85","-0.22","0.83"
"27","A","Lyo","no",NA,NA,NA,"1.80","-0.19","0.64"
"28","H","Nic","no",NA,NA,NA,"1.50","0.01","0.64"
"29","A","Str","no",NA,NA,NA,"1.75","-0.16","0.48"
"30","H","Mtp","no",NA,NA,NA,"1.70","-0.13","0.35"
"31","A","Cle","no",NA,NA,NA,"2.11","-0.40","-0.05"
"32","H","Mar","no",NA,NA,NA,"2.05","-0.36","-0.40"
"33","A","Bre","no",NA,NA,NA,"0.97","0.36","-0.04"
"34","H","Ren","no",NA,NA,NA,"1.44","0.04","-0.00"
