"","HA","vs","played","Pts","GD","GS","ePts","sched","cumulative"
"1","H","Lyo","yes",3,1,2,"0.96","0.13","0.13"
"2","A","Mco","yes",0,-3,0,"0.87","0.22","0.35"
"3","H","Tou","yes",3,2,2,"1.20","-0.08","0.27"
"4","A","Nic","yes",0,-2,0,"0.69","0.38","0.64"
"5","H","Mtp","yes",1,0,2,"1.26","-0.14","0.50"
"6","A","Met","yes",3,1,1,"1.84","-0.66","-0.16"
"7","H","Len","yes",0,-1,0,"1.02","0.08","-0.07"
"8","H","Nan","yes",0,-1,1,"1.36","-0.23","-0.30"
"9","A","PSG","yes",0,-3,0,"0.47","0.58","0.27"
"10","A","Ren","yes",1,0,1,"0.87","0.22","0.49"
"11","H","Cle","yes",1,0,0,"1.69","-0.52","-0.03"
"12","H","Mar","yes",1,0,1,"1.64","-0.49","-0.52"
"13","A","Rei","yes",0,-1,1,"0.95","0.14","-0.38"
"14","A","Bre","yes",1,0,1,"0.64","0.42","0.04"
"15","H","Hav","yes",3,1,2,"1.75","-0.59","-0.55"
"16","A","Lor","yes",3,1,2,"1.53","-0.38","-0.93"
"17","H","Lil","yes",3,1,2,"1.13","-0.02","-0.95"
"18","A","Mar","yes",1,0,1,"0.52","0.53","-0.42"
"19","A","Cle","yes",1,0,1,"1.75","-0.58","-1.00"
"20","H","PSG","yes",0,-1,1,"0.31","0.72","-0.27"
"21","A","Len","yes",0,-2,1,"0.72","0.35","0.08"
"22","H","Lor","yes",0,-2,1,"1.45","-0.31","-0.23"
"23","H","Bre","yes",0,-3,0,"0.74","0.33","0.10"
"24","A","Mtp","yes",1,0,2,"1.48","-0.34","-0.24"
"25","H","Mco","yes",0,-1,0,"0.54","0.51","0.28"
"26","A","Nan","yes",3,2,3,"1.65","-0.49","-0.21"
"27","H","Ren","no",NA,NA,NA,"1.01","0.09","-0.13"
"28","A","Tou","no",NA,NA,NA,"1.38","-0.24","-0.37"
"29","H","Rei","no",NA,NA,NA,"0.94","0.15","-0.22"
"30","A","Lil","no",NA,NA,NA,"0.40","0.64","0.42"
"31","H","Nic","no",NA,NA,NA,"1.07","0.04","0.45"
"32","A","Hav","no",NA,NA,NA,"1.01","0.08","0.54"
"33","H","Met","no",NA,NA,NA,"1.41","-0.28","0.26"
"34","A","Lyo","no",NA,NA,NA,"1.40","-0.26","-0.00"
