"","HA","vs","played","Pts","GD","ePts","sched","cumulative"
"1","A","Tot","yes",3,1,"1.57","-0.02","-0.02"
"2","H","WBA","yes",3,3,"1.91","-0.25","-0.27"
"3","A","Pal","yes",3,1,"2.02","-0.31","-0.59"
"4","H","BHA","yes",3,2,"1.45","0.05","-0.53"
"5","H","Liv","yes",1,0,"0.78","0.49","-0.04"
"6","A","Sot","yes",0,-2,"1.83","-0.19","-0.23"
"7","A","New","yes",0,-1,"2.02","-0.32","-0.55"
"8","H","MnU","yes",0,-2,"0.51","0.67","0.12"
"9","A","Ful","yes",3,1,"2.50","-0.63","-0.51"
"10","H","Lee","yes",0,-1,"1.01","0.34","-0.17"
"11","A","Bur","yes",1,0,"2.22","-0.45","-0.62"
"12","H","Che","yes",3,1,"0.86","0.44","-0.18"
"13","A","Lei","yes",3,2,"1.83","-0.19","-0.37"
"14","H","Ars","yes",3,1,"0.89","0.42","0.05"
"15","A","ShU","yes",3,1,"2.26","-0.48","-0.43"
"16","H","WHU","yes",0,-1,"0.98","0.36","-0.07"
"17","A","Wol","yes",3,1,"1.93","-0.26","-0.32"
"18","H","Lei","yes",1,0,"0.69","0.55","0.23"
"19","H","New","yes",0,-2,"1.36","0.11","0.34"
"20","A","Lee","yes",3,1,"1.77","-0.15","0.19"
"21","A","MnU","yes",1,0,"1.70","-0.11","0.08"
"22","H","Ful","yes",0,-2,"1.52","0.01","0.09"
"23","H","MnC","yes",0,-2,"0.46","0.70","0.79"
"24","A","Liv","yes",3,2,"1.59","-0.04","0.75"
"25","H","Sot","yes",3,1,"1.67","-0.09","0.66"
"26","A","WBA","yes",3,1,"2.31","-0.51","0.16"
"27","A","Che","yes",0,-2,"1.58","-0.03","0.13"
"28","H","Bur","yes",0,-1,"1.40","0.09","0.22"
"29","H","Pal","yes",1,0,"1.41","0.08","0.30"
"30","A","BHA","yes",1,0,"2.10","-0.37","-0.07"
"31","H","Tot","yes",1,0,"1.06","0.31","0.24"
"32","A","Ars","yes",3,1,"1.82","-0.19","0.05"
"33","H","Ast","yes",0,-1,"1.00","0.35","0.40"
"34","A","WHU","yes",3,1,"1.53","0.01","0.40"
"35","A","Ast","yes",1,0,"1.95","-0.27","0.13"
"36","H","ShU","yes",0,-1,"2.15","-0.40","-0.27"
"37","H","Wol","yes",3,1,"1.46","0.05","-0.23"
"38","A","MnC","yes",0,-5,"1.19","0.23","-0.00"
