"","HA","vs","played","Pts","GD","ePts","sched","cumulative"
"1","A","Liv","yes",0,-1,"1.22","0.21","0.21"
"2","H","Ful","yes",3,1,"1.88","-0.23","-0.03"
"3","A","ShU","yes",3,1,"1.97","-0.29","-0.31"
"4","H","MnC","yes",1,0,"0.69","0.55","0.24"
"5","H","Wol","yes",0,-1,"1.83","-0.19","0.04"
"6","A","Ast","yes",3,3,"1.59","-0.04","0.00"
"7","H","Lei","yes",0,-3,"1.00","0.35","0.35"
"8","A","Pal","yes",0,-3,"1.67","-0.09","0.26"
"9","H","Ars","yes",1,0,"1.23","0.20","0.45"
"10","A","Eve","yes",3,1,"1.75","-0.14","0.31"
"11","A","Che","yes",0,-2,"1.21","0.21","0.52"
"12","H","WHU","yes",0,-1,"1.34","0.12","0.64"
"13","H","New","yes",3,3,"1.73","-0.13","0.51"
"14","A","MnU","yes",0,-4,"1.33","0.13","0.64"
"15","H","Bur","yes",3,1,"1.77","-0.15","0.49"
"16","A","WBA","yes",3,5,"2.03","-0.33","0.16"
"17","A","Tot","yes",0,-3,"1.20","0.22","0.38"
"18","H","BHA","yes",0,-1,"1.82","-0.19","0.19"
"19","A","New","yes",3,1,"1.67","-0.09","0.10"
"20","A","Lei","yes",3,2,"1.47","0.04","0.14"
"21","H","Eve","yes",0,-1,"1.03","0.33","0.46"
"22","H","Pal","yes",3,2,"1.78","-0.16","0.30"
"23","A","Ars","yes",0,-2,"1.46","0.05","0.35"
"24","A","Wol","yes",0,-1,"1.57","-0.03","0.33"
"25","H","Sot","yes",3,3,"2.01","-0.32","0.01"
"26","H","Ast","yes",0,-1,"1.37","0.11","0.12"
"27","A","WHU","yes",0,-2,"1.16","0.24","0.36"
"28","H","Che","yes",1,0,"1.20","0.22","0.58"
"29","A","Ful","yes",3,1,"2.28","-0.49","0.09"
"30","H","ShU","yes",3,1,"2.41","-0.57","-0.48"
"31","A","MnC","yes",3,1,"0.85","0.44","-0.04"
"32","H","Liv","yes",1,0,"1.10","0.28","0.24"
"33","H","MnU","yes",1,0,"0.76","0.50","0.74"
"34","A","BHA","yes",0,-2,"1.77","-0.15","0.59"
"35","H","Tot","yes",3,2,"1.43","0.07","0.65"
"36","A","Bur","yes",3,4,"1.91","-0.25","0.41"
"37","A","Sot","yes",3,2,"1.47","0.04","0.45"
"38","H","WBA","yes",3,2,"2.22","-0.45","0.00"
