"","HA","vs","played","Pts","GD","ePts","sched","cumulative"
"1","H","Lee","yes",3,1,"1.57","0.11","0.11"
"2","A","Che","yes",3,2,"1.50","0.15","0.26"
"3","H","Ars","yes",3,2,"1.42","0.19","0.45"
"4","A","Ast","yes",0,-5,"1.88","-0.06","0.39"
"5","A","Eve","yes",1,0,"2.02","-0.15","0.24"
"6","H","ShU","yes",3,1,"2.51","-0.42","-0.18"
"7","H","WHU","yes",3,1,"1.53","0.13","-0.05"
"8","A","MnC","yes",1,0,"1.11","0.37","0.32"
"9","H","Lei","yes",3,3,"1.18","0.33","0.65"
"10","A","BHA","yes",1,0,"2.03","-0.15","0.50"
"11","H","Wol","yes",3,4,"2.00","-0.14","0.37"
"12","A","Ful","yes",1,0,"2.46","-0.40","-0.03"
"13","H","Tot","yes",3,1,"1.62","0.08","0.05"
"14","A","Pal","yes",3,7,"1.95","-0.10","-0.05"
"15","H","WBA","yes",1,0,"2.35","-0.33","-0.39"
"16","A","New","yes",1,0,"1.95","-0.10","-0.49"
"17","A","Sot","yes",0,-1,"1.76","0.00","-0.49"
"18","H","MnU","yes",1,0,"0.92","0.48","-0.01"
"19","H","Bur","yes",0,-1,"1.95","-0.10","-0.11"
"20","A","Tot","yes",3,2,"1.49","0.15","0.04"
"21","A","WHU","yes",3,2,"1.45","0.18","0.22"
"22","H","BHA","yes",0,-1,"2.00","-0.13","0.09"
"23","H","MnC","yes",0,-3,"0.84","0.52","0.62"
"24","A","Lei","yes",0,-2,"1.76","0.00","0.62"
"25","H","Eve","yes",0,-2,"1.21","0.31","0.93"
"26","A","ShU","yes",3,2,"2.21","-0.25","0.68"
"27","H","Che","yes",0,-1,"1.39","0.21","0.90"
"28","H","Ful","yes",0,-1,"2.05","-0.16","0.73"
"29","A","Wol","yes",3,1,"1.86","-0.05","0.68"
"30","A","Ars","yes",3,3,"1.75","0.01","0.69"
"31","H","Ast","yes",3,1,"1.56","0.12","0.81"
"32","A","Lee","yes",1,0,"1.69","0.04","0.85"
"33","H","New","yes",1,0,"1.91","-0.08","0.76"
"34","H","Sot","yes",3,2,"2.17","-0.23","0.53"
"35","A","MnU","yes",3,2,"1.63","0.08","0.61"
"36","A","WBA","yes",3,1,"2.26","-0.28","0.33"
"37","A","Bur","yes",3,3,"2.16","-0.22","0.11"
"38","H","Pal","yes",3,2,"1.96","-0.11","0.00"
