"","HA","vs","played","Pts","GD","ePts","sched","cumulative"
"1","H","Pal","yes",0,-2,"1.85","0.02","0.02"
"2","A","BHA","yes",3,1,"2.34","-0.24","-0.22"
"3","H","Tot","yes",0,-5,"1.50","0.20","-0.02"
"4","A","New","yes",3,3,"2.28","-0.21","-0.23"
"5","H","Che","yes",1,0,"1.27","0.33","0.10"
"6","H","Ars","yes",0,-1,"1.30","0.31","0.41"
"7","A","Eve","yes",3,2,"2.33","-0.24","0.18"
"8","H","WBA","yes",3,1,"2.27","-0.20","-0.03"
"9","A","Sot","yes",3,1,"2.12","-0.12","-0.15"
"10","A","WHU","yes",3,2,"1.85","0.02","-0.13"
"11","H","MnC","yes",1,0,"0.74","0.61","0.47"
"12","A","ShU","yes",3,1,"2.47","-0.31","0.16"
"13","H","Lee","yes",3,4,"1.45","0.23","0.39"
"14","A","Lei","yes",1,0,"2.12","-0.13","0.27"
"15","H","Wol","yes",3,1,"1.89","-0.01","0.26"
"16","H","Ast","yes",3,1,"1.44","0.24","0.50"
"17","A","Bur","yes",3,1,"2.43","-0.29","0.21"
"18","A","Liv","yes",1,0,"1.91","-0.01","0.20"
"19","A","Ful","yes",3,1,"2.65","-0.40","-0.21"
"20","H","ShU","yes",0,-1,"2.45","-0.30","-0.51"
"21","A","Ars","yes",1,0,"2.11","-0.12","-0.63"
"22","H","Sot","yes",3,9,"2.07","-0.10","-0.73"
"23","H","Eve","yes",1,0,"1.10","0.42","-0.31"
"24","A","WBA","yes",1,0,"2.50","-0.33","-0.64"
"25","H","New","yes",3,2,"1.80","0.04","-0.59"
"26","A","Che","yes",1,0,"1.90","-0.01","-0.60"
"27","A","Pal","yes",1,0,"2.27","-0.21","-0.81"
"28","A","MnC","yes",3,2,"1.51","0.20","-0.61"
"29","H","WHU","yes",3,1,"1.41","0.25","-0.36"
"30","H","BHA","yes",3,1,"1.89","-0.00","-0.36"
"31","A","Tot","yes",3,2,"1.89","-0.00","-0.37"
"32","H","Bur","yes",3,2,"1.83","0.03","-0.34"
"33","A","Lee","yes",1,0,"2.07","-0.10","-0.44"
"34","A","Ast","yes",3,2,"2.22","-0.18","-0.61"
"35","H","Lei","yes",0,-1,"1.06","0.44","-0.18"
"36","H","Liv","yes",0,-2,"1.17","0.38","0.20"
"37","H","Ful","yes",1,0,"1.95","-0.03","0.17"
"38","A","Wol","yes",3,1,"2.20","-0.17","0.00"
