"","HA","vs","played","Pts","GD","GS","ePts","sched","cumulative"
"1","A","WBA","yes",0,-1,0,"1.18","0.10","0.10"
"2","H","Bir","yes",0,-1,1,"0.63","0.52","0.62"
"3","A","Hul","yes",3,3,3,"1.56","-0.18","0.44"
"4","H","Nor","yes",0,-2,0,"0.49","0.63","1.07"
"5","A","Wat","yes",3,1,1,"2.14","-0.63","0.44"
"6","A","Cha","no",NA,NA,NA,"2.03","-0.54","-0.10"
"7","H","Swa","no",NA,NA,NA,"1.29","0.02","-0.07"
"8","H","Sto","no",NA,NA,NA,"0.30","0.77","0.70"
"9","A","Cov","no",NA,NA,NA,"1.46","-0.11","0.59"
"10","H","ShU","no",NA,NA,NA,"3.00","-1.28","-0.69"
"11","H","Sou","no",NA,NA,NA,"1.35","-0.03","-0.71"
"12","A","Lei","no",NA,NA,NA,"0.87","0.34","-0.38"
"13","A","Bri","no",NA,NA,NA,"2.05","-0.56","-0.93"
"14","H","Der","no",NA,NA,NA,"0.80","0.39","-0.54"
"15","A","PNE","no",NA,NA,NA,"0.46","0.65","0.11"
"16","H","QPR","no",NA,NA,NA,"0.98","0.25","0.36"
"17","A","Wre","no",NA,NA,NA,"2.26","-0.72","-0.36"
"18","H","ShW","no",NA,NA,NA,"1.19","0.10","-0.26"
"19","H","Oxf","no",NA,NA,NA,"1.06","0.20","-0.06"
"20","A","Por","no",NA,NA,NA,"1.73","-0.31","-0.37"
"21","H","Mil","no",NA,NA,NA,"0.81","0.38","0.01"
"22","A","Mid","no",NA,NA,NA,"0.12","0.91","0.92"
"23","H","Wre","no",NA,NA,NA,"0.77","0.42","1.34"
"24","H","Cha","no",NA,NA,NA,"1.32","-0.00","1.33"
"25","A","Ips","no",NA,NA,NA,"2.13","-0.61","0.72"
"26","A","Swa","no",NA,NA,NA,"2.37","-0.80","-0.08"
"27","H","Wat","no",NA,NA,NA,"1.85","-0.41","-0.49"
"28","H","Hul","no",NA,NA,NA,"1.38","-0.04","-0.53"
"29","A","Nor","no",NA,NA,NA,"2.31","-0.75","-1.29"
"30","A","QPR","no",NA,NA,NA,"0.82","0.37","-0.91"
"31","H","PNE","no",NA,NA,NA,"0.49","0.62","-0.29"
"32","H","Bri","no",NA,NA,NA,"1.04","0.21","-0.08"
"33","A","Der","no",NA,NA,NA,"2.23","-0.69","-0.77"
"34","H","Por","no",NA,NA,NA,"0.62","0.53","-0.24"
"35","A","Oxf","no",NA,NA,NA,"2.03","-0.54","-0.78"
"36","A","Mil","no",NA,NA,NA,"1.90","-0.44","-1.22"
"37","H","Mid","no",NA,NA,NA,"0.08","0.94","-0.29"
"38","A","Bir","no",NA,NA,NA,"1.18","0.10","-0.18"
"39","H","WBA","no",NA,NA,NA,"0.16","0.88","0.70"
"40","A","Sto","no",NA,NA,NA,"0.66","0.50","1.20"
"41","H","Cov","no",NA,NA,NA,"0.60","0.54","1.74"
"42","A","ShU","no",NA,NA,NA,"3.00","-1.28","0.47"
"43","A","Sou","no",NA,NA,NA,"1.65","-0.26","0.21"
"44","H","Lei","no",NA,NA,NA,"0.53","0.60","0.81"
"45","A","ShW","no",NA,NA,NA,"2.59","-0.97","-0.16"
"46","H","Ips","no",NA,NA,NA,"1.11","0.16","0.00"
