"","HA","vs","played","Pts","GD","GS","ePts","sched","cumulative"
"1","A","ShU","yes",3,3,4,"3.00","-1.69","-1.69"
"2","H","Cha","yes",1,0,0,"1.47","-0.32","-2.01"
"3","A","Der","yes",1,0,1,"1.64","-0.47","-2.48"
"4","H","Hul","yes",3,2,4,"1.51","-0.36","-2.84"
"5","A","ShW","yes",3,3,3,"2.17","-0.95","-3.79"
"6","H","Oxf","yes",0,-2,1,"1.21","-0.08","-3.88"
"7","A","PNE","no",NA,NA,NA,"0.22","0.80","-3.07"
"8","H","Ips","no",NA,NA,NA,"1.26","-0.13","-3.21"
"9","H","QPR","no",NA,NA,NA,"1.12","-0.00","-3.21"
"10","A","Nor","no",NA,NA,NA,"1.73","-0.56","-3.77"
"11","H","Sou","no",NA,NA,NA,"1.50","-0.35","-4.12"
"12","H","Bir","no",NA,NA,NA,"0.75","0.33","-3.79"
"13","A","Sto","no",NA,NA,NA,"0.32","0.71","-3.07"
"14","H","Bbn","no",NA,NA,NA,"0.69","0.38","-2.69"
"15","A","Wat","no",NA,NA,NA,"1.52","-0.37","-3.05"
"16","H","Swa","no",NA,NA,NA,"1.43","-0.28","-3.33"
"17","A","Wre","no",NA,NA,NA,"1.67","-0.50","-3.83"
"18","A","Por","no",NA,NA,NA,"1.07","0.04","-3.80"
"19","H","Mil","no",NA,NA,NA,"0.94","0.16","-3.64"
"20","H","Lei","no",NA,NA,NA,"0.69","0.38","-3.26"
"21","A","Cov","no",NA,NA,NA,"0.82","0.26","-2.99"
"22","H","Mid","no",NA,NA,NA,"0.10","0.91","-2.08"
"23","A","WBA","no",NA,NA,NA,"0.72","0.35","-1.73"
"24","H","Por","no",NA,NA,NA,"0.76","0.32","-1.41"
"25","H","PNE","no",NA,NA,NA,"0.59","0.47","-0.93"
"26","A","Oxf","no",NA,NA,NA,"1.40","-0.26","-1.19"
"27","A","Ips","no",NA,NA,NA,"1.51","-0.35","-1.55"
"28","H","ShW","no",NA,NA,NA,"1.34","-0.20","-1.75"
"29","H","Der","no",NA,NA,NA,"0.97","0.13","-1.62"
"30","A","Hul","no",NA,NA,NA,"0.91","0.18","-1.44"
"31","H","Wre","no",NA,NA,NA,"0.89","0.21","-1.23"
"32","A","Swa","no",NA,NA,NA,"1.82","-0.64","-1.87"
"33","A","Bbn","no",NA,NA,NA,"1.55","-0.39","-2.26"
"34","H","Wat","no",NA,NA,NA,"1.98","-0.78","-3.04"
"35","H","Cov","no",NA,NA,NA,"0.71","0.36","-2.68"
"36","A","Lei","no",NA,NA,NA,"0.44","0.60","-2.07"
"37","A","Mid","no",NA,NA,NA,"0.06","0.95","-1.13"
"38","H","WBA","no",NA,NA,NA,"0.20","0.82","-0.31"
"39","A","Cha","no",NA,NA,NA,"1.39","-0.24","-0.55"
"40","H","ShU","no",NA,NA,NA,"3.00","-1.69","-2.24"
"41","A","QPR","no",NA,NA,NA,"0.40","0.64","-1.60"
"42","H","Nor","no",NA,NA,NA,"0.58","0.48","-1.12"
"43","A","Sou","no",NA,NA,NA,"1.00","0.10","-1.02"
"44","A","Bir","no",NA,NA,NA,"0.62","0.44","-0.58"
"45","H","Sto","no",NA,NA,NA,"0.36","0.68","0.10"
"46","A","Mil","no",NA,NA,NA,"1.22","-0.10","-0.00"
