"","HA","vs","played","Pts","GD","GS","ePts","sched","cumulative"
"1","H","Swa","yes",3,1,1,"2.92","-0.05","-0.05"
"2","A","Mil","yes",3,3,3,"2.80","-0.01","-0.06"
"3","A","Nor","yes",3,1,2,"2.88","-0.04","-0.09"
"4","H","ShU","yes",3,1,1,"3.00","-0.08","-0.17"
"5","A","PNE","yes",1,0,2,"1.96","0.29","0.12"
"6","H","WBA","yes",3,1,2,"2.43","0.13","0.25"
"7","A","Sou","no",NA,NA,NA,"2.74","0.01","0.26"
"8","H","Sto","no",NA,NA,NA,"2.68","0.04","0.30"
"9","A","Por","no",NA,NA,NA,"2.76","0.01","0.31"
"10","H","Ips","no",NA,NA,NA,"2.91","-0.05","0.26"
"11","A","ShW","no",NA,NA,NA,"2.93","-0.05","0.21"
"12","H","Wre","no",NA,NA,NA,"2.87","-0.03","0.18"
"13","A","Wat","no",NA,NA,NA,"2.85","-0.03","0.15"
"14","A","Lei","no",NA,NA,NA,"2.41","0.13","0.29"
"15","H","Bir","no",NA,NA,NA,"2.84","-0.02","0.27"
"16","A","Oxf","no",NA,NA,NA,"2.83","-0.02","0.25"
"17","H","Cov","no",NA,NA,NA,"2.83","-0.02","0.23"
"18","H","Der","no",NA,NA,NA,"2.87","-0.03","0.20"
"19","A","Hul","no",NA,NA,NA,"2.72","0.02","0.23"
"20","A","Cha","no",NA,NA,NA,"2.83","-0.02","0.21"
"21","H","QPR","no",NA,NA,NA,"2.90","-0.04","0.17"
"22","A","Bri","no",NA,NA,NA,"2.83","-0.02","0.15"
"23","H","Bbn","no",NA,NA,NA,"2.82","-0.01","0.14"
"24","A","Der","no",NA,NA,NA,"2.87","-0.03","0.11"
"25","H","Sou","no",NA,NA,NA,"2.93","-0.05","0.05"
"26","A","WBA","no",NA,NA,NA,"2.58","0.07","0.12"
"27","A","Sto","no",NA,NA,NA,"2.23","0.20","0.32"
"28","H","PNE","no",NA,NA,NA,"2.80","-0.00","0.32"
"29","H","Nor","no",NA,NA,NA,"2.79","-0.00","0.31"
"30","A","ShU","no",NA,NA,NA,"3.00","-0.08","0.24"
"31","A","Cov","no",NA,NA,NA,"2.69","0.03","0.27"
"32","H","Oxf","no",NA,NA,NA,"2.90","-0.04","0.23"
"33","H","Lei","no",NA,NA,NA,"2.81","-0.01","0.22"
"34","A","Bir","no",NA,NA,NA,"2.58","0.07","0.29"
"35","A","QPR","no",NA,NA,NA,"2.38","0.14","0.43"
"36","H","Cha","no",NA,NA,NA,"2.93","-0.05","0.38"
"37","H","Bri","no",NA,NA,NA,"2.90","-0.04","0.34"
"38","A","Bbn","no",NA,NA,NA,"2.86","-0.03","0.31"
"39","H","Mil","no",NA,NA,NA,"2.87","-0.03","0.28"
"40","A","Swa","no",NA,NA,NA,"2.90","-0.04","0.24"
"41","H","Por","no",NA,NA,NA,"2.83","-0.02","0.22"
"42","A","Ips","no",NA,NA,NA,"2.85","-0.02","0.20"
"43","H","ShW","no",NA,NA,NA,"2.92","-0.05","0.15"
"44","H","Wat","no",NA,NA,NA,"2.96","-0.06","0.09"
"45","A","Wre","no",NA,NA,NA,"2.88","-0.03","0.05"
"46","H","Hul","no",NA,NA,NA,"2.93","-0.05","-0.00"
