"","HA","vs","played","Pts","GD","GS","ePts","sched","cumulative"
"1","A","Nor","yes",3,1,2,"2.01","-0.55","-0.55"
"2","H","Mid","yes",0,-3,0,"0.12","0.91","0.36"
"3","A","ShU","yes",3,1,1,"3.00","-1.32","-0.96"
"4","H","Wre","yes",0,-2,0,"1.05","0.19","-0.77"
"5","A","Cha","yes",1,0,1,"1.67","-0.29","-1.06"
"6","H","Wat","yes",3,1,1,"2.15","-0.66","-1.72"
"7","A","Swa","no",NA,NA,NA,"2.09","-0.62","-2.34"
"8","H","Cov","no",NA,NA,NA,"0.85","0.34","-1.99"
"9","H","WBA","no",NA,NA,NA,"0.23","0.82","-1.17"
"10","A","QPR","no",NA,NA,NA,"0.55","0.58","-0.59"
"11","H","Sto","no",NA,NA,NA,"0.44","0.66","0.07"
"12","H","Lei","no",NA,NA,NA,"0.76","0.41","0.48"
"13","A","Oxf","no",NA,NA,NA,"1.67","-0.29","0.20"
"14","A","Bir","no",NA,NA,NA,"0.83","0.36","0.56"
"15","H","PNE","no",NA,NA,NA,"0.71","0.45","1.01"
"16","A","Por","no",NA,NA,NA,"1.34","-0.03","0.97"
"17","H","ShW","no",NA,NA,NA,"1.52","-0.17","0.80"
"18","H","Sou","no",NA,NA,NA,"1.69","-0.30","0.49"
"19","A","Bri","no",NA,NA,NA,"1.69","-0.31","0.19"
"20","A","Der","no",NA,NA,NA,"1.91","-0.47","-0.29"
"21","H","Hul","no",NA,NA,NA,"1.71","-0.32","-0.61"
"22","A","Bbn","no",NA,NA,NA,"1.82","-0.41","-1.01"
"23","H","Ips","no",NA,NA,NA,"1.44","-0.11","-1.12"
"24","A","Sou","no",NA,NA,NA,"1.26","0.02","-1.10"
"25","H","Swa","no",NA,NA,NA,"1.63","-0.26","-1.36"
"26","A","Wat","no",NA,NA,NA,"1.80","-0.39","-1.75"
"27","A","Cov","no",NA,NA,NA,"1.07","0.17","-1.58"
"28","H","Cha","no",NA,NA,NA,"1.66","-0.28","-1.86"
"29","H","ShU","no",NA,NA,NA,"3.00","-1.32","-3.17"
"30","A","Wre","no",NA,NA,NA,"1.95","-0.51","-3.68"
"31","A","ShW","no",NA,NA,NA,"2.38","-0.84","-4.52"
"32","H","Por","no",NA,NA,NA,"0.87","0.33","-4.19"
"33","H","Bir","no",NA,NA,NA,"0.89","0.32","-3.87"
"34","A","PNE","no",NA,NA,NA,"0.29","0.77","-3.10"
"35","A","Hul","no",NA,NA,NA,"1.17","0.10","-3.00"
"36","H","Der","no",NA,NA,NA,"1.10","0.15","-2.85"
"37","H","Bbn","no",NA,NA,NA,"0.79","0.39","-2.46"
"38","A","Ips","no",NA,NA,NA,"1.78","-0.38","-2.84"
"39","A","Mid","no",NA,NA,NA,"0.08","0.94","-1.90"
"40","H","Nor","no",NA,NA,NA,"0.70","0.46","-1.44"
"41","A","WBA","no",NA,NA,NA,"0.83","0.36","-1.08"
"42","H","QPR","no",NA,NA,NA,"1.31","-0.01","-1.09"
"43","A","Sto","no",NA,NA,NA,"0.43","0.67","-0.42"
"44","A","Lei","no",NA,NA,NA,"0.58","0.55","0.13"
"45","H","Oxf","no",NA,NA,NA,"1.39","-0.07","0.06"
"46","H","Bri","no",NA,NA,NA,"1.37","-0.06","-0.00"
