"","HA","vs","played","Pts","GD","GS","ePts","sched","cumulative"
"1","H","Mil","yes",0,-1,1,"0.42","0.64","0.64"
"2","A","Por","yes",3,1,2,"1.70","-0.44","0.20"
"3","H","Mid","yes",0,-1,1,"0.28","0.76","0.96"
"4","A","Bbn","yes",3,2,2,"2.40","-1.03","-0.07"
"5","A","Cov","yes",1,0,1,"1.16","0.02","-0.05"
"6","H","Wre","yes",0,-1,2,"0.41","0.65","0.60"
"7","A","Sto","yes",1,0,1,"1.32","-0.12","0.48"
"8","H","WBA","yes",0,-1,0,"0.30","0.75","1.23"
"9","A","Ips","no",NA,NA,NA,"1.69","-0.43","0.80"
"10","H","Bri","no",NA,NA,NA,"0.51","0.57","1.37"
"11","A","Der","no",NA,NA,NA,"2.28","-0.93","0.44"
"12","A","Swa","no",NA,NA,NA,"2.10","-0.77","-0.33"
"13","H","Hul","no",NA,NA,NA,"0.91","0.23","-0.10"
"14","A","ShW","no",NA,NA,NA,"2.48","-1.10","-1.20"
"15","H","Lei","no",NA,NA,NA,"0.33","0.72","-0.48"
"16","A","Bir","no",NA,NA,NA,"1.61","-0.36","-0.83"
"17","H","Oxf","no",NA,NA,NA,"0.92","0.22","-0.61"
"18","H","QPR","no",NA,NA,NA,"0.49","0.58","-0.03"
"19","A","Wat","no",NA,NA,NA,"1.59","-0.34","-0.37"
"20","A","ShU","no",NA,NA,NA,"2.79","-1.36","-1.73"
"21","H","Sou","no",NA,NA,NA,"0.69","0.42","-1.31"
"22","A","PNE","no",NA,NA,NA,"1.04","0.12","-1.19"
"23","H","Cha","no",NA,NA,NA,"0.78","0.34","-0.86"
"24","A","QPR","no",NA,NA,NA,"1.38","-0.17","-1.03"
"25","H","Sto","no",NA,NA,NA,"0.34","0.71","-0.32"
"26","A","Wre","no",NA,NA,NA,"2.26","-0.91","-1.23"
"27","A","WBA","no",NA,NA,NA,"1.69","-0.43","-1.65"
"28","H","Cov","no",NA,NA,NA,"0.22","0.81","-0.84"
"29","A","Mid","no",NA,NA,NA,"0.78","0.34","-0.50"
"30","H","Bbn","no",NA,NA,NA,"0.46","0.61","0.10"
"31","A","Oxf","no",NA,NA,NA,"2.47","-1.09","-0.99"
"32","H","Bir","no",NA,NA,NA,"0.70","0.41","-0.58"
"33","H","ShW","no",NA,NA,NA,"0.66","0.44","-0.14"
"34","A","Lei","no",NA,NA,NA,"1.14","0.03","-0.10"
"35","A","Sou","no",NA,NA,NA,"1.77","-0.50","-0.60"
"36","H","ShU","no",NA,NA,NA,"1.50","-0.27","-0.88"
"37","H","PNE","no",NA,NA,NA,"0.41","0.65","-0.23"
"38","A","Cha","no",NA,NA,NA,"1.58","-0.34","-0.57"
"39","H","Por","no",NA,NA,NA,"0.56","0.52","-0.04"
"40","A","Mil","no",NA,NA,NA,"1.66","-0.40","-0.44"
"41","H","Ips","no",NA,NA,NA,"0.69","0.41","-0.03"
"42","A","Bri","no",NA,NA,NA,"2.20","-0.86","-0.89"
"43","H","Der","no",NA,NA,NA,"0.62","0.47","-0.42"
"44","H","Swa","no",NA,NA,NA,"0.54","0.54","0.13"
"45","A","Hul","no",NA,NA,NA,"1.65","-0.40","-0.27"
"46","H","Wat","no",NA,NA,NA,"0.86","0.27","-0.00"
