"","HA","vs","played","Pts","GD","GS","ePts","sched","cumulative"
"1","H","Por","yes",0,-1,0,"0.75","0.32","0.32"
"2","A","Hul","yes",0,-1,2,"0.89","0.19","0.51"
"3","A","Bir","yes",0,-1,0,"0.60","0.45","0.96"
"4","H","Cov","yes",1,0,2,"0.71","0.36","1.32"
"5","H","Lei","yes",1,0,2,"0.69","0.38","1.70"
"6","A","Bri","yes",3,2,3,"1.37","-0.24","1.45"
"7","H","ShU","no",NA,NA,NA,"3.00","-1.73","-0.27"
"8","A","QPR","no",NA,NA,NA,"0.39","0.65","0.37"
"9","A","Wat","no",NA,NA,NA,"1.49","-0.36","0.02"
"10","H","Der","no",NA,NA,NA,"0.96","0.12","0.14"
"11","A","Wre","no",NA,NA,NA,"1.64","-0.49","-0.35"
"12","A","ShW","no",NA,NA,NA,"2.15","-0.95","-1.30"
"13","H","Mil","no",NA,NA,NA,"0.93","0.15","-1.15"
"14","H","Sto","no",NA,NA,NA,"0.36","0.67","-0.47"
"15","A","WBA","no",NA,NA,NA,"0.70","0.36","-0.11"
"16","H","Mid","no",NA,NA,NA,"0.10","0.91","0.80"
"17","A","Nor","no",NA,NA,NA,"1.70","-0.55","0.25"
"18","H","Ips","no",NA,NA,NA,"1.26","-0.14","0.10"
"19","A","Swa","no",NA,NA,NA,"1.79","-0.63","-0.53"
"20","A","Bbn","no",NA,NA,NA,"1.52","-0.38","-0.91"
"21","H","PNE","no",NA,NA,NA,"0.58","0.47","-0.44"
"22","A","Cha","no",NA,NA,NA,"1.36","-0.23","-0.67"
"23","H","Sou","no",NA,NA,NA,"1.50","-0.36","-1.03"
"24","A","Ips","no",NA,NA,NA,"1.48","-0.34","-1.38"
"25","A","ShU","no",NA,NA,NA,"3.00","-1.73","-3.10"
"26","H","Bri","no",NA,NA,NA,"1.18","-0.07","-3.17"
"27","H","QPR","no",NA,NA,NA,"1.11","-0.01","-3.18"
"28","A","Lei","no",NA,NA,NA,"0.43","0.61","-2.57"
"29","H","Bir","no",NA,NA,NA,"0.74","0.33","-2.25"
"30","A","Cov","no",NA,NA,NA,"0.79","0.28","-1.97"
"31","H","Nor","no",NA,NA,NA,"0.57","0.48","-1.49"
"32","A","Mid","no",NA,NA,NA,"0.06","0.95","-0.54"
"33","A","Sto","no",NA,NA,NA,"0.31","0.72","0.18"
"34","H","WBA","no",NA,NA,NA,"0.20","0.82","1.00"
"35","A","PNE","no",NA,NA,NA,"0.21","0.81","1.80"
"36","H","Bbn","no",NA,NA,NA,"0.68","0.38","2.18"
"37","H","Cha","no",NA,NA,NA,"1.46","-0.33","1.85"
"38","A","Sou","no",NA,NA,NA,"0.97","0.12","1.97"
"39","H","Hul","no",NA,NA,NA,"1.51","-0.37","1.60"
"40","A","Por","no",NA,NA,NA,"1.04","0.05","1.65"
"41","H","Wat","no",NA,NA,NA,"1.98","-0.80","0.85"
"42","A","Der","no",NA,NA,NA,"1.61","-0.46","0.39"
"43","H","Wre","no",NA,NA,NA,"0.88","0.20","0.59"
"44","H","ShW","no",NA,NA,NA,"1.33","-0.21","0.38"
"45","A","Mil","no",NA,NA,NA,"1.19","-0.09","0.29"
"46","H","Swa","no",NA,NA,NA,"1.42","-0.29","-0.00"
