"","HA","vs","played","Pts","GD","GS","ePts","sched","cumulative"
"1","A","QPR","yes",1,0,1,"0.92","0.47","0.47"
"2","H","Lei","yes",3,1,2,"1.88","-0.08","0.39"
"3","H","Ips","yes",3,1,1,"2.18","-0.26","0.13"
"4","A","Por","yes",0,-1,0,"1.72","0.01","0.14"
"5","H","Mid","yes",1,0,2,"1.13","0.35","0.49"
"6","A","Der","yes",3,1,1,"1.91","-0.10","0.39"
"7","H","Bri","yes",1,0,0,"1.94","-0.11","0.27"
"8","A","Hul","yes",1,0,2,"1.31","0.25","0.52"
"9","H","Cha","no",NA,NA,NA,"2.24","-0.29","0.24"
"10","A","WBA","no",NA,NA,NA,"1.22","0.30","0.54"
"11","H","Bir","no",NA,NA,NA,"2.19","-0.26","0.28"
"12","H","ShU","no",NA,NA,NA,"2.66","-0.53","-0.25"
"13","A","Sou","no",NA,NA,NA,"1.21","0.30","0.05"
"14","H","Swa","no",NA,NA,NA,"2.01","-0.16","-0.11"
"15","A","Mil","no",NA,NA,NA,"1.65","0.05","-0.06"
"16","H","Bbn","no",NA,NA,NA,"2.05","-0.18","-0.23"
"17","A","Wat","no",NA,NA,NA,"1.43","0.18","-0.06"
"18","A","ShW","no",NA,NA,NA,"2.15","-0.24","-0.30"
"19","H","Wre","no",NA,NA,NA,"1.93","-0.11","-0.40"
"20","H","Cov","no",NA,NA,NA,"1.55","0.11","-0.30"
"21","A","Oxf","no",NA,NA,NA,"2.14","-0.23","-0.53"
"22","H","Nor","no",NA,NA,NA,"1.68","0.04","-0.49"
"23","A","Sto","no",NA,NA,NA,"0.73","0.58","0.09"
"24","H","ShW","no",NA,NA,NA,"2.27","-0.30","-0.21"
"25","A","Bri","no",NA,NA,NA,"1.61","0.08","-0.14"
"26","H","Der","no",NA,NA,NA,"2.13","-0.22","-0.36"
"27","H","Hul","no",NA,NA,NA,"2.42","-0.39","-0.76"
"28","A","Mid","no",NA,NA,NA,"0.32","0.82","0.06"
"29","A","Ips","no",NA,NA,NA,"1.20","0.31","0.37"
"30","H","Por","no",NA,NA,NA,"2.17","-0.25","0.13"
"31","H","Wat","no",NA,NA,NA,"2.50","-0.44","-0.31"
"32","A","Bbn","no",NA,NA,NA,"2.26","-0.30","-0.61"
"33","A","Swa","no",NA,NA,NA,"1.60","0.08","-0.53"
"34","H","Mil","no",NA,NA,NA,"1.98","-0.14","-0.67"
"35","H","Oxf","no",NA,NA,NA,"2.31","-0.33","-1.00"
"36","A","Cov","no",NA,NA,NA,"0.88","0.50","-0.50"
"37","A","Nor","no",NA,NA,NA,"2.14","-0.23","-0.73"
"38","H","Sto","no",NA,NA,NA,"1.27","0.27","-0.46"
"39","A","Lei","no",NA,NA,NA,"0.86","0.51","0.04"
"40","H","QPR","no",NA,NA,NA,"2.22","-0.28","-0.24"
"41","A","Cha","no",NA,NA,NA,"1.23","0.29","0.05"
"42","H","WBA","no",NA,NA,NA,"1.02","0.41","0.47"
"43","A","Bir","no",NA,NA,NA,"1.11","0.36","0.83"
"44","A","ShU","no",NA,NA,NA,"2.58","-0.49","0.34"
"45","H","Sou","no",NA,NA,NA,"2.15","-0.24","0.10"
"46","A","Wre","no",NA,NA,NA,"1.92","-0.10","0.00"
