"","HA","vs","played","Pts","GD","GS","ePts","sched","cumulative"
"1","A","Oxf","yes",3,1,1,"1.91","-0.30","-0.30"
"2","H","Nor","yes",0,-1,1,"0.84","0.43","0.13"
"3","A","WBA","yes",1,0,1,"1.18","0.20","0.34"
"4","H","PNE","yes",3,1,1,"0.85","0.42","0.76"
"5","A","Sou","yes",1,0,0,"1.51","-0.03","0.73"
"6","H","ShW","yes",0,-2,0,"1.70","-0.15","0.58"
"7","A","Ips","no",NA,NA,NA,"2.01","-0.36","0.22"
"8","H","Wat","no",NA,NA,NA,"2.27","-0.54","-0.32"
"9","H","Mid","no",NA,NA,NA,"0.15","0.90","0.57"
"10","A","Lei","no",NA,NA,NA,"0.78","0.47","1.05"
"11","H","Cov","no",NA,NA,NA,"1.01","0.31","1.36"
"12","H","Sto","no",NA,NA,NA,"0.54","0.63","1.99"
"13","A","Bir","no",NA,NA,NA,"1.04","0.30","2.29"
"14","H","Wre","no",NA,NA,NA,"1.22","0.17","2.46"
"15","A","Hul","no",NA,NA,NA,"1.41","0.04","2.50"
"16","H","Mil","no",NA,NA,NA,"1.28","0.13","2.63"
"17","A","ShU","no",NA,NA,NA,"3.00","-1.03","1.60"
"18","H","Bri","no",NA,NA,NA,"1.54","-0.05","1.55"
"19","A","Cha","no",NA,NA,NA,"1.90","-0.29","1.27"
"20","A","Swa","no",NA,NA,NA,"2.26","-0.53","0.73"
"21","H","Bbn","no",NA,NA,NA,"0.98","0.33","1.07"
"22","A","Der","no",NA,NA,NA,"2.12","-0.44","0.63"
"23","H","QPR","no",NA,NA,NA,"1.48","-0.00","0.63"
"24","A","Bri","no",NA,NA,NA,"1.91","-0.29","0.34"
"25","H","Ips","no",NA,NA,NA,"1.63","-0.10","0.23"
"26","A","ShW","no",NA,NA,NA,"2.51","-0.70","-0.47"
"27","A","Wat","no",NA,NA,NA,"2.02","-0.37","-0.84"
"28","H","Sou","no",NA,NA,NA,"1.86","-0.26","-1.10"
"29","H","WBA","no",NA,NA,NA,"0.31","0.79","-0.30"
"30","A","PNE","no",NA,NA,NA,"0.40","0.73","0.42"
"31","H","ShU","no",NA,NA,NA,"3.00","-1.03","-0.61"
"32","A","Mil","no",NA,NA,NA,"1.75","-0.18","-0.80"
"33","A","Wre","no",NA,NA,NA,"2.14","-0.45","-1.25"
"34","H","Hul","no",NA,NA,NA,"1.87","-0.27","-1.51"
"35","A","Bbn","no",NA,NA,NA,"2.04","-0.38","-1.90"
"36","H","Swa","no",NA,NA,NA,"1.79","-0.21","-2.11"
"37","H","Der","no",NA,NA,NA,"1.32","0.11","-2.00"
"38","A","QPR","no",NA,NA,NA,"0.71","0.52","-1.48"
"39","A","Nor","no",NA,NA,NA,"2.19","-0.49","-1.97"
"40","H","Oxf","no",NA,NA,NA,"1.57","-0.07","-2.04"
"41","A","Mid","no",NA,NA,NA,"0.11","0.93","-1.11"
"42","H","Lei","no",NA,NA,NA,"0.99","0.33","-0.78"
"43","A","Cov","no",NA,NA,NA,"1.30","0.12","-0.66"
"44","A","Sto","no",NA,NA,NA,"0.57","0.61","-0.05"
"45","H","Bir","no",NA,NA,NA,"1.06","0.28","0.24"
"46","H","Cha","no",NA,NA,NA,"1.83","-0.24","-0.00"
