"","HA","vs","played","Pts","GD","GS","ePts","sched","cumulative"
"1","H","Bri","yes",0,-3,1,"0.00","0.04","0.04"
"2","A","Swa","yes",0,-1,0,"0.00","-1.45","-1.41"
"3","H","Mil","yes",0,-1,0,"0.00","0.36","-1.05"
"4","A","Mid","yes",0,-1,0,"0.00","0.97","-0.08"
"5","A","Ips","yes",0,-5,0,"0.00","-0.32","-0.40"
"6","H","Cha","yes",0,-1,0,"0.00","-0.52","-0.92"
"7","A","Oxf","no",NA,NA,NA,"0.00","-0.08","-1.01"
"8","H","Sou","no",NA,NA,NA,"0.00","-0.62","-1.62"
"9","A","Hul","no",NA,NA,NA,"0.00","0.48","-1.14"
"10","H","Wat","no",NA,NA,NA,"0.00","-3.34","-4.48"
"11","A","Bbn","no",NA,NA,NA,"0.00","-0.41","-4.89"
"12","A","PNE","no",NA,NA,NA,"0.00","0.90","-3.99"
"13","H","Der","no",NA,NA,NA,"0.00","0.37","-3.63"
"14","A","Cov","no",NA,NA,NA,"0.00","0.55","-3.08"
"15","H","QPR","no",NA,NA,NA,"0.00","0.13","-2.94"
"16","A","ShW","no",NA,NA,NA,"0.00","-4.59","-7.53"
"17","H","Por","no",NA,NA,NA,"0.00","0.55","-6.98"
"18","A","Lei","no",NA,NA,NA,"0.00","0.79","-6.18"
"19","H","Sto","no",NA,NA,NA,"0.00","0.80","-5.38"
"20","H","Nor","no",NA,NA,NA,"0.00","0.67","-4.71"
"21","A","WBA","no",NA,NA,NA,"0.00","0.69","-4.03"
"22","H","Bir","no",NA,NA,NA,"0.00","0.55","-3.48"
"23","A","Wre","no",NA,NA,NA,"0.00","-0.80","-4.28"
"24","H","Lei","no",NA,NA,NA,"0.00","0.63","-3.65"
"25","H","Oxf","no",NA,NA,NA,"0.00","0.02","-3.63"
"26","A","Cha","no",NA,NA,NA,"0.00","-0.08","-3.71"
"27","A","Sou","no",NA,NA,NA,"0.00","0.41","-3.31"
"28","H","Ips","no",NA,NA,NA,"0.00","-0.07","-3.37"
"29","A","Mil","no",NA,NA,NA,"0.00","0.14","-3.23"
"30","H","Mid","no",NA,NA,NA,"0.00","0.94","-2.29"
"31","A","Por","no",NA,NA,NA,"0.00","0.34","-1.95"
"32","H","ShW","no",NA,NA,NA,"0.00","-0.22","-2.17"
"33","H","Cov","no",NA,NA,NA,"0.00","0.57","-1.60"
"34","A","QPR","no",NA,NA,NA,"0.00","0.81","-0.79"
"35","H","WBA","no",NA,NA,NA,"0.00","0.90","0.11"
"36","A","Nor","no",NA,NA,NA,"0.00","-1.03","-0.93"
"37","A","Bir","no",NA,NA,NA,"0.00","0.69","-0.24"
"38","H","Wre","no",NA,NA,NA,"0.00","0.41","0.17"
"39","H","Swa","no",NA,NA,NA,"0.00","-0.45","-0.28"
"40","A","Bri","no",NA,NA,NA,"0.00","-0.13","-0.42"
"41","H","Hul","no",NA,NA,NA,"0.00","-0.68","-1.10"
"42","A","Wat","no",NA,NA,NA,"0.00","-0.37","-1.46"
"43","H","Bbn","no",NA,NA,NA,"0.00","0.61","-0.85"
"44","H","PNE","no",NA,NA,NA,"0.00","0.66","-0.19"
"45","A","Der","no",NA,NA,NA,"0.00","-0.66","-0.85"
"46","A","Sto","no",NA,NA,NA,"0.00","0.85","0.00"
