"","HA","vs","played","Pts","GD","GS","ePts","sched","cumulative"
"1","A","Lei","yes",0,-1,1,"0.36","0.52","0.52"
"2","H","Sto","yes",0,-3,0,"0.12","0.84","1.36"
"3","A","Wre","yes",1,0,2,"1.50","-0.96","0.40"
"4","H","Swa","yes",0,-2,0,"0.63","0.18","0.58"
"5","H","Bri","yes",0,-3,0,"0.48","0.38","0.95"
"6","A","Por","yes",3,2,2,"0.91","-0.20","0.76"
"7","H","QPR","no",NA,NA,NA,"0.44","0.42","1.18"
"8","A","Bir","no",NA,NA,NA,"0.51","0.33","1.50"
"9","H","Cov","no",NA,NA,NA,"0.25","0.67","2.17"
"10","A","Cha","no",NA,NA,NA,"1.21","-0.59","1.58"
"11","H","Mid","no",NA,NA,NA,"0.04","0.95","2.54"
"12","H","Oxf","no",NA,NA,NA,"0.49","0.36","2.89"
"13","A","WBA","no",NA,NA,NA,"0.60","0.21","3.10"
"14","H","Nor","no",NA,NA,NA,"0.20","0.74","3.84"
"15","A","Sou","no",NA,NA,NA,"0.85","-0.11","3.73"
"16","H","ShU","no",NA,NA,NA,"3.00","-2.93","0.79"
"17","A","Mil","no",NA,NA,NA,"1.06","-0.39","0.41"
"18","H","PNE","no",NA,NA,NA,"0.20","0.73","1.14"
"19","A","Bbn","no",NA,NA,NA,"1.37","-0.80","0.34"
"20","A","Wat","no",NA,NA,NA,"1.35","-0.76","-0.43"
"21","H","Der","no",NA,NA,NA,"0.37","0.52","0.09"
"22","A","Ips","no",NA,NA,NA,"1.33","-0.75","-0.66"
"23","H","Hul","no",NA,NA,NA,"0.69","0.10","-0.55"
"24","A","PNE","no",NA,NA,NA,"0.18","0.76","0.21"
"25","A","QPR","no",NA,NA,NA,"0.33","0.57","0.78"
"26","H","Por","no",NA,NA,NA,"0.27","0.64","1.42"
"27","H","Bir","no",NA,NA,NA,"0.27","0.65","2.07"
"28","A","Bri","no",NA,NA,NA,"1.22","-0.60","1.47"
"29","H","Wre","no",NA,NA,NA,"0.33","0.57","2.04"
"30","A","Swa","no",NA,NA,NA,"1.65","-1.17","0.87"
"31","H","Mil","no",NA,NA,NA,"0.35","0.54","1.41"
"32","A","ShU","no",NA,NA,NA,"3.00","-2.93","-1.52"
"33","A","Nor","no",NA,NA,NA,"1.56","-1.05","-2.57"
"34","H","Sou","no",NA,NA,NA,"0.68","0.11","-2.46"
"35","A","Der","no",NA,NA,NA,"1.47","-0.92","-3.38"
"36","H","Wat","no",NA,NA,NA,"1.08","-0.42","-3.80"
"37","H","Ips","no",NA,NA,NA,"0.52","0.31","-3.49"
"38","A","Hul","no",NA,NA,NA,"0.77","-0.01","-3.50"
"39","A","Sto","no",NA,NA,NA,"0.26","0.66","-2.84"
"40","H","Lei","no",NA,NA,NA,"0.24","0.68","-2.16"
"41","A","Cov","no",NA,NA,NA,"0.69","0.10","-2.06"
"42","H","Cha","no",NA,NA,NA,"0.65","0.14","-1.92"
"43","A","Mid","no",NA,NA,NA,"0.05","0.94","-0.98"
"44","A","Oxf","no",NA,NA,NA,"1.23","-0.61","-1.59"
"45","H","WBA","no",NA,NA,NA,"0.07","0.91","-0.68"
"46","H","Bbn","no",NA,NA,NA,"0.24","0.68","-0.00"
