"","HA","vs","played","Pts","GD","GS","ePts","sched","cumulative"
"1","H","Der","yes",3,2,3,"2.02","-0.19","-0.19"
"2","A","ShW","yes",3,3,3,"2.52","-0.49","-0.67"
"3","A","Sou","yes",3,1,2,"1.72","-0.01","-0.69"
"4","H","WBA","yes",0,-1,0,"1.69","0.00","-0.68"
"5","H","Bir","yes",3,1,1,"1.96","-0.16","-0.84"
"6","A","QPR","yes",0,-1,0,"1.24","0.27","-0.57"
"7","H","Nor","yes",1,0,1,"2.16","-0.27","-0.84"
"8","A","Mid","yes",1,0,0,"0.75","0.55","-0.29"
"9","A","Bbn","yes",1,0,1,"2.20","-0.30","-0.59"
"10","H","Wre","yes",3,1,1,"1.76","-0.04","-0.62"
"11","A","Mil","yes",0,-2,0,"1.05","0.38","-0.24"
"12","A","Por","yes",3,1,1,"1.93","-0.14","-0.38"
"13","H","Bri","no",NA,NA,NA,"1.46","0.14","-0.24"
"14","A","Oxf","no",NA,NA,NA,"1.91","-0.13","-0.37"
"15","H","Cov","no",NA,NA,NA,"1.26","0.26","-0.11"
"16","A","Lei","no",NA,NA,NA,"1.20","0.29","0.19"
"17","H","Cha","no",NA,NA,NA,"1.71","-0.01","0.18"
"18","H","Hul","no",NA,NA,NA,"1.84","-0.09","0.09"
"19","A","ShU","no",NA,NA,NA,"2.25","-0.33","-0.23"
"20","A","Ips","no",NA,NA,NA,"1.21","0.29","0.05"
"21","H","Swa","no",NA,NA,NA,"2.03","-0.20","-0.14"
"22","A","Wat","no",NA,NA,NA,"1.03","0.39","0.25"
"23","H","PNE","no",NA,NA,NA,"1.92","-0.13","0.12"
"24","A","Hul","no",NA,NA,NA,"1.13","0.34","0.45"
"25","A","Nor","no",NA,NA,NA,"2.51","-0.48","-0.03"
"26","H","QPR","no",NA,NA,NA,"1.72","-0.01","-0.04"
"27","H","Mid","no",NA,NA,NA,"1.48","0.13","0.09"
"28","A","Bir","no",NA,NA,NA,"1.59","0.06","0.15"
"29","H","Sou","no",NA,NA,NA,"2.24","-0.32","-0.17"
"30","A","WBA","no",NA,NA,NA,"1.35","0.20","0.03"
"31","A","Cha","no",NA,NA,NA,"1.06","0.37","0.41"
"32","H","Lei","no",NA,NA,NA,"1.78","-0.05","0.36"
"33","H","Oxf","no",NA,NA,NA,"2.15","-0.27","0.09"
"34","A","Cov","no",NA,NA,NA,"0.76","0.55","0.65"
"35","A","Swa","no",NA,NA,NA,"1.73","-0.02","0.63"
"36","H","Ips","no",NA,NA,NA,"2.13","-0.26","0.37"
"37","H","Wat","no",NA,NA,NA,"2.50","-0.48","-0.11"
"38","A","PNE","no",NA,NA,NA,"1.01","0.40","0.30"
"39","H","ShW","no",NA,NA,NA,"2.28","-0.35","-0.05"
"40","A","Der","no",NA,NA,NA,"1.59","0.06","0.01"
"41","H","Bbn","no",NA,NA,NA,"1.75","-0.03","-0.02"
"42","A","Wre","no",NA,NA,NA,"1.61","0.05","0.03"
"43","H","Mil","no",NA,NA,NA,"1.18","0.31","0.34"
"44","H","Por","no",NA,NA,NA,"1.99","-0.17","0.17"
"45","A","Bri","no",NA,NA,NA,"1.41","0.17","0.34"
"46","H","ShU","no",NA,NA,NA,"2.27","-0.34","-0.00"
