"","HA","vs","played","Pts","GD","GS","ePts","sched","cumulative"
"1","A","Mid","yes",0,-1,0,"0.12","0.89","0.89"
"2","H","ShU","yes",3,1,1,"1.95","-0.76","0.13"
"3","H","Wat","yes",1,0,1,"1.74","-0.57","-0.43"
"4","A","ShW","yes",3,2,2,"1.99","-0.80","-1.24"
"5","H","Hul","yes",1,0,2,"1.61","-0.46","-1.69"
"6","A","Bir","yes",0,-1,0,"0.69","0.37","-1.32"
"7","H","Mil","yes",1,0,1,"0.90","0.19","-1.13"
"8","A","Bbn","no",NA,NA,NA,"1.84","-0.66","-1.79"
"9","H","Lei","no",NA,NA,NA,"0.84","0.24","-1.55"
"10","A","Sou","no",NA,NA,NA,"0.99","0.11","-1.44"
"11","H","QPR","no",NA,NA,NA,"1.28","-0.15","-1.59"
"12","H","Nor","no",NA,NA,NA,"0.66","0.41","-1.18"
"13","A","Cha","no",NA,NA,NA,"0.91","0.18","-1.00"
"14","A","PNE","no",NA,NA,NA,"0.49","0.55","-0.45"
"15","H","Ips","no",NA,NA,NA,"1.05","0.05","-0.40"
"16","A","Bri","no",NA,NA,NA,"1.29","-0.17","-0.56"
"17","H","Der","no",NA,NA,NA,"1.15","-0.04","-0.60"
"18","A","WBA","no",NA,NA,NA,"0.97","0.12","-0.48"
"19","H","Oxf","no",NA,NA,NA,"1.48","-0.33","-0.81"
"20","H","Por","no",NA,NA,NA,"1.16","-0.05","-0.86"
"21","A","Sto","no",NA,NA,NA,"0.53","0.52","-0.34"
"22","H","Wre","no",NA,NA,NA,"0.91","0.18","-0.16"
"23","A","Cov","no",NA,NA,NA,"0.72","0.35","0.19"
"24","H","WBA","no",NA,NA,NA,"0.32","0.71","0.90"
"25","A","Mil","no",NA,NA,NA,"1.23","-0.11","0.79"
"26","H","Bir","no",NA,NA,NA,"1.12","-0.01","0.79"
"27","H","Bbn","no",NA,NA,NA,"1.01","0.09","0.87"
"28","A","Hul","no",NA,NA,NA,"1.05","0.05","0.92"
"29","A","Wat","no",NA,NA,NA,"1.23","-0.11","0.82"
"30","H","ShW","no",NA,NA,NA,"1.37","-0.23","0.58"
"31","A","Der","no",NA,NA,NA,"1.71","-0.54","0.04"
"32","H","Bri","no",NA,NA,NA,"0.90","0.19","0.23"
"33","H","PNE","no",NA,NA,NA,"0.77","0.31","0.54"
"34","A","Ips","no",NA,NA,NA,"0.93","0.16","0.70"
"35","H","Sto","no",NA,NA,NA,"0.44","0.60","1.30"
"36","A","Por","no",NA,NA,NA,"1.31","-0.18","1.12"
"37","A","Wre","no",NA,NA,NA,"1.71","-0.55","0.57"
"38","H","Cov","no",NA,NA,NA,"0.80","0.28","0.85"
"39","A","ShU","no",NA,NA,NA,"2.33","-1.10","-0.26"
"40","H","Mid","no",NA,NA,NA,"0.32","0.71","0.46"
"41","A","Lei","no",NA,NA,NA,"0.56","0.50","0.96"
"42","H","Sou","no",NA,NA,NA,"1.33","-0.20","0.75"
"43","A","QPR","no",NA,NA,NA,"0.44","0.60","1.36"
"44","A","Nor","no",NA,NA,NA,"1.82","-0.64","0.72"
"45","H","Cha","no",NA,NA,NA,"1.04","0.06","0.78"
"46","A","Oxf","no",NA,NA,NA,"1.97","-0.78","0.00"
