"","HA","vs","played","Pts","GD","GS","ePts","sched","cumulative"
"1","H","Her","yes",3,3,4,"2.42","-0.48","-0.48"
"2","A","Exc","yes",1,0,2,"1.90","-0.15","-0.63"
"3","A","Sit","yes",1,0,0,"1.27","0.23","-0.40"
"4","A","Twe","yes",0,-2,1,"0.40","0.75","0.35"
"5","H","Fey","yes",0,-4,0,"0.49","0.70","1.05"
"6","H","AZA","yes",0,-1,1,"1.48","0.10","1.15"
"7","A","Utr","yes",0,-1,3,"1.31","0.20","1.35"
"8","A","PSV","yes",0,-3,2,"0.11","0.93","2.28"
"9","H","Vol","yes",3,2,2,"2.52","-0.54","1.75"
"10","H","Hee","yes",3,3,4,"2.21","-0.35","1.40"
"11","A","Alm","yes",1,0,2,"1.76","-0.07","1.33"
"12","H","Vit","yes",3,5,5,"2.48","-0.51","0.82"
"13","A","NEC","yes",3,1,2,"1.28","0.22","1.04"
"14","A","RKC","yes",3,1,3,"1.83","-0.11","0.93"
"15","H","Spa","yes",3,1,2,"1.88","-0.14","0.79"
"16","H","Zwo","yes",1,0,2,"2.00","-0.22","0.57"
"17","A","GoA","yes",3,1,3,"1.36","0.17","0.74"
"18","H","RKC","yes",3,3,4,"2.45","-0.49","0.25"
"19","A","Her","yes",3,2,4,"1.46","0.11","0.36"
"20","H","PSV","yes",1,0,1,"0.27","0.84","1.19"
"21","A","Hee","yes",0,-1,2,"1.45","0.12","1.31"
"22","H","NEC","yes",1,0,2,"1.89","-0.15","1.16"
"23","A","AZA","yes",0,-2,0,"0.80","0.51","1.67"
"24","H","Utr","yes",3,2,2,"2.00","-0.22","1.46"
"25","H","Sit","yes",1,0,2,"2.30","-0.40","1.05"
"26","A","Spa","yes",1,0,2,"1.66","-0.01","1.05"
"27","A","Zwo","no",NA,NA,NA,"1.92","-0.17","0.87"
"28","H","GoA","no",NA,NA,NA,"1.91","-0.17","0.71"
"29","A","Fey","no",NA,NA,NA,"0.49","0.70","1.41"
"30","H","Twe","no",NA,NA,NA,"1.47","0.11","1.52"
"31","H","Exc","no",NA,NA,NA,"2.43","-0.48","1.04"
"32","A","Vol","no",NA,NA,NA,"2.35","-0.43","0.61"
"33","H","Alm","no",NA,NA,NA,"2.02","-0.23","0.38"
"34","A","Vit","no",NA,NA,NA,"2.27","-0.38","0.00"
