"","HA","vs","played","Pts","GD","GS","ePts","sched","cumulative"
"1","H","GoA","yes",3,4,5,"2.06","-0.11","-0.11"
"2","A","RKC","yes",3,2,3,"2.14","-0.15","-0.26"
"3","A","Vit","yes",3,2,2,"2.49","-0.34","-0.59"
"4","H","Spa","yes",3,2,2,"2.03","-0.09","-0.68"
"5","A","Zwo","yes",3,3,3,"2.22","-0.19","-0.88"
"6","H","Her","yes",1,0,1,"2.51","-0.35","-1.23"
"7","H","Sit","yes",3,4,4,"2.41","-0.29","-1.52"
"8","A","Ajx","yes",3,1,2,"1.27","0.32","-1.20"
"9","H","Hee","yes",3,3,3,"2.33","-0.25","-1.46"
"10","A","Exc","yes",1,0,1,"2.19","-0.18","-1.64"
"11","A","Fey","yes",0,-1,0,"0.72","0.61","-1.02"
"12","H","Vol","yes",3,3,3,"2.60","-0.40","-1.42"
"13","A","Utr","yes",1,0,1,"1.67","0.10","-1.32"
"14","H","NEC","yes",0,-1,1,"2.03","-0.09","-1.41"
"15","H","Alm","yes",3,3,4,"2.15","-0.16","-1.57"
"16","H","PSV","yes",0,-4,0,"0.33","0.82","-0.75"
"17","A","Twe","yes",0,-1,1,"0.60","0.68","-0.07"
"18","H","Zwo","yes",1,0,2,"2.14","-0.15","-0.22"
"19","A","Hee","yes",1,0,2,"1.81","0.03","-0.19"
"20","H","Fey","yes",0,-1,0,"0.59","0.68","0.49"
"21","A","Alm","yes",1,0,0,"2.08","-0.12","0.37"
"22","A","Sit","yes",3,1,2,"1.63","0.12","0.49"
"23","H","Ajx","yes",3,2,2,"1.97","-0.06","0.43"
"24","A","Spa","yes",1,0,1,"1.99","-0.07","0.36"
"25","H","Exc","yes",3,4,4,"2.51","-0.35","0.01"
"26","A","Vol","yes",3,4,4,"2.55","-0.37","-0.36"
"27","H","Vit","no",NA,NA,NA,"2.56","-0.38","-0.73"
"28","A","Her","no",NA,NA,NA,"1.82","0.02","-0.71"
"29","A","PSV","no",NA,NA,NA,"0.17","0.91","0.20"
"30","H","RKC","no",NA,NA,NA,"2.54","-0.37","-0.17"
"31","A","NEC","no",NA,NA,NA,"1.64","0.12","-0.05"
"32","H","Twe","no",NA,NA,NA,"1.63","0.12","0.07"
"33","A","GoA","no",NA,NA,NA,"1.71","0.08","0.15"
"34","H","Utr","no",NA,NA,NA,"2.14","-0.15","0.00"
