"","HA","vs","played","Pts","GD","GS","ePts","sched","cumulative"
"1","H","Exc","yes",0,-1,3,"2.17","-0.50","-0.50"
"2","A","Her","yes",0,-1,1,"1.38","0.04","-0.45"
"3","H","RKC","yes",3,3,3,"2.20","-0.53","-0.98"
"4","A","Spa","yes",1,0,1,"1.57","-0.09","-1.07"
"5","A","PSV","yes",0,-4,0,"0.10","0.93","-0.14"
"6","H","Utr","yes",3,3,3,"1.63","-0.13","-0.27"
"7","H","Vit","yes",0,-1,1,"2.23","-0.55","-0.82"
"8","A","Hee","yes",1,0,1,"1.37","0.05","-0.76"
"9","H","Alm","yes",1,0,1,"1.65","-0.15","-0.91"
"10","H","Vol","yes",1,0,3,"2.30","-0.59","-1.50"
"11","A","Twe","yes",1,0,3,"0.37","0.75","-0.75"
"12","H","GoA","yes",1,0,1,"1.54","-0.06","-0.81"
"13","H","Ajx","yes",0,-1,1,"1.43","0.01","-0.80"
"14","A","AZA","yes",3,1,2,"0.74","0.49","-0.31"
"15","A","Zwo","yes",3,2,3,"1.85","-0.28","-0.59"
"16","H","Sit","yes",3,3,4,"2.00","-0.39","-0.98"
"17","A","Fey","yes",1,0,2,"0.44","0.69","-0.29"
"18","H","Twe","yes",3,1,1,"1.08","0.25","-0.03"
"19","A","GoA","yes",1,0,2,"1.27","0.12","0.09"
"20","H","Her","yes",3,2,3,"2.16","-0.50","-0.41"
"21","A","RKC","yes",0,-2,0,"1.75","-0.21","-0.62"
"22","A","Ajx","yes",1,0,2,"0.86","0.40","-0.22"
"23","H","Spa","yes",3,2,2,"1.50","-0.04","-0.25"
"24","A","Vol","yes",3,3,5,"2.30","-0.59","-0.84"
"25","H","Hee","yes",3,2,2,"1.89","-0.31","-1.15"
"26","A","Utr","yes",0,-1,0,"1.23","0.15","-1.00"
"27","H","PSV","no",NA,NA,NA,"0.17","0.88","-0.12"
"28","A","Sit","no",NA,NA,NA,"1.19","0.18","0.06"
"29","A","Vit","no",NA,NA,NA,"2.21","-0.53","-0.47"
"30","H","Zwo","no",NA,NA,NA,"1.64","-0.13","-0.60"
"31","H","AZA","no",NA,NA,NA,"1.10","0.24","-0.36"
"32","A","Exc","no",NA,NA,NA,"1.82","-0.26","-0.62"
"33","H","Fey","no",NA,NA,NA,"0.32","0.78","0.16"
"34","A","Alm","no",NA,NA,NA,"1.68","-0.16","0.00"
