"","HA","vs","played","Pts","GD","GS","ePts","sched","cumulative"
"1","H","Utr","yes",3,2,2,"2.86","-0.03","-0.03"
"2","A","Vit","yes",3,2,3,"2.92","-0.05","-0.08"
"3","A","RKC","yes",3,4,4,"2.86","-0.03","-0.10"
"4","H","NEC","yes",3,4,4,"2.85","-0.02","-0.13"
"5","A","Alm","yes",3,4,4,"2.85","-0.02","-0.15"
"6","H","GoA","yes",3,3,3,"2.85","-0.02","-0.17"
"7","H","Vol","yes",3,2,3,"2.94","-0.06","-0.23"
"8","A","Spa","yes",3,4,4,"2.83","-0.02","-0.25"
"9","H","Sit","yes",3,2,3,"2.91","-0.04","-0.29"
"10","H","Ajx","yes",3,3,5,"2.83","-0.02","-0.31"
"11","A","Her","yes",3,6,6,"2.80","-0.00","-0.31"
"12","H","Zwo","yes",3,4,4,"2.86","-0.03","-0.34"
"13","A","Twe","yes",3,3,3,"2.20","0.21","-0.13"
"14","A","Fey","yes",3,1,2,"2.32","0.17","0.03"
"15","H","Hee","yes",3,2,2,"2.90","-0.04","-0.01"
"16","A","AZA","yes",3,4,4,"2.58","0.07","0.07"
"17","H","Exc","yes",3,2,3,"2.92","-0.05","0.02"
"18","A","Utr","yes",1,0,1,"2.76","0.01","0.03"
"19","H","Alm","yes",3,2,2,"2.87","-0.03","-0.00"
"20","A","Ajx","yes",1,0,1,"2.64","0.05","0.05"
"21","A","Vol","yes",3,4,5,"2.93","-0.05","-0.00"
"22","H","Her","yes",3,2,2,"2.92","-0.05","-0.06"
"23","A","Zwo","yes",3,6,7,"2.87","-0.03","-0.09"
"24","H","Fey","yes",1,0,2,"2.20","0.21","0.12"
"25","A","GoA","yes",3,1,1,"2.77","0.00","0.12"
"26","H","Twe","yes",3,1,1,"2.76","0.01","0.13"
"27","A","NEC","no",NA,NA,NA,"2.75","0.01","0.14"
"28","A","Exc","no",NA,NA,NA,"2.87","-0.03","0.11"
"29","H","AZA","no",NA,NA,NA,"2.76","0.01","0.12"
"30","H","Vit","no",NA,NA,NA,"2.93","-0.05","0.07"
"31","A","Hee","no",NA,NA,NA,"2.79","-0.00","0.06"
"32","H","Spa","no",NA,NA,NA,"2.84","-0.02","0.04"
"33","A","Sit","no",NA,NA,NA,"2.75","0.01","0.05"
"34","H","RKC","no",NA,NA,NA,"2.93","-0.05","0.00"
