"","HA","vs","played","Pts","GD","GS","ePts","sched","cumulative"
"1","A","Fey","yes",1,0,0,"0.23","0.81","0.81"
"2","H","Alm","yes",3,1,2,"1.66","-0.37","0.44"
"3","A","Exc","yes",1,0,2,"1.26","-0.04","0.40"
"4","H","Ajx","yes",1,0,0,"1.44","-0.18","0.22"
"5","H","Vol","yes",3,2,3,"2.30","-0.89","-0.67"
"6","A","GoA","yes",0,-3,0,"0.77","0.37","-0.30"
"7","A","AZA","yes",0,-4,0,"0.40","0.67","0.37"
"8","H","Twe","yes",0,-3,0,"1.09","0.10","0.47"
"9","A","PSV","yes",0,-2,1,"0.05","0.96","1.43"
"10","H","Utr","yes",1,0,0,"1.64","-0.35","1.08"
"11","A","Zwo","yes",0,-2,0,"1.29","-0.06","1.01"
"12","H","Her","yes",3,3,4,"2.17","-0.78","0.23"
"13","A","Hee","yes",0,-3,0,"0.84","0.31","0.53"
"14","H","Vit","yes",3,2,3,"2.24","-0.84","-0.31"
"15","H","RKC","yes",3,1,1,"2.21","-0.82","-1.12"
"16","A","NEC","yes",0,-3,1,"0.71","0.42","-0.71"
"17","H","Spa","yes",0,-2,0,"1.51","-0.24","-0.95"
"18","A","Alm","yes",1,0,0,"1.12","0.08","-0.87"
"19","A","Vol","yes",3,1,1,"1.84","-0.51","-1.38"
"20","H","Hee","yes",1,0,3,"1.90","-0.56","-1.94"
"21","A","Utr","yes",0,-4,0,"0.73","0.40","-1.54"
"22","H","AZA","yes",0,-1,1,"1.11","0.09","-1.45"
"23","A","RKC","yes",3,1,1,"1.19","0.02","-1.43"
"24","H","Exc","yes",3,3,5,"2.17","-0.79","-2.22"
"25","A","Ajx","yes",1,0,2,"0.48","0.61","-1.61"
"26","H","Zwo","yes",3,2,3,"1.65","-0.35","-1.96"
"27","A","Spa","no",NA,NA,NA,"1.02","0.16","-1.80"
"28","H","NEC","no",NA,NA,NA,"1.52","-0.25","-2.05"
"29","A","Twe","no",NA,NA,NA,"0.19","0.84","-1.21"
"30","H","Fey","no",NA,NA,NA,"0.32","0.74","-0.47"
"31","A","Vit","no",NA,NA,NA,"1.72","-0.42","-0.89"
"32","H","GoA","no",NA,NA,NA,"1.55","-0.27","-1.16"
"33","H","PSV","no",NA,NA,NA,"0.17","0.86","-0.30"
"34","A","Her","no",NA,NA,NA,"0.85","0.30","-0.00"
