"","HA","vs","played","Pts","GD","GS","ePts","sched","cumulative"
"1","A","PSV","yes",0,-2,0,"0.09","0.94","0.94"
"2","H","Hee","yes",0,-2,0,"1.86","-0.36","0.58"
"3","A","Zwo","yes",0,-1,0,"1.72","-0.25","0.33"
"4","H","Fey","yes",0,-4,1,"0.30","0.78","1.11"
"5","A","Her","yes",3,2,3,"1.25","0.09","1.20"
"6","A","NEC","yes",0,-3,0,"1.07","0.22","1.42"
"7","H","Alm","yes",0,-2,0,"1.62","-0.18","1.24"
"8","A","Vol","yes",0,-1,0,"2.20","-0.60","0.63"
"9","H","Ajx","yes",3,1,4,"1.40","-0.02","0.62"
"10","A","Sit","yes",1,0,0,"1.06","0.23","0.84"
"11","H","Twe","yes",1,0,1,"1.05","0.23","1.08"
"12","H","Exc","yes",1,0,2,"2.14","-0.56","0.52"
"13","A","Spa","yes",3,1,2,"1.44","-0.05","0.47"
"14","H","AZA","yes",1,0,1,"1.07","0.22","0.69"
"15","A","GoA","yes",3,2,2,"1.14","0.17","0.86"
"16","H","RKC","yes",1,0,1,"2.18","-0.59","0.27"
"17","A","Vit","yes",1,0,0,"2.11","-0.54","-0.26"
"18","H","PSV","yes",1,0,1,"0.16","0.88","0.62"
"19","A","Exc","yes",1,0,1,"1.69","-0.23","0.39"
"20","H","Vol","yes",3,2,4,"2.27","-0.66","-0.27"
"21","H","Sit","yes",3,4,4,"1.97","-0.44","-0.71"
"22","A","Twe","yes",3,1,1,"0.31","0.77","0.07"
"23","H","Her","yes",3,1,1,"2.14","-0.56","-0.49"
"24","A","Ajx","yes",0,-2,0,"0.75","0.45","-0.04"
"25","A","Alm","yes",1,0,1,"1.54","-0.12","-0.17"
"26","H","NEC","yes",3,1,1,"1.47","-0.07","-0.24"
"27","A","Fey","no",NA,NA,NA,"0.38","0.72","0.48"
"28","H","Zwo","no",NA,NA,NA,"1.60","-0.17","0.31"
"29","A","Hee","no",NA,NA,NA,"1.23","0.10","0.41"
"30","H","GoA","no",NA,NA,NA,"1.50","-0.10","0.32"
"31","A","RKC","no",NA,NA,NA,"1.61","-0.18","0.14"
"32","H","Vit","no",NA,NA,NA,"2.21","-0.61","-0.47"
"33","H","Spa","no",NA,NA,NA,"1.46","-0.07","-0.53"
"34","A","AZA","no",NA,NA,NA,"0.64","0.53","-0.00"
