"","HA","vs","played","Pts","GD","GS","ePts","sched","cumulative"
"1","H","Vit","yes",0,-1,1,"1.02","-0.90","-0.90"
"2","A","GoA","yes",0,-3,1,"0.46","0.14","-0.76"
"3","H","Twe","yes",0,-2,0,"0.26","0.52","-0.25"
"4","A","Sit","yes",0,-2,1,"0.45","0.16","-0.09"
"5","H","Her","yes",1,0,2,"0.92","-0.71","-0.80"
"6","A","PSV","yes",0,-2,1,"0.04","0.92","0.13"
"7","H","Utr","yes",3,1,1,"0.49","0.09","0.21"
"8","A","RKC","yes",0,-1,1,"0.84","-0.57","-0.35"
"9","H","Exc","yes",3,2,3,"0.96","-0.79","-1.15"
"10","A","Ajx","yes",0,-2,0,"0.30","0.43","-0.71"
"11","A","NEC","yes",1,0,3,"0.36","0.33","-0.38"
"12","H","Spa","yes",0,-3,1,"0.42","0.22","-0.16"
"13","A","AZA","yes",0,-3,0,"0.24","0.55","0.38"
"14","H","Zwo","yes",0,-5,0,"0.50","0.07","0.45"
"15","A","Fey","yes",0,-2,1,"0.15","0.72","1.17"
"16","A","Hee","yes",3,1,2,"0.55","-0.02","1.15"
"17","H","Alm","yes",0,-1,0,"0.50","0.06","1.21"
"18","A","Her","yes",1,0,1,"0.56","-0.04","1.17"
"19","H","Sit","yes",0,-1,0,"0.82","-0.53","0.64"
"20","A","Utr","yes",0,-2,2,"0.48","0.11","0.76"
"21","H","PSV","yes",0,-4,1,"0.06","0.88","1.64"
"22","A","Vit","yes",1,0,1,"1.32","-1.45","0.19"
"23","H","Hee","yes",0,-4,0,"0.68","-0.27","-0.09"
"24","H","NEC","yes",0,-3,2,"0.42","0.21","0.13"
"25","A","Zwo","yes",1,0,1,"0.91","-0.69","-0.57"
"26","H","AZA","yes",0,-4,0,"0.27","0.50","-0.07"
"27","A","Alm","no",NA,NA,NA,"0.77","-0.43","-0.50"
"28","H","Fey","no",NA,NA,NA,"0.07","0.87","0.37"
"29","H","RKC","no",NA,NA,NA,"0.96","-0.79","-0.42"
"30","A","Exc","no",NA,NA,NA,"0.88","-0.65","-1.07"
"31","A","Spa","no",NA,NA,NA,"0.62","-0.15","-1.22"
"32","H","Ajx","no",NA,NA,NA,"0.39","0.27","-0.95"
"33","A","Twe","no",NA,NA,NA,"0.13","0.77","-0.18"
"34","H","GoA","no",NA,NA,NA,"0.44","0.18","0.00"
