"","HA","vs","played","Pts","GD","GS","ePts","sched","cumulative"
"1","H","Spa","yes",0,-1,1,"0.72","0.31","0.31"
"2","A","Twe","yes",0,-2,1,"0.31","0.70","1.01"
"3","H","Utr","yes",3,1,1,"0.90","0.13","1.15"
"4","A","Alm","yes",3,1,2,"1.60","-0.54","0.61"
"5","H","GoA","yes",1,0,1,"0.79","0.24","0.85"
"6","H","AZA","yes",0,-3,0,"0.51","0.51","1.36"
"7","A","Her","yes",0,-1,1,"1.23","-0.18","1.18"
"8","H","Fey","yes",0,-2,0,"0.13","0.88","2.05"
"9","A","Exc","yes",3,2,4,"1.69","-0.62","1.43"
"10","A","Vit","yes",1,0,1,"2.14","-1.05","0.38"
"11","H","Sit","yes",3,2,2,"1.33","-0.28","0.10"
"12","A","PSV","yes",0,-4,0,"0.10","0.91","1.01"
"13","H","RKC","yes",0,-1,1,"1.50","-0.44","0.56"
"14","A","Vol","yes",3,5,5,"2.20","-1.11","-0.55"
"15","H","NEC","yes",0,-2,1,"0.77","0.26","-0.29"
"16","A","Ajx","yes",1,0,2,"0.75","0.28","-0.01"
"17","H","Hee","yes",1,0,2,"1.15","-0.11","-0.12"
"18","A","AZA","yes",1,0,2,"0.61","0.41","0.30"
"19","H","Vit","yes",3,1,1,"1.57","-0.51","-0.21"
"20","A","Spa","yes",3,2,2,"1.33","-0.27","-0.49"
"21","A","GoA","yes",1,0,1,"1.07","-0.03","-0.52"
"22","H","Alm","yes",0,-1,0,"0.90","0.13","-0.38"
"23","H","PSV","yes",0,-6,1,"0.11","0.89","0.51"
"24","A","Hee","yes",0,-2,0,"1.22","-0.17","0.34"
"25","H","Vol","yes",1,0,1,"1.62","-0.55","-0.21"
"26","A","Sit","yes",0,-2,1,"1.08","-0.04","-0.25"
"27","H","Ajx","yes",0,-2,1,"0.66","0.37","0.12"
"28","A","Utr","no",NA,NA,NA,"1.10","-0.05","0.06"
"29","H","Exc","no",NA,NA,NA,"1.50","-0.44","-0.38"
"30","A","NEC","no",NA,NA,NA,"0.87","0.16","-0.22"
"31","H","Her","no",NA,NA,NA,"1.46","-0.40","-0.62"
"32","A","Fey","no",NA,NA,NA,"0.36","0.65","0.03"
"33","A","RKC","no",NA,NA,NA,"1.63","-0.56","-0.53"
"34","H","Twe","no",NA,NA,NA,"0.49","0.53","0.00"
