"","HA","vs","played","Pts","GD","GS","ePts","sched","cumulative"
"1","H","Kln","yes",3,1,1,"2.33","-0.29","-0.29"
"2","A","Boc","yes",1,0,1,"2.08","-0.15","-0.43"
"3","H","Hei","yes",1,0,2,"2.19","-0.21","-0.64"
"4","A","Fbg","yes",3,2,4,"1.78","0.02","-0.63"
"5","H","Wol","yes",3,1,1,"2.36","-0.30","-0.93"
"6","A","Hof","yes",3,2,3,"2.33","-0.29","-1.22"
"7","H","UnB","yes",3,2,4,"2.33","-0.29","-1.50"
"8","H","Bre","yes",3,1,1,"2.20","-0.21","-1.72"
"9","A","Fra","yes",1,0,3,"1.58","0.13","-1.59"
"10","H","Mun","yes",0,-4,0,"0.95","0.48","-1.11"
"11","A","Stu","yes",0,-1,1,"0.75","0.58","-0.53"
"12","H","BMg","yes",3,2,4,"2.29","-0.26","-0.79"
"13","A","Lev","yes",1,0,1,"0.43","0.76","-0.03"
"14","H","Lei","yes",0,-1,2,"1.41","0.22","0.19"
"15","A","Aug","yes",1,0,1,"1.82","-0.00","0.19"
"16","H","Mai","yes",1,0,1,"2.51","-0.39","-0.20"
"17","A","Dar","yes",3,3,3,"2.67","-0.47","-0.67"
"18","A","Kln","yes",3,4,4,"2.46","-0.36","-1.03"
"19","H","Boc","yes",3,2,3,"2.37","-0.31","-1.34"
"20","A","Hei","yes",1,0,0,"1.96","-0.08","-1.42"
"21","H","Fbg","yes",3,3,3,"1.86","-0.03","-1.44"
"22","A","Wol","yes",1,0,1,"2.00","-0.11","-1.55"
"23","H","Hof","yes",0,-1,2,"1.45","0.20","-1.35"
"24","A","UnB","yes",3,2,2,"2.00","-0.10","-1.45"
"25","A","Bre","yes",3,1,2,"1.96","-0.08","-1.53"
"26","H","Fra","yes",3,2,3,"1.92","-0.06","-1.59"
"27","A","Mun","no",NA,NA,NA,"0.51","0.72","-0.87"
"28","H","Stu","no",NA,NA,NA,"1.23","0.32","-0.56"
"29","A","BMg","no",NA,NA,NA,"1.97","-0.09","-0.64"
"30","H","Lev","no",NA,NA,NA,"0.26","0.86","0.21"
"31","A","Lei","no",NA,NA,NA,"0.99","0.45","0.66"
"32","H","Aug","no",NA,NA,NA,"1.94","-0.07","0.59"
"33","A","Mai","no",NA,NA,NA,"2.33","-0.29","0.30"
"34","H","Dar","no",NA,NA,NA,"2.36","-0.30","-0.00"
