"","HA","vs","played","Pts","GD","GS","ePts","sched","cumulative"
"1","A","Hof","yes",3,1,2,"1.73","-0.24","-0.24"
"2","H","Bre","yes",3,1,1,"1.85","-0.32","-0.55"
"3","A","Stu","yes",0,-5,0,"0.49","0.65","0.10"
"4","H","Dor","yes",0,-2,2,"0.75","0.47","0.56"
"5","A","Fra","yes",1,0,0,"1.17","0.17","0.73"
"6","H","Aug","yes",3,2,2,"1.69","-0.20","0.53"
"7","A","Mun","yes",0,-3,0,"0.39","0.72","1.25"
"8","H","Boc","yes",3,1,2,"2.18","-0.55","0.70"
"9","A","Lev","yes",0,-1,1,"0.20","0.86","1.55"
"10","H","BMg","yes",1,0,3,"1.83","-0.30","1.25"
"11","A","Lei","yes",0,-2,1,"0.68","0.52","1.77"
"12","H","Dar","yes",1,0,1,"2.15","-0.54","1.23"
"13","A","Mai","yes",3,1,1,"1.76","-0.25","0.98"
"14","A","Wol","yes",3,1,1,"1.56","-0.11","0.86"
"15","H","Kln","yes",3,2,2,"2.01","-0.44","0.43"
"16","A","Hei","yes",0,-1,2,"1.22","0.13","0.56"
"17","H","UnB","yes",1,0,0,"2.05","-0.46","0.10"
"18","H","Hof","yes",3,1,3,"1.12","0.20","0.30"
"19","A","Bre","yes",0,-2,1,"1.54","-0.10","0.20"
"20","H","Stu","yes",0,-2,1,"0.81","0.42","0.63"
"21","A","Dor","yes",0,-3,0,"1.00","0.29","0.92"
"22","H","Fra","yes",1,0,3,"1.54","-0.10","0.81"
"23","A","Aug","yes",0,-1,1,"1.26","0.10","0.92"
"24","H","Mun","yes",1,0,2,"0.82","0.42","1.34"
"25","A","Boc","yes",3,1,2,"1.59","-0.14","1.20"
"26","H","Lev","yes",0,-1,2,"0.17","0.88","2.08"
"27","A","BMg","yes",3,3,3,"1.50","-0.07","2.01"
"28","H","Lei","yes",0,-3,1,"0.98","0.30","2.31"
"29","A","Dar","no",NA,NA,NA,"2.40","-0.71","1.60"
"30","H","Mai","no",NA,NA,NA,"2.21","-0.57","1.03"
"31","H","Wol","no",NA,NA,NA,"1.91","-0.36","0.67"
"32","A","Kln","no",NA,NA,NA,"1.92","-0.37","0.29"
"33","H","Hei","no",NA,NA,NA,"1.79","-0.27","0.02"
"34","A","UnB","no",NA,NA,NA,"1.43","-0.02","-0.00"
