"","HA","vs","played","Pts","GD","GS","ePts","sched","cumulative"
"1","A","Lev","yes",0,-1,2,"0.34","0.82","0.82"
"2","H","Stu","yes",3,4,5,"1.51","0.21","1.03"
"3","A","UnB","yes",3,3,3,"1.86","0.02","1.05"
"4","H","Aug","yes",3,3,3,"2.32","-0.22","0.83"
"5","A","BMg","yes",3,1,1,"1.93","-0.01","0.82"
"6","H","Mun","yes",1,0,2,"1.53","0.20","1.02"
"7","H","Boc","yes",1,0,0,"2.61","-0.37","0.65"
"8","A","Dar","yes",3,2,3,"2.62","-0.38","0.27"
"9","H","Kln","yes",3,6,6,"2.52","-0.32","-0.05"
"10","A","Mai","yes",0,-2,0,"2.14","-0.13","-0.18"
"11","H","Fbg","yes",3,2,3,"2.09","-0.10","-0.28"
"12","A","Wol","yes",0,-1,1,"1.98","-0.04","-0.31"
"13","H","Hei","yes",3,1,2,"2.38","-0.25","-0.57"
"14","A","Dor","yes",3,1,3,"1.43","0.25","-0.31"
"15","H","Hof","yes",3,2,3,"1.86","0.02","-0.29"
"16","A","Bre","yes",1,0,1,"1.96","-0.03","-0.32"
"17","H","Fra","yes",0,-1,0,"2.21","-0.16","-0.48"
"18","H","Lev","yes",0,-1,2,"0.41","0.79","0.30"
"19","A","Stu","yes",0,-3,2,"0.79","0.59","0.89"
"20","H","UnB","yes",3,2,2,"2.51","-0.32","0.57"
"21","A","Aug","yes",1,0,2,"1.76","0.07","0.64"
"22","H","BMg","yes",3,2,2,"2.41","-0.26","0.38"
"23","A","Mun","yes",0,-1,1,"0.63","0.67","1.05"
"24","A","Boc","yes",3,3,4,"2.01","-0.05","0.99"
"25","H","Dar","yes",3,2,2,"2.59","-0.36","0.63"
"26","A","Kln","yes",3,4,5,"2.28","-0.20","0.43"
"27","H","Mai","yes",1,0,0,"2.62","-0.38","0.06"
"28","A","Fbg","yes",3,3,4,"1.74","0.09","0.14"
"29","H","Wol","no",NA,NA,NA,"2.45","-0.29","-0.15"
"30","A","Hei","no",NA,NA,NA,"1.66","0.13","-0.02"
"31","H","Dor","no",NA,NA,NA,"1.44","0.25","0.23"
"32","A","Hof","no",NA,NA,NA,"2.12","-0.12","0.11"
"33","H","Bre","no",NA,NA,NA,"2.41","-0.27","-0.16"
"34","A","Fra","no",NA,NA,NA,"1.61","0.16","-0.00"
