"","HA","vs","played","Pts","GD","GS","ePts","sched","cumulative"
"1","H","Lei","yes",3,1,3,"2.53","0.06","0.06"
"2","A","BMg","yes",3,3,3,"2.78","-0.04","0.02"
"3","H","Dar","yes",3,4,5,"2.85","-0.06","-0.03"
"4","A","Mun","yes",1,0,2,"1.89","0.30","0.26"
"5","H","Hei","yes",3,3,4,"2.80","-0.04","0.22"
"6","A","Mai","yes",3,3,3,"2.87","-0.07","0.16"
"7","H","Kln","yes",3,3,3,"2.84","-0.06","0.10"
"8","A","Wol","yes",3,1,2,"2.79","-0.04","0.06"
"9","H","Fbg","yes",3,1,2,"2.70","-0.00","0.06"
"10","A","Hof","yes",3,1,3,"2.87","-0.07","-0.01"
"11","H","UnB","yes",3,4,4,"2.84","-0.06","-0.06"
"12","A","Bre","yes",3,3,3,"2.78","-0.03","-0.10"
"13","H","Dor","yes",1,0,1,"2.44","0.09","-0.00"
"14","A","Stu","yes",1,0,1,"2.20","0.18","0.18"
"15","H","Fra","yes",3,3,3,"2.72","-0.01","0.17"
"16","H","Boc","yes",3,4,4,"2.85","-0.06","0.11"
"17","A","Aug","yes",3,1,1,"2.74","-0.02","0.09"
"18","A","Lei","yes",3,1,3,"2.39","0.11","0.20"
"19","H","BMg","yes",1,0,0,"2.83","-0.05","0.15"
"20","A","Dar","yes",3,2,2,"2.93","-0.09","0.05"
"21","H","Mun","yes",3,3,3,"2.23","0.17","0.22"
"22","A","Hei","yes",3,1,2,"2.78","-0.03","0.19"
"23","H","Mai","yes",3,1,2,"2.88","-0.07","0.12"
"24","A","Kln","yes",3,2,2,"2.89","-0.08","0.04"
"25","H","Wol","yes",3,2,2,"2.85","-0.06","-0.02"
"26","A","Fbg","yes",3,1,3,"2.73","-0.02","-0.03"
"27","H","Hof","no",NA,NA,NA,"2.54","0.05","0.02"
"28","A","UnB","no",NA,NA,NA,"2.79","-0.04","-0.02"
"29","H","Bre","no",NA,NA,NA,"2.80","-0.04","-0.06"
"30","A","Dor","no",NA,NA,NA,"2.64","0.02","-0.04"
"31","H","Stu","no",NA,NA,NA,"2.43","0.10","0.05"
"32","A","Fra","no",NA,NA,NA,"2.67","0.01","0.06"
"33","A","Boc","no",NA,NA,NA,"2.81","-0.05","0.02"
"34","H","Aug","no",NA,NA,NA,"2.73","-0.02","0.00"
