"","HA","vs","played","Pts","GD","GS","ePts","sched","cumulative"
"1","A","UnB","yes",0,-3,1,"0.53","0.26","0.26"
"2","H","Fra","yes",1,0,1,"0.92","-0.27","-0.01"
"3","A","Bre","yes",0,-4,0,"0.50","0.30","0.29"
"4","H","Stu","yes",0,-2,1,"0.44","0.39","0.68"
"5","A","Aug","yes",0,-1,1,"0.43","0.41","1.09"
"6","H","Lev","yes",0,-3,0,"0.08","0.89","1.98"
"7","A","BMg","yes",1,0,2,"0.51","0.29","2.27"
"8","H","Mun","yes",0,-2,1,"0.31","0.57","2.84"
"9","A","Boc","yes",1,0,2,"0.59","0.18","3.02"
"10","H","Lei","yes",3,2,2,"0.54","0.26","3.28"
"11","A","Dar","yes",1,0,0,"1.48","-1.05","2.23"
"12","A","Hof","yes",1,0,1,"0.84","-0.17","2.06"
"13","H","Fbg","yes",0,-1,0,"0.85","-0.19","1.87"
"14","A","Kln","yes",1,0,0,"1.02","-0.42","1.45"
"15","H","Hei","yes",0,-1,0,"1.21","-0.68","0.77"
"16","A","Dor","yes",1,0,1,"0.29","0.60","1.37"
"17","H","Wol","yes",1,0,1,"1.46","-1.03","0.33"
"18","A","Fra","yes",0,-1,0,"0.32","0.55","0.89"
"19","H","Bre","yes",0,-1,0,"1.23","-0.71","0.18"
"20","H","UnB","yes",1,0,1,"1.42","-0.97","-0.78"
"21","A","Stu","yes",0,-2,1,"0.12","0.84","0.05"
"22","H","Aug","yes",3,1,1,"0.94","-0.30","-0.25"
"23","A","Lev","yes",0,-1,1,"0.06","0.91","0.66"
"24","H","BMg","yes",1,0,1,"1.35","-0.88","-0.22"
"25","A","Mun","yes",0,-7,1,"0.08","0.89","0.68"
"26","H","Boc","yes",3,2,2,"1.48","-1.06","-0.38"
"27","A","Lei","no",NA,NA,NA,"0.16","0.78","0.40"
"28","H","Dar","no",NA,NA,NA,"1.47","-1.04","-0.64"
"29","H","Hof","no",NA,NA,NA,"0.55","0.23","-0.41"
"30","A","Fbg","no",NA,NA,NA,"0.41","0.43","0.03"
"31","H","Kln","no",NA,NA,NA,"1.42","-0.97","-0.94"
"32","A","Hei","no",NA,NA,NA,"0.50","0.30","-0.64"
"33","H","Dor","no",NA,NA,NA,"0.44","0.39","-0.26"
"34","A","Wol","no",NA,NA,NA,"0.53","0.26","0.00"
