"","HA","vs","played","Pts","GD","GS","ePts","sched","cumulative"
"1","H","Boc","yes",3,5,5,"2.74","-0.31","-0.31"
"2","A","Lei","yes",0,-4,1,"1.14","0.45","0.15"
"3","H","Fbg","yes",3,5,5,"2.44","-0.16","-0.01"
"4","A","Mai","yes",3,2,3,"2.30","-0.10","-0.11"
"5","H","Dar","yes",3,2,3,"2.74","-0.31","-0.41"
"6","A","Kln","yes",3,2,2,"2.44","-0.16","-0.57"
"7","H","Wol","yes",3,2,3,"2.68","-0.28","-0.85"
"8","A","UnB","yes",3,3,3,"1.97","0.06","-0.79"
"9","H","Hof","yes",0,-1,2,"2.27","-0.08","-0.87"
"10","A","Hei","yes",0,-2,0,"1.92","0.09","-0.78"
"11","H","Dor","yes",3,1,2,"1.91","0.09","-0.69"
"12","A","Fra","yes",3,1,2,"1.64","0.22","-0.47"
"13","H","Bre","yes",3,2,2,"2.67","-0.27","-0.74"
"14","H","Lev","yes",1,0,1,"0.73","0.65","-0.09"
"15","A","Mun","yes",0,-3,0,"0.70","0.67","0.58"
"16","H","Aug","yes",3,3,3,"2.54","-0.21","0.37"
"17","A","BMg","yes",0,-2,1,"2.03","0.03","0.40"
"18","A","Boc","yes",0,-1,0,"2.04","0.03","0.43"
"19","H","Lei","yes",3,3,5,"2.23","-0.06","0.37"
"20","A","Fbg","yes",3,2,3,"1.75","0.17","0.53"
"21","H","Mai","yes",3,2,3,"2.78","-0.33","0.21"
"22","A","Dar","yes",3,1,2,"2.65","-0.26","-0.06"
"23","H","Kln","yes",1,0,1,"2.72","-0.30","-0.35"
"24","A","Wol","yes",3,1,3,"1.96","0.06","-0.29"
"25","H","UnB","yes",3,2,2,"2.71","-0.29","-0.58"
"26","A","Hof","yes",3,3,3,"2.30","-0.10","-0.68"
"27","H","Hei","no",NA,NA,NA,"2.66","-0.27","-0.95"
"28","A","Dor","no",NA,NA,NA,"1.44","0.31","-0.63"
"29","H","Fra","no",NA,NA,NA,"2.53","-0.20","-0.84"
"30","A","Bre","no",NA,NA,NA,"2.04","0.03","-0.81"
"31","A","Lev","no",NA,NA,NA,"0.37","0.82","0.01"
"32","H","Mun","no",NA,NA,NA,"1.84","0.12","0.14"
"33","A","Aug","no",NA,NA,NA,"1.78","0.15","0.29"
"34","H","BMg","no",NA,NA,NA,"2.71","-0.29","-0.00"
