"","HA","vs","played","Pts","GD","GS","ePts","sched","cumulative"
"1","H","Mai","yes",3,3,4,"2.08","-1.02","-1.02"
"2","A","Dar","yes",3,3,4,"1.84","-0.79","-1.81"
"3","H","Lei","yes",0,-3,0,"0.84","0.18","-1.63"
"4","A","Wol","yes",0,-1,1,"0.85","0.17","-1.46"
"5","H","Hof","yes",0,-2,0,"1.09","-0.06","-1.51"
"6","A","Hei","yes",0,-1,0,"0.60","0.42","-1.10"
"7","A","Dor","yes",0,-2,2,"0.46","0.55","-0.54"
"8","H","Stu","yes",0,-3,0,"0.68","0.34","-0.21"
"9","A","Bre","yes",0,-2,0,"0.83","0.19","-0.01"
"10","H","Fra","yes",0,-3,0,"1.40","-0.37","-0.38"
"11","A","Lev","yes",0,-4,0,"0.08","0.92","0.54"
"12","H","Aug","yes",1,0,1,"1.59","-0.54","-0.00"
"13","H","BMg","yes",3,2,3,"1.67","-0.63","-0.63"
"14","A","Boc","yes",0,-3,0,"0.90","0.13","-0.51"
"15","H","Kln","yes",3,2,2,"1.90","-0.84","-1.35"
"16","A","Fbg","yes",1,0,0,"0.65","0.37","-0.98"
"17","A","Mun","yes",0,-1,0,"0.16","0.85","-0.13"
"18","H","Dar","yes",3,1,1,"2.02","-0.97","-1.10"
"19","A","Lei","yes",0,-2,0,"0.28","0.73","-0.37"
"20","A","Mai","yes",1,0,1,"0.89","0.14","-0.24"
"21","H","Wol","yes",3,1,1,"1.78","-0.73","-0.97"
"22","A","Hof","yes",3,1,1,"1.01","0.02","-0.95"
"23","H","Hei","yes",1,0,2,"1.64","-0.59","-1.55"
"24","H","Dor","yes",0,-2,0,"0.59","0.43","-1.12"
"25","A","Stu","yes",0,-2,0,"0.19","0.81","-0.31"
"26","H","Bre","yes",3,1,2,"1.70","-0.66","-0.96"
"27","A","Fra","yes",1,0,0,"0.52","0.50","-0.47"
"28","H","Lev","yes",0,-1,0,"0.14","0.87","0.40"
"29","A","Aug","yes",0,-2,0,"0.62","0.39","0.79"
"30","H","Mun","no",NA,NA,NA,"0.69","0.33","1.12"
"31","A","BMg","no",NA,NA,NA,"0.83","0.19","1.31"
"32","H","Boc","no",NA,NA,NA,"2.05","-1.00","0.31"
"33","A","Kln","no",NA,NA,NA,"1.20","-0.17","0.15"
"34","H","Fbg","no",NA,NA,NA,"1.18","-0.15","-0.00"
