"","HA","vs","played","Pts","GD","GS","ePts","sched","cumulative"
"1","H","Hei","yes",3,2,2,"1.68","-0.66","-0.66"
"2","A","Kln","yes",3,1,2,"1.31","-0.29","-0.95"
"3","A","Hof","yes",0,-2,1,"1.11","-0.09","-1.04"
"4","H","UnB","yes",3,1,2,"1.88","-0.86","-1.90"
"5","A","Dor","yes",0,-1,0,"0.41","0.60","-1.31"
"6","H","Fra","yes",3,2,2,"1.36","-0.35","-1.65"
"7","A","Stu","yes",0,-2,1,"0.16","0.84","-0.81"
"8","H","Lev","yes",0,-1,1,"0.13","0.87","0.06"
"9","A","Aug","yes",0,-1,2,"0.59","0.42","0.47"
"10","H","Bre","yes",1,0,2,"1.70","-0.68","-0.21"
"11","A","BMg","yes",0,-4,0,"0.70","0.31","0.10"
"12","H","Lei","yes",3,1,2,"0.87","0.14","0.24"
"13","A","Boc","yes",0,-2,1,"0.80","0.21","0.45"
"14","H","Fbg","yes",0,-1,0,"1.29","-0.28","0.17"
"15","A","Dar","yes",3,1,1,"1.77","-0.75","-0.58"
"16","H","Mun","yes",0,-1,1,"0.53","0.48","-0.10"
"17","A","Mai","yes",1,0,1,"1.10","-0.09","-0.19"
"18","A","Hei","yes",1,0,1,"0.69","0.32","0.13"
"19","H","Kln","yes",1,0,1,"1.88","-0.86","-0.73"
"20","H","Hof","yes",1,0,2,"0.90","0.11","-0.62"
"21","A","UnB","yes",0,-1,0,"0.73","0.28","-0.34"
"22","H","Dor","yes",1,0,1,"0.74","0.27","-0.06"
"23","A","Fra","yes",1,0,2,"0.45","0.56","0.49"
"24","H","Stu","yes",0,-1,2,"0.73","0.28","0.77"
"25","A","Lev","yes",0,-2,0,"0.09","0.91","1.68"
"26","H","Aug","yes",0,-2,1,"1.39","-0.37","1.31"
"27","A","Bre","no",NA,NA,NA,"0.69","0.32","1.63"
"28","H","BMg","no",NA,NA,NA,"1.82","-0.80","0.83"
"29","A","Lei","no",NA,NA,NA,"0.23","0.78","1.60"
"30","H","Boc","no",NA,NA,NA,"1.94","-0.91","0.69"
"31","A","Fbg","no",NA,NA,NA,"0.57","0.44","1.13"
"32","H","Dar","no",NA,NA,NA,"1.93","-0.90","0.23"
"33","A","Mun","no",NA,NA,NA,"0.11","0.89","1.12"
"34","H","Mai","no",NA,NA,NA,"2.15","-1.12","-0.00"
