"","HA","vs","played","Pts","GD","GS","ePts","sched","cumulative"
"1","A","Sas","yes",3,2,2,"1.98","-0.09","-0.09"
"2","A","Fro","yes",0,-1,1,"1.68","0.08","-0.01"
"3","H","Mon","yes",3,3,3,"2.24","-0.23","-0.24"
"4","A","Fir","yes",0,-1,2,"1.18","0.35","0.11"
"5","H","Cag","yes",3,2,2,"2.69","-0.48","-0.37"
"6","A","Ver","yes",3,1,1,"1.88","-0.03","-0.41"
"7","H","Juv","yes",1,0,0,"1.75","0.04","-0.37"
"8","A","Laz","yes",0,-1,2,"1.27","0.30","-0.07"
"9","H","Gen","yes",3,2,2,"2.45","-0.35","-0.42"
"10","A","Emp","yes",3,3,3,"2.15","-0.18","-0.60"
"11","H","Int","yes",0,-1,1,"0.46","0.75","0.15"
"12","A","Udi","yes",1,0,1,"2.25","-0.24","-0.09"
"13","H","Nap","yes",0,-1,1,"1.86","-0.02","-0.11"
"14","A","Tor","yes",0,-3,0,"1.27","0.30","0.19"
"15","H","Mil","yes",3,1,3,"1.36","0.25","0.44"
"16","H","Sal","yes",3,3,4,"2.72","-0.50","-0.06"
"17","A","Bol","yes",0,-1,0,"0.60","0.67","0.61"
"18","H","Lec","yes",3,1,1,"2.61","-0.44","0.18"
"19","A","Rom","yes",1,0,1,"0.74","0.59","0.77"
"20","H","Fro","yes",3,5,5,"2.78","-0.53","0.24"
"21","H","Udi","yes",3,2,2,"2.33","-0.28","-0.04"
"22","H","Laz","yes",3,2,3,"2.12","-0.17","-0.21"
"23","A","Gen","yes",3,3,4,"1.56","0.14","-0.07"
"24","H","Sas","yes",3,3,3,"2.64","-0.46","-0.53"
"25","A","Mil","yes",1,0,1,"0.66","0.64","0.11"
"26","A","Int","yes",0,-4,0,"0.36","0.80","0.91"
"27","H","Bol","yes",0,-1,1,"2.10","-0.16","0.76"
"28","A","Juv","yes",1,0,2,"0.85","0.53","1.29"
"29","A","Nap","yes",3,3,3,"1.46","0.20","1.48"
"30","A","Cag","no",NA,NA,NA,"1.74","0.04","1.53"
"31","H","Ver","no",NA,NA,NA,"2.58","-0.42","1.11"
"32","A","Mon","no",NA,NA,NA,"1.48","0.18","1.29"
"33","H","Emp","no",NA,NA,NA,"2.37","-0.30","0.98"
"34","A","Sal","no",NA,NA,NA,"2.46","-0.35","0.63"
"35","H","Rom","no",NA,NA,NA,"2.11","-0.16","0.47"
"36","A","Lec","no",NA,NA,NA,"1.72","0.05","0.52"
"37","H","Tor","no",NA,NA,NA,"2.36","-0.30","0.22"
"38","H","Fir","no",NA,NA,NA,"2.22","-0.22","-0.00"
