"","HA","vs","played","Pts","GD","GS","ePts","sched","cumulative"
"1","H","Mil","yes",0,-2,0,"1.53","0.17","0.17"
"2","A","Juv","yes",1,0,1,"0.80","0.57","0.74"
"3","H","Cag","yes",3,1,2,"2.74","-0.49","0.24"
"4","A","Ver","yes",1,0,0,"1.82","0.01","0.25"
"5","H","Nap","yes",1,0,0,"2.00","-0.09","0.16"
"6","A","Mon","yes",1,0,0,"1.42","0.23","0.39"
"7","H","Emp","yes",3,3,3,"2.46","-0.34","0.06"
"8","A","Int","yes",1,0,2,"0.35","0.81","0.86"
"9","H","Fro","yes",3,1,2,"2.81","-0.53","0.33"
"10","A","Sas","yes",1,0,1,"1.92","-0.05","0.29"
"11","H","Laz","yes",3,1,1,"2.21","-0.20","0.09"
"12","A","Fir","yes",0,-1,1,"1.11","0.40","0.48"
"13","H","Tor","yes",3,2,2,"2.38","-0.30","0.19"
"14","A","Lec","yes",1,0,1,"1.66","0.10","0.29"
"15","A","Sal","yes",3,1,2,"2.43","-0.32","-0.03"
"16","H","Rom","yes",3,2,2,"2.19","-0.19","-0.23"
"17","H","Ata","yes",3,1,1,"2.19","-0.19","-0.42"
"18","A","Udi","yes",0,-3,0,"2.20","-0.20","-0.62"
"19","H","Gen","yes",1,0,1,"2.53","-0.38","-0.99"
"20","A","Cag","yes",0,-1,1,"1.61","0.13","-0.87"
"21","A","Mil","yes",1,0,2,"0.63","0.66","-0.21"
"22","H","Sas","yes",3,2,4,"2.68","-0.46","-0.67"
"23","H","Lec","yes",3,4,4,"2.67","-0.45","-1.12"
"24","H","Fir","yes",3,2,2,"2.34","-0.27","-1.39"
"25","A","Laz","yes",3,1,2,"1.20","0.35","-1.05"
"26","H","Ver","yes",3,2,2,"2.65","-0.44","-1.49"
"27","A","Ata","yes",3,1,2,"0.67","0.64","-0.85"
"28","H","Int","yes",0,-1,0,"0.56","0.70","-0.16"
"29","A","Emp","yes",3,1,1,"2.23","-0.21","-0.37"
"30","H","Sal","no",NA,NA,NA,"2.76","-0.50","-0.87"
"31","A","Fro","no",NA,NA,NA,"1.61","0.12","-0.75"
"32","H","Mon","no",NA,NA,NA,"2.35","-0.28","-1.03"
"33","A","Rom","no",NA,NA,NA,"0.75","0.59","-0.43"
"34","H","Udi","no",NA,NA,NA,"2.41","-0.31","-0.74"
"35","A","Tor","no",NA,NA,NA,"1.20","0.35","-0.39"
"36","A","Nap","no",NA,NA,NA,"1.39","0.24","-0.15"
"37","H","Juv","no",NA,NA,NA,"1.91","-0.04","-0.19"
"38","A","Gen","no",NA,NA,NA,"1.50","0.19","0.00"
