"","HA","vs","played","Pts","GD","GS","ePts","sched","cumulative"
"1","A","Tor","yes",1,0,0,"0.40","0.56","0.56"
"2","H","Int","yes",0,-2,0,"0.13","0.85","1.41"
"3","A","Bol","yes",0,-1,1,"0.15","0.83","2.25"
"4","H","Udi","yes",1,0,0,"1.32","-0.47","1.78"
"5","A","Ata","yes",0,-2,0,"0.17","0.81","2.58"
"6","H","Mil","yes",0,-2,1,"0.53","0.41","3.00"
"7","A","Fir","yes",0,-3,0,"0.29","0.67","3.67"
"8","H","Rom","yes",0,-3,1,"1.02","-0.14","3.53"
"9","A","Sal","yes",1,0,2,"1.41","-0.57","2.97"
"10","H","Fro","yes",3,1,4,"2.39","-1.66","1.31"
"11","H","Gen","yes",3,1,2,"1.57","-0.74","0.57"
"12","A","Juv","yes",0,-1,1,"0.21","0.77","1.34"
"13","H","Mon","yes",1,0,1,"1.15","-0.28","1.05"
"14","A","Laz","yes",0,-1,0,"0.42","0.54","1.59"
"15","H","Sas","yes",3,1,2,"1.93","-1.15","0.44"
"16","A","Nap","yes",0,-1,1,"0.39","0.56","1.01"
"17","A","Ver","yes",0,-2,0,"0.71","0.21","1.21"
"18","H","Emp","yes",1,0,0,"1.41","-0.57","0.64"
"19","A","Lec","yes",1,0,1,"0.59","0.34","0.99"
"20","H","Bol","yes",3,1,2,"1.07","-0.19","0.80"
"21","A","Fro","yes",0,-2,1,"0.56","0.38","1.18"
"22","H","Tor","yes",0,-1,1,"1.29","-0.43","0.74"
"23","A","Rom","yes",0,-4,0,"0.20","0.78","1.52"
"24","H","Laz","yes",0,-2,1,"1.05","-0.17","1.36"
"25","A","Udi","yes",1,0,1,"1.09","-0.21","1.15"
"26","H","Nap","yes",1,0,1,"0.81","0.10","1.25"
"27","A","Emp","yes",3,1,1,"1.11","-0.24","1.01"
"28","H","Sal","yes",3,2,4,"2.16","-1.40","-0.39"
"29","A","Mon","yes",0,-1,0,"0.45","0.50","0.12"
"30","H","Ver","no",NA,NA,NA,"1.85","-1.05","-0.93"
"31","H","Ata","no",NA,NA,NA,"1.14","-0.26","-1.20"
"32","A","Int","no",NA,NA,NA,"0.09","0.90","-0.30"
"33","H","Juv","no",NA,NA,NA,"0.62","0.31","0.01"
"34","A","Gen","no",NA,NA,NA,"0.44","0.51","0.52"
"35","H","Lec","no",NA,NA,NA,"1.90","-1.11","-0.59"
"36","A","Mil","no",NA,NA,NA,"0.16","0.82","0.23"
"37","A","Sas","no",NA,NA,NA,"0.79","0.12","0.35"
"38","H","Fir","no",NA,NA,NA,"1.21","-0.35","-0.00"
