"","HA","vs","played","Pts","GD","GS","ePts","sched","cumulative"
"1","H","Ver","yes",0,-1,0,"1.10","-0.28","-0.28"
"2","A","Mon","yes",0,-2,0,"1.03","-0.19","-0.47"
"3","H","Juv","yes",0,-2,0,"0.31","0.64","0.16"
"4","A","Rom","yes",0,-7,0,"0.49","0.43","0.59"
"5","H","Int","yes",0,-1,0,"0.06","0.93","1.53"
"6","H","Sal","yes",3,1,1,"1.45","-0.69","0.84"
"7","A","Bol","yes",0,-3,0,"0.37","0.57","1.41"
"8","H","Udi","yes",1,0,0,"0.66","0.24","1.65"
"9","A","Fir","yes",3,2,2,"0.76","0.11","1.77"
"10","H","Ata","yes",0,-3,0,"0.47","0.46","2.22"
"11","A","Fro","yes",0,-1,1,"1.21","-0.41","1.82"
"12","A","Nap","yes",3,1,1,"1.01","-0.17","1.65"
"13","H","Sas","yes",0,-1,3,"1.18","-0.37","1.27"
"14","A","Gen","yes",1,0,1,"1.10","-0.28","0.99"
"15","H","Lec","yes",1,0,1,"1.14","-0.33","0.67"
"16","A","Tor","yes",0,-1,0,"0.83","0.03","0.70"
"17","H","Laz","yes",0,-2,0,"0.48","0.45","1.14"
"18","A","Cag","yes",1,0,0,"1.21","-0.40","0.74"
"19","H","Mil","yes",0,-3,0,"0.20","0.77","1.51"
"20","A","Ver","yes",0,-1,1,"1.43","-0.66","0.84"
"21","H","Mon","yes",3,3,3,"0.59","0.31","1.15"
"22","A","Juv","yes",1,0,1,"0.52","0.39","1.55"
"23","H","Gen","yes",1,0,0,"0.84","0.02","1.57"
"24","A","Sal","yes",3,2,3,"2.16","-1.51","0.06"
"25","H","Fir","yes",1,0,1,"0.59","0.32","0.38"
"26","A","Sas","yes",3,1,3,"1.54","-0.79","-0.40"
"27","H","Cag","yes",0,-1,0,"1.38","-0.60","-1.00"
"28","A","Mil","yes",0,-1,0,"0.41","0.53","-0.47"
"29","H","Bol","yes",0,-1,0,"0.49","0.43","-0.04"
"30","A","Int","no",NA,NA,NA,"0.22","0.74","0.70"
"31","H","Tor","no",NA,NA,NA,"0.63","0.27","0.97"
"32","A","Lec","no",NA,NA,NA,"1.26","-0.46","0.51"
"33","H","Nap","no",NA,NA,NA,"0.35","0.59","1.09"
"34","A","Ata","no",NA,NA,NA,"0.43","0.50","1.59"
"35","H","Fro","no",NA,NA,NA,"1.65","-0.92","0.67"
"36","A","Laz","no",NA,NA,NA,"0.83","0.03","0.70"
"37","A","Udi","no",NA,NA,NA,"1.86","-1.16","-0.46"
"38","H","Rom","no",NA,NA,NA,"0.46","0.46","-0.00"
