"","HA","vs","played","Pts","GD","GS","ePts","sched","cumulative"
"1","H","Mon","yes",3,2,2,"2.60","0.02","0.02"
"2","A","Cag","yes",3,2,2,"2.81","-0.06","-0.04"
"3","H","Fir","yes",3,4,4,"2.59","0.02","-0.02"
"4","H","Mil","yes",3,4,5,"1.99","0.25","0.23"
"5","A","Emp","yes",3,1,1,"2.90","-0.09","0.14"
"6","H","Sas","yes",0,-1,1,"2.81","-0.06","0.08"
"7","A","Sal","yes",3,4,4,"2.93","-0.10","-0.03"
"8","H","Bol","yes",1,0,2,"2.52","0.05","0.02"
"9","A","Tor","yes",3,3,3,"2.69","-0.01","0.01"
"10","H","Rom","yes",3,1,1,"2.52","0.05","0.05"
"11","A","Ata","yes",3,1,2,"2.41","0.09","0.15"
"12","H","Fro","yes",3,2,2,"2.89","-0.09","0.06"
"13","A","Juv","yes",1,0,1,"2.50","0.06","0.11"
"14","A","Nap","yes",3,3,3,"2.74","-0.03","0.08"
"15","H","Udi","yes",3,4,4,"2.66","-0.00","0.08"
"16","A","Laz","yes",3,2,2,"2.69","-0.01","0.06"
"17","H","Lec","yes",3,2,2,"2.80","-0.06","0.01"
"18","A","Gen","yes",1,0,1,"2.77","-0.04","-0.04"
"19","H","Ver","yes",3,1,2,"2.79","-0.05","-0.09"
"20","A","Mon","yes",3,4,5,"2.75","-0.04","-0.13"
"21","A","Fir","yes",3,1,1,"2.65","-0.00","-0.13"
"22","H","Juv","yes",3,1,1,"2.30","0.13","0.01"
"23","A","Rom","yes",3,2,4,"2.47","0.07","0.07"
"24","H","Sal","yes",3,4,4,"2.86","-0.08","-0.01"
"25","A","Lec","yes",3,4,4,"2.80","-0.06","-0.06"
"26","H","Ata","yes",3,4,4,"2.50","0.06","-0.01"
"27","H","Gen","yes",3,1,2,"2.72","-0.03","-0.03"
"28","A","Bol","yes",3,1,1,"2.30","0.13","0.10"
"29","H","Nap","yes",1,0,1,"2.37","0.11","0.21"
"30","H","Emp","yes",3,2,2,"2.68","-0.01","0.20"
"31","A","Udi","no",NA,NA,NA,"2.89","-0.09","0.11"
"32","H","Cag","no",NA,NA,NA,"2.85","-0.07","0.03"
"33","A","Mil","no",NA,NA,NA,"2.38","0.10","0.14"
"34","H","Tor","no",NA,NA,NA,"2.62","0.01","0.15"
"35","A","Sas","no",NA,NA,NA,"2.85","-0.08","0.07"
"36","A","Fro","no",NA,NA,NA,"2.79","-0.05","0.02"
"37","H","Laz","no",NA,NA,NA,"2.51","0.05","0.07"
"38","A","Ver","no",NA,NA,NA,"2.83","-0.07","-0.00"
