"","HA","vs","played","Pts","GD","GS","ePts","sched","cumulative"
"1","A","Udi","yes",3,3,3,"2.47","-0.29","-0.29"
"2","H","Bol","yes",1,0,1,"1.95","-0.02","-0.31"
"3","A","Emp","yes",3,2,2,"2.49","-0.30","-0.61"
"4","H","Laz","yes",3,2,3,"1.93","-0.01","-0.62"
"5","A","Sas","yes",0,-2,2,"2.26","-0.18","-0.80"
"6","H","Lec","yes",3,1,1,"2.53","-0.32","-1.12"
"7","A","Ata","yes",1,0,0,"1.01","0.47","-0.65"
"8","H","Tor","yes",3,2,2,"2.15","-0.12","-0.77"
"9","A","Mil","yes",3,1,1,"0.96","0.50","-0.27"
"10","H","Ver","yes",3,1,1,"2.50","-0.31","-0.58"
"11","A","Fir","yes",3,1,1,"1.53","0.20","-0.38"
"12","H","Cag","yes",3,1,2,"2.63","-0.38","-0.76"
"13","H","Int","yes",1,0,1,"0.38","0.80","0.05"
"14","A","Mon","yes",3,1,2,"1.83","0.04","0.09"
"15","H","Nap","yes",3,1,1,"1.68","0.12","0.21"
"16","A","Gen","yes",1,0,1,"1.91","0.00","0.21"
"17","A","Fro","yes",3,1,2,"2.00","-0.05","0.16"
"18","H","Rom","yes",3,1,1,"1.95","-0.02","0.15"
"19","A","Sal","yes",3,1,2,"2.63","-0.37","-0.23"
"20","H","Sas","yes",3,3,3,"2.58","-0.35","-0.57"
"21","A","Lec","yes",3,3,3,"2.04","-0.07","-0.64"
"22","H","Emp","yes",1,0,1,"2.26","-0.18","-0.82"
"23","A","Int","yes",0,-1,0,"0.54","0.72","-0.10"
"24","H","Udi","yes",0,-1,0,"2.21","-0.16","-0.26"
"25","A","Ver","yes",1,0,2,"2.18","-0.14","-0.40"
"26","H","Fro","yes",3,1,3,"2.73","-0.43","-0.83"
"27","A","Nap","yes",0,-1,1,"1.81","0.05","-0.77"
"28","H","Ata","yes",1,0,2,"1.91","0.00","-0.77"
"29","H","Gen","yes",1,0,0,"2.34","-0.22","-1.00"
"30","A","Laz","yes",0,-1,0,"1.62","0.16","-0.84"
"31","H","Fir","no",NA,NA,NA,"2.09","-0.09","-0.93"
"32","A","Tor","no",NA,NA,NA,"1.62","0.15","-0.78"
"33","A","Cag","no",NA,NA,NA,"2.06","-0.08","-0.85"
"34","H","Mil","no",NA,NA,NA,"1.19","0.38","-0.47"
"35","A","Rom","no",NA,NA,NA,"1.12","0.42","-0.06"
"36","H","Sal","no",NA,NA,NA,"2.67","-0.40","-0.45"
"37","A","Bol","no",NA,NA,NA,"0.86","0.55","0.10"
"38","H","Mon","no",NA,NA,NA,"2.10","-0.10","-0.00"
