"","HA","vs","played","Pts","GD","GS","ePts","sched","cumulative"
"1","H","Laz","yes",3,1,2,"0.99","-0.04","-0.04"
"2","A","Fir","yes",1,0,2,"0.43","0.55","0.51"
"3","H","Sal","yes",3,2,2,"2.13","-1.22","-0.71"
"4","A","Mon","yes",1,0,1,"0.61","0.36","-0.35"
"5","H","Gen","yes",3,1,1,"1.52","-0.59","-0.94"
"6","A","Juv","yes",0,-1,0,"0.29","0.70","-0.24"
"7","H","Nap","yes",0,-4,0,"0.77","0.19","-0.05"
"8","H","Sas","yes",1,0,1,"1.89","-0.97","-1.02"
"9","A","Udi","yes",1,0,1,"1.34","-0.40","-1.42"
"10","H","Tor","yes",0,-1,0,"1.24","-0.30","-1.72"
"11","A","Rom","yes",0,-1,1,"0.27","0.72","-1.00"
"12","H","Mil","yes",1,0,2,"0.45","0.52","-0.47"
"13","A","Ver","yes",1,0,2,"0.93","0.03","-0.44"
"14","H","Bol","yes",1,0,1,"1.02","-0.06","-0.50"
"15","A","Emp","yes",1,0,1,"1.38","-0.44","-0.95"
"16","H","Fro","yes",3,1,2,"2.28","-1.38","-2.33"
"17","A","Int","yes",0,-2,0,"0.12","0.87","-1.46"
"18","A","Ata","yes",0,-1,0,"0.24","0.75","-0.70"
"19","H","Cag","yes",1,0,1,"2.06","-1.15","-1.86"
"20","A","Laz","yes",0,-1,0,"0.48","0.50","-1.36"
"21","H","Juv","yes",0,-3,0,"0.69","0.27","-1.08"
"22","A","Gen","yes",0,-1,1,"0.66","0.31","-0.77"
"23","H","Fir","yes",3,1,3,"1.17","-0.22","-1.00"
"24","A","Bol","yes",0,-4,0,"0.20","0.79","-0.20"
"25","A","Tor","yes",0,-2,0,"0.48","0.50","0.30"
"26","H","Int","yes",0,-4,0,"0.12","0.87","1.17"
"27","A","Fro","yes",1,0,1,"0.74","0.22","1.39"
"28","H","Ver","yes",0,-1,0,"1.81","-0.89","0.50"
"29","A","Sal","yes",3,1,1,"1.68","-0.76","-0.26"
"30","H","Rom","no",NA,NA,NA,"0.97","-0.02","-0.28"
"31","A","Mil","no",NA,NA,NA,"0.22","0.77","0.49"
"32","H","Emp","no",NA,NA,NA,"1.37","-0.44","0.05"
"33","A","Sas","no",NA,NA,NA,"1.02","-0.07","-0.01"
"34","H","Mon","no",NA,NA,NA,"1.18","-0.24","-0.25"
"35","A","Cag","no",NA,NA,NA,"0.74","0.22","-0.02"
"36","H","Udi","no",NA,NA,NA,"1.28","-0.33","-0.36"
"37","H","Ata","no",NA,NA,NA,"0.98","-0.02","-0.38"
"38","A","Nap","no",NA,NA,NA,"0.59","0.38","-0.00"
