"","HA","vs","played","Pts","GD","GS","ePts","sched","cumulative"
"1","A","Bol","yes",3,2,2,"1.38","0.37","0.37"
"2","H","Tor","yes",3,3,4,"2.40","-0.11","0.26"
"3","A","Rom","yes",3,1,2,"1.45","0.33","0.59"
"4","A","Int","yes",0,-4,1,"0.83","0.62","1.21"
"5","H","Ver","yes",3,1,1,"2.61","-0.20","1.00"
"6","A","Cag","yes",3,2,3,"2.28","-0.05","0.96"
"7","H","Laz","yes",3,2,2,"2.17","-0.00","0.96"
"8","A","Gen","yes",3,1,1,"2.25","-0.04","0.92"
"9","H","Juv","yes",0,-1,0,"1.86","0.14","1.06"
"10","A","Nap","yes",1,0,2,"2.17","-0.00","1.06"
"11","H","Udi","yes",0,-1,0,"2.37","-0.09","0.97"
"12","A","Lec","yes",1,0,2,"2.28","-0.05","0.92"
"13","H","Fir","yes",3,1,1,"2.30","-0.06","0.85"
"14","H","Fro","yes",3,2,3,"2.79","-0.29","0.57"
"15","A","Ata","yes",0,-1,2,"1.41","0.35","0.92"
"16","H","Mon","yes",3,3,3,"2.27","-0.04","0.87"
"17","A","Sal","yes",1,0,2,"2.76","-0.27","0.60"
"18","H","Sas","yes",3,1,1,"2.67","-0.23","0.37"
"19","A","Emp","yes",3,3,3,"2.60","-0.20","0.17"
"20","H","Rom","yes",3,2,3,"2.16","0.00","0.18"
"21","A","Udi","yes",3,1,3,"2.65","-0.22","-0.05"
"22","H","Bol","yes",1,0,2,"2.19","-0.01","-0.06"
"23","A","Fro","yes",3,1,3,"2.33","-0.07","-0.13"
"24","H","Nap","yes",3,1,1,"1.84","0.15","0.02"
"25","A","Mon","yes",0,-2,2,"2.23","-0.03","-0.01"
"26","H","Ata","yes",1,0,1,"2.20","-0.02","-0.02"
"27","A","Laz","yes",3,1,1,"1.98","0.09","0.06"
"28","H","Emp","yes",3,1,1,"2.46","-0.13","-0.07"
"29","A","Ver","yes",3,2,3,"2.50","-0.15","-0.22"
"30","A","Fir","yes",3,1,2,"1.95","0.10","-0.12"
"31","H","Lec","yes",3,3,3,"2.64","-0.22","-0.34"
"32","A","Sas","no",NA,NA,NA,"2.51","-0.16","-0.50"
"33","H","Int","no",NA,NA,NA,"0.49","0.77","0.27"
"34","A","Juv","no",NA,NA,NA,"1.53","0.30","0.57"
"35","H","Gen","no",NA,NA,NA,"2.42","-0.12","0.45"
"36","H","Cag","no",NA,NA,NA,"2.71","-0.25","0.20"
"37","A","Tor","no",NA,NA,NA,"2.02","0.07","0.27"
"38","H","Sal","no",NA,NA,NA,"2.75","-0.27","0.00"
