"","HA","vs","played","Pts","GD","GS","ePts","sched","cumulative"
"1","H","Sal","yes",1,0,2,"2.68","-0.52","-0.52"
"2","A","Ver","yes",0,-1,1,"1.87","-0.06","-0.58"
"3","H","Mil","yes",0,-1,1,"1.33","0.25","-0.33"
"4","H","Emp","yes",3,7,7,"2.28","-0.29","-0.62"
"5","A","Tor","yes",1,0,1,"1.34","0.24","-0.38"
"6","A","Gen","yes",0,-3,1,"1.44","0.19","-0.20"
"7","H","Fro","yes",3,2,2,"2.78","-0.57","-0.77"
"8","A","Cag","yes",3,3,4,"1.65","0.06","-0.71"
"9","H","Mon","yes",3,1,1,"2.08","-0.18","-0.89"
"10","A","Int","yes",0,-1,0,"0.37","0.79","-0.10"
"11","H","Lec","yes",3,1,2,"2.56","-0.45","-0.55"
"12","A","Laz","yes",1,0,0,"1.39","0.21","-0.33"
"13","H","Udi","yes",3,2,3,"2.22","-0.25","-0.59"
"14","A","Sas","yes",3,1,2,"1.96","-0.11","-0.70"
"15","H","Fir","yes",1,0,1,"2.13","-0.21","-0.91"
"16","A","Bol","yes",0,-2,0,"0.61","0.65","-0.25"
"17","H","Nap","yes",3,2,2,"1.74","0.01","-0.24"
"18","A","Juv","yes",0,-1,0,"0.83","0.53","0.29"
"19","H","Ata","yes",1,0,1,"2.07","-0.17","0.12"
"20","A","Mil","yes",0,-2,1,"0.66","0.62","0.74"
"21","H","Ver","yes",3,1,2,"2.53","-0.43","0.31"
"22","A","Sal","yes",3,1,2,"2.45","-0.39","-0.08"
"23","H","Cag","yes",3,4,4,"2.66","-0.50","-0.59"
"24","H","Int","yes",0,-2,2,"0.41","0.77","0.18"
"25","A","Fro","yes",3,3,3,"1.65","0.06","0.25"
"26","H","Tor","yes",3,1,3,"2.19","-0.24","0.01"
"27","A","Mon","yes",3,3,4,"1.45","0.18","0.19"
"28","A","Fir","yes",1,0,2,"1.09","0.38","0.57"
"29","H","Sas","yes",3,1,1,"2.58","-0.46","0.11"
"30","A","Lec","no",NA,NA,NA,"1.70","0.04","0.15"
"31","H","Laz","no",NA,NA,NA,"1.99","-0.13","0.02"
"32","A","Udi","no",NA,NA,NA,"2.24","-0.27","-0.24"
"33","H","Bol","no",NA,NA,NA,"2.01","-0.14","-0.38"
"34","A","Nap","no",NA,NA,NA,"1.33","0.24","-0.14"
"35","H","Juv","no",NA,NA,NA,"1.48","0.16","0.02"
"36","A","Ata","no",NA,NA,NA,"0.70","0.60","0.63"
"37","H","Gen","no",NA,NA,NA,"2.38","-0.35","0.28"
"38","A","Emp","no",NA,NA,NA,"2.26","-0.28","0.00"
