"","HA","vs","played","Pts","GD","GS","ePts","sched","cumulative"
"1","A","Rom","yes",1,0,2,"0.16","0.65","0.65"
"2","H","Udi","yes",1,0,1,"0.53","-0.20","0.45"
"3","A","Lec","yes",0,-2,0,"0.45","-0.02","0.42"
"4","H","Tor","yes",0,-3,0,"0.49","-0.11","0.31"
"5","H","Fro","yes",1,0,1,"1.13","-1.55","-1.23"
"6","A","Emp","yes",0,-1,0,"0.73","-0.64","-1.87"
"7","H","Int","yes",0,-4,0,"0.04","0.91","-0.96"
"8","A","Mon","yes",0,-3,0,"0.46","-0.05","-1.01"
"9","H","Cag","yes",1,0,2,"0.93","-1.10","-2.11"
"10","A","Gen","yes",0,-1,0,"0.47","-0.06","-2.17"
"11","H","Nap","yes",0,-2,0,"0.26","0.42","-1.75"
"12","A","Sas","yes",1,0,2,"0.74","-0.66","-2.41"
"13","H","Laz","yes",3,1,2,"0.30","0.32","-2.09"
"14","A","Fir","yes",0,-3,0,"0.30","0.32","-1.78"
"15","H","Bol","yes",0,-1,1,"0.34","0.23","-1.54"
"16","A","Ata","yes",0,-3,1,"0.18","0.60","-0.95"
"17","H","Mil","yes",1,0,2,"0.15","0.66","-0.29"
"18","A","Ver","yes",3,1,1,"0.59","-0.34","-0.63"
"19","H","Juv","yes",0,-1,1,"0.24","0.47","-0.16"
"20","A","Nap","yes",0,-1,1,"0.43","0.02","-0.14"
"21","H","Gen","yes",0,-1,1,"0.51","-0.15","-0.29"
"22","H","Rom","yes",0,-1,1,"0.33","0.25","-0.03"
"23","A","Tor","yes",1,0,0,"0.35","0.22","0.18"
"24","H","Emp","yes",0,-2,1,"0.55","-0.23","-0.05"
"25","A","Int","yes",0,-4,0,"0.10","0.78","0.73"
"26","H","Mon","yes",0,-2,0,"0.39","0.12","0.84"
"27","A","Udi","yes",1,0,1,"0.95","-1.15","-0.30"
"28","A","Cag","yes",0,-2,2,"0.45","-0.02","-0.32"
"29","H","Lec","yes",0,-1,0,"0.71","-0.61","-0.93"
"30","A","Bol","yes",0,-3,0,"0.14","0.68","-0.25"
"31","H","Sas","yes",1,0,2,"0.89","-1.01","-1.26"
"32","A","Laz","yes",0,-3,1,"0.30","0.33","-0.93"
"33","H","Fir","yes",0,-2,0,"0.40","0.10","-0.83"
"34","A","Fro","no",NA,NA,NA,"0.49","-0.10","-0.93"
"35","H","Ata","no",NA,NA,NA,"0.32","0.28","-0.65"
"36","A","Juv","no",NA,NA,NA,"0.17","0.62","-0.04"
"37","H","Ver","no",NA,NA,NA,"0.73","-0.64","-0.68"
"38","A","Mil","no",NA,NA,NA,"0.14","0.68","-0.00"
