"","HA","vs","played","Pts","GD","GS","ePts","sched","cumulative"
"1","H","Cag","yes",1,0,0,"2.35","-0.70","-0.70"
"2","A","Mil","yes",0,-3,1,"0.48","0.65","-0.05"
"3","H","Gen","yes",3,1,1,"1.89","-0.37","-0.42"
"4","A","Sal","yes",3,3,3,"2.27","-0.64","-1.06"
"5","H","Rom","yes",1,0,1,"1.34","0.03","-1.03"
"6","A","Laz","yes",0,-2,0,"1.09","0.21","-0.82"
"7","H","Ver","yes",1,0,0,"2.13","-0.55","-1.37"
"8","A","Juv","yes",0,-2,0,"0.61","0.56","-0.81"
"9","H","Int","yes",0,-3,0,"0.19","0.86","0.05"
"10","A","Lec","yes",3,1,1,"1.40","-0.02","0.03"
"11","H","Sas","yes",3,1,2,"2.21","-0.60","-0.57"
"12","A","Mon","yes",1,0,1,"1.15","0.17","-0.40"
"13","A","Bol","yes",0,-2,0,"0.44","0.68","0.28"
"14","H","Ata","yes",3,3,3,"1.47","-0.06","0.22"
"15","A","Fro","yes",1,0,0,"1.35","0.02","0.24"
"16","H","Emp","yes",3,1,1,"1.74","-0.26","-0.03"
"17","H","Udi","yes",1,0,1,"1.66","-0.20","-0.23"
"18","A","Fir","yes",0,-1,0,"0.82","0.40","0.18"
"19","H","Nap","yes",3,3,3,"1.11","0.20","0.37"
"20","A","Gen","yes",1,0,0,"1.14","0.17","0.55"
"21","A","Cag","yes",3,1,2,"1.35","0.02","0.57"
"22","H","Sal","yes",1,0,0,"2.39","-0.73","-0.17"
"23","A","Sas","yes",1,0,1,"1.68","-0.22","-0.38"
"24","H","Lec","yes",3,2,2,"2.18","-0.58","-0.96"
"25","H","Laz","yes",0,-2,0,"1.37","0.01","-0.96"
"26","A","Rom","yes",0,-1,2,"0.58","0.58","-0.38"
"27","H","Fir","yes",1,0,0,"1.55","-0.12","-0.50"
"28","A","Nap","yes",1,0,1,"1.04","0.24","-0.26"
"29","A","Udi","yes",3,2,2,"2.00","-0.45","-0.70"
"30","H","Mon","no",NA,NA,NA,"1.49","-0.08","-0.78"
"31","A","Emp","no",NA,NA,NA,"2.02","-0.47","-1.25"
"32","H","Juv","no",NA,NA,NA,"0.88","0.37","-0.88"
"33","H","Fro","no",NA,NA,NA,"2.57","-0.86","-1.74"
"34","A","Int","no",NA,NA,NA,"0.26","0.81","-0.93"
"35","H","Bol","no",NA,NA,NA,"1.39","-0.01","-0.94"
"36","A","Ver","no",NA,NA,NA,"1.58","-0.14","-1.09"
"37","H","Mil","no",NA,NA,NA,"0.75","0.46","-0.63"
"38","A","Ata","no",NA,NA,NA,"0.51","0.63","-0.00"
