"","HA","vs","played","Pts","GD","GS","ePts","sched","cumulative"
"1","H","Juv","yes",0,-3,0,"0.33","0.64","0.64"
"2","A","Sal","yes",1,0,1,"2.24","-1.43","-0.79"
"3","H","Fro","yes",1,0,0,"1.70","-0.84","-1.63"
"4","A","Cag","yes",1,0,0,"1.31","-0.43","-2.06"
"5","H","Fir","yes",0,-2,0,"0.61","0.33","-1.73"
"6","A","Nap","yes",0,-3,1,"1.11","-0.20","-1.93"
"7","H","Gen","yes",1,0,2,"0.88","0.05","-1.89"
"8","A","Emp","yes",1,0,0,"1.99","-1.17","-3.05"
"9","H","Lec","yes",1,0,1,"1.18","-0.29","-3.34"
"10","A","Mon","yes",1,0,1,"1.13","-0.23","-3.57"
"11","A","Mil","yes",3,1,1,"0.46","0.50","-3.07"
"12","H","Ata","yes",1,0,1,"0.49","0.47","-2.60"
"13","A","Rom","yes",0,-2,1,"0.55","0.40","-2.20"
"14","H","Ver","yes",1,0,3,"1.14","-0.24","-2.44"
"15","A","Int","yes",0,-4,0,"0.25","0.73","-1.71"
"16","H","Sas","yes",1,0,2,"1.23","-0.33","-2.05"
"17","A","Tor","yes",1,0,1,"0.92","-0.01","-2.05"
"18","H","Bol","yes",3,3,3,"0.51","0.44","-1.61"
"19","H","Laz","yes",0,-1,1,"0.50","0.46","-1.15"
"20","A","Fir","yes",1,0,2,"0.85","0.08","-1.07"
"21","H","Mil","yes",0,-1,2,"0.21","0.77","-0.30"
"22","A","Ata","yes",0,-2,0,"0.49","0.47","0.17"
"23","H","Mon","yes",1,0,0,"0.62","0.32","0.49"
"24","A","Juv","yes",3,1,1,"0.59","0.36","0.85"
"25","H","Cag","yes",1,0,1,"1.42","-0.54","0.31"
"26","A","Gen","yes",0,-2,0,"1.21","-0.31","-0.00"
"27","H","Sal","yes",1,0,1,"1.50","-0.63","-0.63"
"28","A","Laz","yes",3,1,2,"0.92","-0.01","-0.63"
"29","H","Tor","yes",0,-2,0,"0.66","0.28","-0.35"
"30","A","Sas","no",NA,NA,NA,"1.64","-0.79","-1.14"
"31","H","Int","no",NA,NA,NA,"0.06","0.94","-0.20"
"32","H","Rom","no",NA,NA,NA,"0.49","0.47","0.27"
"33","A","Ver","no",NA,NA,NA,"1.54","-0.67","-0.41"
"34","A","Bol","no",NA,NA,NA,"0.41","0.55","0.14"
"35","H","Nap","no",NA,NA,NA,"0.37","0.60","0.74"
"36","A","Lec","no",NA,NA,NA,"1.36","-0.48","0.26"
"37","H","Emp","no",NA,NA,NA,"0.76","0.17","0.43"
"38","A","Fro","no",NA,NA,NA,"1.32","-0.43","0.00"
