"","HA","vs","played","Pts","GD","GS","ePts","sched","cumulative"
"1","A","Emp","yes",3,1,1,"1.43","-0.60","-0.60"
"2","H","Rom","yes",3,1,2,"0.81","0.09","-0.52"
"3","A","Sas","yes",0,-2,1,"1.06","-0.19","-0.71"
"4","H","Bol","yes",1,0,0,"0.85","0.04","-0.67"
"5","A","Mil","yes",0,-1,0,"0.23","0.74","0.07"
"6","H","Ata","yes",0,-1,0,"0.81","0.09","0.16"
"7","A","Tor","yes",1,0,0,"0.50","0.43","0.59"
"8","A","Fro","yes",0,-1,1,"0.78","0.12","0.72"
"9","H","Nap","yes",0,-2,1,"0.64","0.29","1.00"
"10","A","Juv","yes",0,-1,0,"0.30","0.66","1.66"
"11","H","Mon","yes",0,-2,1,"1.00","-0.13","1.53"
"12","A","Gen","yes",0,-1,0,"0.70","0.22","1.75"
"13","H","Lec","yes",1,0,2,"1.67","-0.87","0.88"
"14","A","Udi","yes",1,0,3,"1.39","-0.56","0.32"
"15","H","Laz","yes",1,0,1,"0.83","0.07","0.38"
"16","A","Fir","yes",0,-1,0,"0.46","0.49","0.87"
"17","H","Cag","yes",3,2,2,"1.89","-1.13","-0.26"
"18","H","Sal","yes",0,-1,0,"1.97","-1.21","-1.46"
"19","A","Int","yes",0,-1,1,"0.13","0.86","-0.61"
"20","H","Emp","yes",3,1,2,"1.19","-0.33","-0.94"
"21","A","Rom","yes",0,-1,1,"0.28","0.68","-0.26"
"22","H","Fro","yes",1,0,1,"2.14","-1.40","-1.66"
"23","A","Nap","yes",0,-1,1,"0.63","0.30","-1.36"
"24","A","Mon","yes",1,0,0,"0.64","0.28","-1.08"
"25","H","Juv","yes",1,0,2,"0.57","0.36","-0.72"
"26","A","Bol","yes",0,-2,0,"0.21","0.76","0.05"
"27","H","Sas","yes",3,1,1,"1.71","-0.92","-0.87"
"28","A","Lec","yes",3,1,1,"0.82","0.08","-0.79"
"29","H","Mil","yes",0,-2,1,"0.37","0.59","-0.20"
"30","A","Cag","no",NA,NA,NA,"0.78","0.12","-0.08"
"31","H","Gen","no",NA,NA,NA,"1.33","-0.49","-0.57"
"32","A","Ata","no",NA,NA,NA,"0.25","0.72","0.15"
"33","H","Udi","no",NA,NA,NA,"1.09","-0.23","-0.08"
"34","A","Laz","no",NA,NA,NA,"0.50","0.43","0.36"
"35","H","Fir","no",NA,NA,NA,"0.99","-0.11","0.24"
"36","H","Tor","no",NA,NA,NA,"1.06","-0.19","0.05"
"37","A","Sal","no",NA,NA,NA,"1.73","-0.94","-0.89"
"38","H","Int","no",NA,NA,NA,"0.10","0.89","0.00"
