"","HA","vs","played","Pts","GD","GS","ePts","sched","cumulative"
"1","H","Nic","yes",3,1,2,"2.21","-0.66","-0.66"
"2","A","Nan","yes",0,-2,0,"1.11","0.17","-0.49"
"3","A","Hav","yes",0,-2,1,"1.28","0.04","-0.45"
"4","H","Mco","yes",0,-3,0,"1.35","-0.01","-0.46"
"5","A","Mtp","yes",0,-1,2,"1.07","0.20","-0.26"
"6","H","Bre","yes",3,3,3,"2.52","-0.88","-1.14"
"7","A","StE","yes",0,-2,1,"0.60","0.55","-0.59"
"8","H","Rei","yes",3,1,2,"2.06","-0.54","-1.14"
"9","A","Lyo","yes",1,0,2,"0.39","0.70","-0.43"
"10","H","Ren","yes",3,4,4,"2.72","-1.04","-1.47"
"11","A","Mar","yes",3,2,3,"0.44","0.67","-0.80"
"12","H","Ang","yes",3,1,1,"2.19","-0.64","-1.44"
"13","A","Tou","yes",0,-2,0,"0.48","0.64","-0.80"
"14","H","PSG","yes",1,0,0,"0.92","0.31","-0.49"
"15","H","Len","yes",1,0,2,"1.65","-0.24","-0.72"
"16","A","Str","no",NA,NA,NA,"0.40","0.70","-0.03"
"17","H","Lil","no",NA,NA,NA,"1.82","-0.36","-0.39"
"18","A","Ang","no",NA,NA,NA,"1.30","0.03","-0.36"
"19","H","StE","no",NA,NA,NA,"2.79","-1.09","-1.45"
"20","A","Mco","no",NA,NA,NA,"0.35","0.74","-0.70"
"21","H","Tou","no",NA,NA,NA,"2.04","-0.53","-1.23"
"22","A","Bre","no",NA,NA,NA,"0.47","0.65","-0.59"
"23","H","Mar","no",NA,NA,NA,"0.83","0.38","-0.21"
"24","H","Str","no",NA,NA,NA,"2.45","-0.83","-1.04"
"25","A","Rei","no",NA,NA,NA,"0.78","0.42","-0.62"
"26","A","Nic","no",NA,NA,NA,"0.23","0.83","0.21"
"27","H","Mtp","no",NA,NA,NA,"2.85","-1.13","-0.93"
"28","A","Ren","no",NA,NA,NA,"0.41","0.70","-0.23"
"29","H","Lyo","no",NA,NA,NA,"1.88","-0.41","-0.64"
"30","A","Lil","no",NA,NA,NA,"0.32","0.76","0.12"
"31","A","Len","no",NA,NA,NA,"0.49","0.63","0.75"
"32","H","Hav","no",NA,NA,NA,"2.42","-0.81","-0.06"
"33","H","Nan","no",NA,NA,NA,"2.49","-0.87","-0.93"
"34","A","PSG","no",NA,NA,NA,"0.10","0.93","-0.00"
