"","HA","vs","played","Pts","GD","GS","ePts","sched","cumulative"
"1","H","Mar","yes",0,-4,1,"0.36","0.66","0.66"
"2","A","Len","yes",0,-2,0,"0.57","0.48","1.14"
"3","H","StE","yes",3,4,4,"2.49","-1.31","-0.17"
"4","A","PSG","yes",0,-2,1,"0.15","0.86","0.69"
"5","H","Tou","yes",3,2,2,"1.38","-0.28","0.41"
"6","A","Aux","yes",0,-3,0,"0.24","0.78","1.19"
"7","H","Hav","yes",3,2,2,"1.83","-0.69","0.49"
"8","H","Ren","yes",1,0,1,"2.40","-1.22","-0.73"
"9","A","Rei","yes",3,1,2,"0.98","0.10","-0.63"
"10","H","Nic","yes",0,-1,0,"1.40","-0.30","-0.93"
"11","A","Mtp","yes",0,-2,1,"1.29","-0.20","-1.13"
"12","A","Mco","yes",0,-1,2,"0.34","0.68","-0.44"
"13","H","Str","yes",3,2,3,"2.18","-1.02","-1.46"
"14","A","Lil","yes",0,-2,1,"0.39","0.64","-0.82"
"15","H","Nan","no",NA,NA,NA,"1.88","-0.74","-1.57"
"16","A","Ang","no",NA,NA,NA,"1.39","-0.29","-1.85"
"17","H","Lyo","no",NA,NA,NA,"1.10","-0.02","-1.87"
"18","A","Ren","no",NA,NA,NA,"0.58","0.46","-1.41"
"19","A","Hav","no",NA,NA,NA,"1.25","-0.16","-1.57"
"20","H","PSG","no",NA,NA,NA,"0.49","0.55","-1.02"
"21","A","Nan","no",NA,NA,NA,"1.22","-0.13","-1.15"
"22","H","Aux","no",NA,NA,NA,"2.13","-0.97","-2.12"
"23","A","Str","no",NA,NA,NA,"0.46","0.58","-1.55"
"24","A","Lyo","no",NA,NA,NA,"0.45","0.58","-0.97"
"25","H","Ang","no",NA,NA,NA,"1.29","-0.20","-1.17"
"26","H","Rei","no",NA,NA,NA,"1.29","-0.19","-1.36"
"27","A","Tou","no",NA,NA,NA,"0.58","0.46","-0.89"
"28","H","Mco","no",NA,NA,NA,"0.52","0.52","-0.38"
"29","A","StE","no",NA,NA,NA,"0.74","0.32","-0.06"
"30","H","Len","no",NA,NA,NA,"0.92","0.15","0.09"
"31","A","Mar","no",NA,NA,NA,"0.46","0.58","0.67"
"32","H","Mtp","no",NA,NA,NA,"2.66","-1.47","-0.80"
"33","H","Lil","no",NA,NA,NA,"1.01","0.06","-0.74"
"34","A","Nic","no",NA,NA,NA,"0.29","0.74","0.00"
