"","HA","vs","played","Pts","GD","GS","ePts","sched","cumulative"
"1","H","PSG","yes",0,-3,1,"0.12","0.83","0.83"
"2","A","StE","yes",3,2,2,"0.68","0.05","0.88"
"3","H","Aux","yes",3,2,3,"1.34","-0.89","-0.02"
"4","A","Tou","yes",0,-2,0,"0.74","-0.05","-0.06"
"5","A","Mco","yes",0,-2,1,"0.47","0.34","0.27"
"6","H","Lil","yes",0,-3,0,"0.39","0.45","0.73"
"7","A","Bre","yes",0,-2,0,"0.43","0.39","1.12"
"8","H","Lyo","yes",0,-4,0,"0.49","0.31","1.43"
"9","A","Ren","yes",0,-1,0,"0.76","-0.08","1.35"
"10","H","Mtp","yes",3,1,1,"2.14","-2.02","-0.67"
"11","H","Rei","yes",0,-3,0,"0.61","0.14","-0.53"
"12","A","Nan","yes",3,2,2,"1.26","-0.78","-1.31"
"13","H","Ang","yes",0,-1,0,"0.52","0.26","-1.04"
"14","A","Nic","yes",0,-1,1,"0.31","0.57","-0.48"
"15","H","Str","yes",0,-3,0,"0.63","0.11","-0.36"
"16","A","Mar","yes",0,-4,1,"0.60","0.15","-0.21"
"17","H","Len","yes",0,-1,1,"0.31","0.57","0.36"
"18","A","Rei","yes",1,0,1,"1.21","-0.71","-0.36"
"19","H","Bre","no",NA,NA,NA,"0.87","-0.23","-0.59"
"20","A","Ang","no",NA,NA,NA,"1.07","-0.51","-1.10"
"21","A","Lil","no",NA,NA,NA,"0.40","0.43","-0.67"
"22","H","Nic","no",NA,NA,NA,"0.55","0.23","-0.44"
"23","H","Tou","no",NA,NA,NA,"0.41","0.42","-0.03"
"24","A","Len","no",NA,NA,NA,"0.77","-0.08","-0.11"
"25","H","StE","no",NA,NA,NA,"1.49","-1.10","-1.21"
"26","A","Lyo","no",NA,NA,NA,"0.54","0.24","-0.98"
"27","H","Nan","no",NA,NA,NA,"0.81","-0.14","-1.12"
"28","A","Mtp","no",NA,NA,NA,"1.03","-0.46","-1.57"
"29","H","Ren","no",NA,NA,NA,"1.57","-1.22","-2.79"
"30","A","PSG","no",NA,NA,NA,"0.12","0.84","-1.96"
"31","H","Mco","no",NA,NA,NA,"0.38","0.47","-1.49"
"32","A","Aux","no",NA,NA,NA,"0.49","0.30","-1.18"
"33","H","Mar","no",NA,NA,NA,"0.10","0.86","-0.32"
"34","A","Str","no",NA,NA,NA,"0.48","0.32","-0.00"
