"","HA","vs","played","Pts","GD","GS","ePts","sched","cumulative"
"1","A","Ren","yes",0,-3,0,"1.50","0.10","0.10"
"2","H","Mco","yes",0,-2,0,"0.79","0.53","0.63"
"3","H","Str","yes",3,1,4,"2.44","-0.45","0.18"
"4","A","Len","yes",1,0,0,"1.48","0.12","0.30"
"5","H","Mar","yes",0,-1,2,"0.56","0.66","0.96"
"6","A","Tou","yes",3,1,2,"1.50","0.11","1.07"
"7","H","Nan","yes",3,2,2,"2.21","-0.32","0.75"
"8","A","Hav","yes",3,4,4,"2.22","-0.33","0.43"
"9","H","Aux","yes",1,0,2,"2.40","-0.43","-0.00"
"10","A","Lil","yes",1,0,1,"1.13","0.32","0.32"
"11","H","StE","yes",3,1,1,"2.66","-0.59","-0.26"
"12","A","Rei","yes",1,0,1,"1.99","-0.19","-0.45"
"13","H","Nic","yes",3,3,4,"1.79","-0.07","-0.52"
"14","A","Ang","yes",3,3,3,"2.32","-0.38","-0.90"
"15","A","PSG","no",NA,NA,NA,"0.51","0.69","-0.21"
"16","H","Mtp","no",NA,NA,NA,"2.78","-0.66","-0.86"
"17","A","Bre","no",NA,NA,NA,"1.64","0.02","-0.84"
"18","H","Tou","no",NA,NA,NA,"1.77","-0.05","-0.90"
"19","A","Nan","no",NA,NA,NA,"2.20","-0.31","-1.21"
"20","A","Mar","no",NA,NA,NA,"1.28","0.24","-0.97"
"21","H","Rei","no",NA,NA,NA,"1.68","-0.00","-0.97"
"22","A","Mtp","no",NA,NA,NA,"2.25","-0.34","-1.31"
"23","H","PSG","no",NA,NA,NA,"0.74","0.56","-0.76"
"24","H","Bre","no",NA,NA,NA,"2.34","-0.39","-1.15"
"25","A","Nic","no",NA,NA,NA,"0.90","0.47","-0.68"
"26","H","Hav","no",NA,NA,NA,"2.17","-0.29","-0.97"
"27","A","Str","no",NA,NA,NA,"1.28","0.23","-0.74"
"28","H","Lil","no",NA,NA,NA,"1.39","0.17","-0.57"
"29","A","Aux","no",NA,NA,NA,"0.78","0.54","-0.03"
"30","A","StE","no",NA,NA,NA,"1.72","-0.03","-0.06"
"31","H","Ren","no",NA,NA,NA,"2.59","-0.55","-0.61"
"32","H","Len","no",NA,NA,NA,"1.29","0.23","-0.37"
"33","A","Mco","no",NA,NA,NA,"1.04","0.38","0.01"
"34","H","Ang","no",NA,NA,NA,"1.69","-0.01","-0.00"
