"","HA","vs","played","Pts","GD","GS","ePts","sched","cumulative"
"1","A","Bre","yes",3,4,5,"2.44","-0.17","-0.17"
"2","H","Rei","yes",1,0,2,"1.66","0.20","0.03"
"3","A","Tou","yes",3,2,3,"2.38","-0.14","-0.12"
"4","H","Nic","yes",3,2,2,"1.80","0.13","0.02"
"5","A","Lyo","yes",3,1,3,"2.23","-0.07","-0.06"
"6","A","Str","yes",0,-1,0,"2.11","-0.01","-0.07"
"7","H","Ang","yes",1,0,1,"1.64","0.21","0.14"
"8","A","Mtp","yes",3,5,5,"2.73","-0.32","-0.18"
"9","H","PSG","yes",0,-3,0,"0.71","0.66","0.48"
"10","A","Nan","yes",3,1,2,"2.77","-0.33","0.15"
"11","H","Aux","yes",0,-2,1,"2.40","-0.16","-0.01"
"12","A","Len","yes",3,2,3,"2.39","-0.15","-0.16"
"13","H","Mco","yes",3,1,2,"0.75","0.64","0.48"
"14","A","StE","no",NA,NA,NA,"2.46","-0.18","0.30"
"15","H","Lil","no",NA,NA,NA,"1.35","0.35","0.65"
"16","H","Hav","no",NA,NA,NA,"2.16","-0.04","0.61"
"17","A","Ren","no",NA,NA,NA,"2.35","-0.13","0.48"
"18","H","Str","no",NA,NA,NA,"2.41","-0.16","0.32"
"19","A","Nic","no",NA,NA,NA,"1.87","0.10","0.42"
"20","H","Lyo","no",NA,NA,NA,"1.46","0.30","0.71"
"21","A","Ang","no",NA,NA,NA,"2.76","-0.33","0.38"
"22","H","StE","no",NA,NA,NA,"2.67","-0.28","0.10"
"23","A","Aux","no",NA,NA,NA,"1.72","0.17","0.27"
"24","H","Nan","no",NA,NA,NA,"2.23","-0.07","0.20"
"25","H","Len","no",NA,NA,NA,"1.23","0.41","0.61"
"26","A","PSG","no",NA,NA,NA,"1.32","0.36","0.97"
"27","A","Rei","no",NA,NA,NA,"2.60","-0.25","0.72"
"28","H","Tou","no",NA,NA,NA,"1.73","0.17","0.88"
"29","A","Mco","no",NA,NA,NA,"2.01","0.03","0.92"
"30","H","Mtp","no",NA,NA,NA,"2.74","-0.32","0.59"
"31","H","Bre","no",NA,NA,NA,"2.31","-0.11","0.48"
"32","A","Lil","no",NA,NA,NA,"2.08","-0.00","0.48"
"33","A","Hav","no",NA,NA,NA,"2.72","-0.31","0.17"
"34","H","Ren","no",NA,NA,NA,"2.43","-0.17","0.00"
