"","HA","vs","played","Pts","GD","GS","ePts","sched","cumulative"
"1","H","StE","yes",3,1,1,"2.59","-0.51","-0.51"
"2","A","Lyo","yes",3,2,2,"1.35","0.21","-0.30"
"3","H","Len","yes",1,0,1,"1.33","0.22","-0.08"
"4","A","Aux","yes",3,3,3,"1.27","0.26","0.17"
"5","H","Hav","yes",3,2,3,"2.30","-0.34","-0.17"
"6","H","Mtp","yes",3,1,2,"2.82","-0.65","-0.82"
"7","A","Ren","yes",3,1,2,"1.68","0.02","-0.80"
"8","H","Lil","yes",1,0,0,"1.53","0.10","-0.70"
"9","A","Nic","yes",0,-1,1,"0.88","0.49","-0.21"
"10","H","Ang","yes",0,-1,0,"1.80","-0.05","-0.26"
"11","A","Str","yes",3,2,3,"1.25","0.27","0.01"
"12","H","Bre","yes",3,1,3,"2.22","-0.30","-0.29"
"13","A","Mar","yes",0,-1,1,"1.45","0.15","-0.14"
"14","H","Tou","yes",3,2,2,"1.60","0.07","-0.07"
"15","A","Rei","yes",1,0,0,"2.14","-0.25","-0.32"
"16","H","PSG","yes",0,-2,2,"0.62","0.64","0.32"
"17","A","Nan","yes",1,0,2,"2.17","-0.27","0.05"
"18","A","Mtp","yes",0,-1,1,"1.98","-0.16","-0.11"
"19","H","Ren","no",NA,NA,NA,"2.62","-0.53","-0.64"
"20","H","Aux","no",NA,NA,NA,"2.52","-0.47","-1.11"
"21","A","PSG","no",NA,NA,NA,"0.36","0.79","-0.32"
"22","H","Nan","no",NA,NA,NA,"2.16","-0.26","-0.58"
"23","A","Lil","no",NA,NA,NA,"1.10","0.36","-0.22"
"24","H","Rei","no",NA,NA,NA,"1.93","-0.13","-0.35"
"25","A","Tou","no",NA,NA,NA,"1.65","0.03","-0.32"
"26","A","Ang","no",NA,NA,NA,"2.01","-0.18","-0.49"
"27","H","Nic","no",NA,NA,NA,"1.84","-0.07","-0.57"
"28","A","Bre","no",NA,NA,NA,"1.15","0.33","-0.24"
"29","H","Mar","no",NA,NA,NA,"0.51","0.70","0.46"
"30","H","Str","no",NA,NA,NA,"1.96","-0.14","0.32"
"31","A","Hav","no",NA,NA,NA,"2.40","-0.40","-0.09"
"32","A","StE","no",NA,NA,NA,"1.57","0.09","-0.00"
"33","H","Lyo","no",NA,NA,NA,"1.74","-0.01","-0.01"
"34","A","Len","no",NA,NA,NA,"1.69","0.01","-0.00"
