"","HA","vs","played","Pts","GD","GS","ePts","sched","cumulative"
"1","A","Aux","yes",0,-1,1,"0.55","0.67","0.67"
"2","H","Tou","yes",1,0,1,"2.14","-0.27","0.40"
"3","A","Ang","yes",3,3,4,"2.08","-0.24","0.16"
"4","A","Mar","yes",0,-2,0,"0.97","0.42","0.59"
"5","H","StE","yes",3,8,8,"2.78","-0.65","-0.07"
"6","A","Len","yes",1,0,0,"1.15","0.32","0.25"
"7","H","PSG","yes",1,0,1,"1.10","0.35","0.60"
"8","A","Nan","yes",1,0,1,"1.93","-0.15","0.45"
"9","H","Mco","yes",3,1,2,"1.16","0.31","0.76"
"10","A","Bre","yes",3,1,1,"1.31","0.22","0.98"
"11","H","Lil","yes",1,0,2,"1.81","-0.08","0.91"
"12","H","Str","yes",3,1,2,"2.63","-0.57","0.34"
"13","A","Lyo","yes",0,-3,1,"0.96","0.43","0.77"
"14","H","Hav","yes",3,1,2,"2.44","-0.45","0.32"
"15","A","Mtp","no",NA,NA,NA,"1.99","-0.19","0.13"
"16","H","Ren","no",NA,NA,NA,"2.74","-0.63","-0.50"
"17","A","Rei","no",NA,NA,NA,"1.69","-0.00","-0.50"
"18","A","Lil","no",NA,NA,NA,"0.84","0.50","-0.00"
"19","H","Mar","no",NA,NA,NA,"0.87","0.48","0.48"
"20","A","Tou","no",NA,NA,NA,"1.17","0.30","0.79"
"21","H","Len","no",NA,NA,NA,"1.71","-0.02","0.77"
"22","A","Hav","no",NA,NA,NA,"1.96","-0.17","0.60"
"23","H","Mtp","no",NA,NA,NA,"2.86","-0.70","-0.10"
"24","A","StE","no",NA,NA,NA,"1.40","0.17","0.07"
"25","H","Lyo","no",NA,NA,NA,"1.90","-0.13","-0.05"
"26","H","Aux","no",NA,NA,NA,"2.61","-0.55","-0.60"
"27","A","Mco","no",NA,NA,NA,"0.76","0.55","-0.06"
"28","H","Nan","no",NA,NA,NA,"2.47","-0.47","-0.53"
"29","A","Str","no",NA,NA,NA,"0.97","0.42","-0.11"
"30","H","Ang","no",NA,NA,NA,"2.07","-0.23","-0.34"
"31","A","PSG","no",NA,NA,NA,"0.36","0.79","0.45"
"32","H","Rei","no",NA,NA,NA,"2.06","-0.23","0.22"
"33","A","Ren","no",NA,NA,NA,"1.18","0.30","0.52"
"34","H","Bre","no",NA,NA,NA,"2.56","-0.52","-0.00"
