"","HA","vs","played","Pts","GD","GS","ePts","sched","cumulative"
"1","H","Lyo","yes",3,3,3,"1.26","-0.40","-0.40"
"2","A","Str","yes",0,-2,1,"0.22","0.75","0.35"
"3","A","Rei","yes",0,-1,1,"0.64","0.28","0.64"
"4","H","Mtp","yes",3,3,3,"2.69","-2.00","-1.37"
"5","H","Len","yes",1,0,1,"0.88","0.02","-1.35"
"6","A","PSG","yes",0,-2,1,"0.05","0.94","-0.41"
"7","H","Mco","yes",0,-1,1,"1.04","-0.15","-0.56"
"8","A","Bre","yes",1,0,1,"0.20","0.78","0.22"
"9","H","Hav","yes",3,1,1,"1.92","-1.14","-0.92"
"10","A","Aux","yes",0,-4,0,"0.23","0.75","-0.18"
"11","H","Tou","yes",0,-2,0,"1.12","-0.24","-0.42"
"12","A","Lil","yes",0,-1,0,"0.18","0.79","0.38"
"13","H","StE","yes",3,5,5,"2.34","-1.60","-1.23"
"14","A","Nan","yes",0,-1,0,"0.67","0.25","-0.98"
"15","H","Ang","yes",3,2,2,"1.32","-0.47","-1.45"
"16","A","Nic","yes",0,-1,2,"0.14","0.84","-0.60"
"17","H","Mar","yes",0,-1,1,"0.29","0.67","0.07"
"18","H","Bre","yes",0,-1,1,"1.81","-1.02","-0.95"
"19","A","Mco","no",NA,NA,NA,"0.22","0.76","-0.19"
"20","H","Str","no",NA,NA,NA,"1.49","-0.66","-0.85"
"21","A","StE","no",NA,NA,NA,"0.32","0.64","-0.21"
"22","H","Lil","no",NA,NA,NA,"1.06","-0.18","-0.39"
"23","H","Rei","no",NA,NA,NA,"1.46","-0.63","-1.02"
"24","A","Mtp","no",NA,NA,NA,"0.52","0.42","-0.60"
"25","H","PSG","no",NA,NA,NA,"0.36","0.59","-0.01"
"26","A","Len","no",NA,NA,NA,"0.37","0.59","0.59"
"27","A","Ang","no",NA,NA,NA,"0.55","0.39","0.98"
"28","H","Aux","no",NA,NA,NA,"2.23","-1.49","-0.51"
"29","A","Hav","no",NA,NA,NA,"0.95","-0.05","-0.56"
"30","H","Nan","no",NA,NA,NA,"1.73","-0.93","-1.50"
"31","A","Lyo","no",NA,NA,NA,"0.25","0.72","-0.77"
"32","A","Tou","no",NA,NA,NA,"0.35","0.61","-0.17"
"33","H","Nic","no",NA,NA,NA,"1.36","-0.52","-0.69"
"34","A","Mar","no",NA,NA,NA,"0.28","0.69","-0.00"
