"","HA","vs","played","Pts","GD","ePts","sched","cumulative"
<<<<<<< HEAD
"1","H","Mar","yes",0,-1,"1.05","0.33","0.33"
"2","A","Rei","yes",1,0,"1.49","0.04","0.37"
"3","H","Lor","yes",3,2,"2.43","-0.56","-0.19"
"4","A","Lil","yes",0,-1,"0.98","0.37","0.18"
"5","H","StE","yes",3,2,"2.28","-0.47","-0.29"
"6","A","Tro","yes",1,0,"1.66","-0.07","-0.35"
"7","H","Bor","yes",1,0,"1.96","-0.26","-0.61"
"8","A","PSG","yes",0,-2,"0.33","0.79","0.17"
"9","H","Str","yes",1,0,"1.66","-0.07","0.11"
"10","H","Len","yes",3,1,"1.86","-0.20","-0.09"
"11","A","Mco","yes",0,-2,"1.04","0.33","0.24"
"12","H","Nan","yes",3,2,"1.77","-0.14","0.10"
"13","A","Nic","yes",3,1,"1.23","0.21","0.31"
"14","A","Ren","yes",0,-2,"0.90","0.42","0.73"
"15","H","Lyo","yes",0,-1,"1.89","-0.21","0.52"
"16","A","Mtz","yes",3,2,"1.91","-0.23","0.29"
"17","H","Cle","yes",3,1,"2.07","-0.34","-0.04"
"18","A","Bre","yes",3,4,"1.41","0.09","0.05"
"19","H","Ang","yes",3,3,"1.84","-0.18","-0.14"
"20","H","Tro","no",NA,NA,"2.11","-0.36","-0.50"
"21","A","Str","no",NA,NA,"1.21","0.22","-0.27"
"22","H","Mco","no",NA,NA,"1.80","-0.16","-0.43"
"23","A","StE","no",NA,NA,"1.89","-0.21","-0.64"
"24","H","Lil","no",NA,NA,"1.85","-0.19","-0.83"
"25","A","Lor","no",NA,NA,"1.32","0.15","-0.68"
"26","H","Ren","no",NA,NA,"1.89","-0.22","-0.90"
"27","A","Nan","no",NA,NA,"1.00","0.36","-0.54"
"28","H","Nic","no",NA,NA,"1.03","0.34","-0.20"
"29","A","Bor","no",NA,NA,"1.86","-0.20","-0.40"
"30","H","Bre","no",NA,NA,"1.78","-0.15","-0.55"
"31","A","Mar","no",NA,NA,"1.31","0.16","-0.39"
"32","H","Rei","no",NA,NA,"1.92","-0.23","-0.62"
"33","A","Len","no",NA,NA,"1.16","0.25","-0.37"
"34","A","Lyo","no",NA,NA,"1.18","0.24","-0.13"
"35","H","Mtz","no",NA,NA,"1.99","-0.28","-0.41"
"36","A","Cle","no",NA,NA,"1.45","0.06","-0.35"
"37","H","PSG","no",NA,NA,"1.28","0.17","-0.17"
"38","A","Ang","no",NA,NA,"1.29","0.17","-0.00"
=======
"1","H","Mar","yes",0,-1,"1.30","0.10","0.10"
"2","A","Rei","yes",1,0,"1.39","0.03","0.13"
"3","H","Lor","yes",3,2,"2.13","-0.48","-0.36"
"4","A","Lil","yes",0,-1,"0.84","0.42","0.06"
"5","H","StE","yes",3,2,"2.28","-0.59","-0.53"
"6","A","Tro","yes",1,0,"1.29","0.10","-0.43"
"7","H","Bor","yes",1,0,"1.86","-0.30","-0.73"
"8","A","PSG","yes",0,-2,"0.29","0.80","0.07"
"9","H","Str","yes",1,0,"1.75","-0.22","-0.15"
"10","H","Len","yes",3,1,"1.36","0.05","-0.10"
"11","A","Mco","yes",0,-2,"0.97","0.33","0.23"
"12","H","Nan","yes",3,2,"1.95","-0.36","-0.13"
"13","A","Nic","yes",3,1,"0.94","0.34","0.21"
"14","A","Ren","no",NA,NA,"0.58","0.60","0.81"
"15","H","Lyo","no",NA,NA,"1.95","-0.36","0.45"
"16","A","Mtz","no",NA,NA,"1.80","-0.25","0.19"
"17","H","Cle","no",NA,NA,"1.98","-0.38","-0.18"
"18","A","Bre","no",NA,NA,"1.39","0.03","-0.15"
"19","H","Ang","no",NA,NA,"1.83","-0.27","-0.42"
"20","H","Tro","no",NA,NA,"1.94","-0.35","-0.77"
"21","A","Str","no",NA,NA,"1.00","0.30","-0.47"
"22","H","Mco","no",NA,NA,"1.84","-0.28","-0.75"
"23","A","StE","no",NA,NA,"1.45","-0.01","-0.76"
"24","H","Lil","no",NA,NA,"2.08","-0.45","-1.21"
"25","A","Lor","no",NA,NA,"0.90","0.37","-0.84"
"26","H","Ren","no",NA,NA,"2.01","-0.40","-1.24"
"27","A","Nan","no",NA,NA,"0.88","0.39","-0.85"
"28","H","Nic","no",NA,NA,"1.25","0.13","-0.72"
"29","A","Bor","no",NA,NA,"1.46","-0.01","-0.74"
"30","H","Bre","no",NA,NA,"1.91","-0.33","-1.07"
"31","A","Mar","no",NA,NA,"0.95","0.34","-0.73"
"32","H","Rei","no",NA,NA,"2.03","-0.41","-1.15"
"33","A","Len","no",NA,NA,"0.91","0.37","-0.78"
"34","A","Lyo","no",NA,NA,"0.72","0.50","-0.28"
"35","H","Mtz","no",NA,NA,"2.07","-0.44","-0.72"
"36","A","Cle","no",NA,NA,"1.21","0.16","-0.57"
"37","H","PSG","no",NA,NA,"1.10","0.23","-0.34"
"38","A","Ang","no",NA,NA,"0.95","0.34","0.00"
>>>>>>> sandbox
