"","HA","vs","played","Pts","GD","GS","ePts","sched","cumulative"
"1","A","Len","yes",0,-1,2,"0.16","0.80","0.80"
"2","H","Mar","yes",1,0,1,"0.47","0.41","1.21"
"3","A","Ang","yes",3,2,3,"1.88","-1.35","-0.13"
"4","H","Mtp","yes",0,-7,0,"1.04","-0.30","-0.44"
"5","A","Ren","yes",0,-2,1,"0.41","0.49","0.06"
"6","H","Str","yes",1,0,1,"1.20","-0.50","-0.44"
"7","A","PSG","yes",0,-1,0,"0.19","0.76","0.32"
"8","H","Aja","yes",0,-1,0,"0.83","-0.04","0.27"
"9","A","Aux","yes",1,0,1,"1.16","-0.45","-0.18"
"10","H","Lor","yes",0,-1,1,"0.29","0.64","0.46"
"11","A","Nan","yes",0,-3,1,"0.86","-0.08","0.38"
"12","A","Cle","yes",3,2,3,"0.95","-0.19","0.19"
"13","H","Rei","yes",1,0,0,"0.92","-0.16","0.03"
"14","A","Nic","yes",0,-1,0,"1.23","-0.54","-0.51"
"15","H","Tro","no",NA,NA,NA,"0.73","0.09","-0.42"
"16","H","Lyo","no",NA,NA,NA,"0.78","0.02","-0.40"
"17","A","Mco","no",NA,NA,NA,"0.84","-0.05","-0.44"
"18","H","Lil","no",NA,NA,NA,"0.50","0.37","-0.07"
"19","A","Tou","no",NA,NA,NA,"0.84","-0.05","-0.12"
"20","H","Ang","no",NA,NA,NA,"1.13","-0.42","-0.54"
"21","A","Lyo","no",NA,NA,NA,"0.53","0.34","-0.20"
"22","H","Len","no",NA,NA,NA,"0.36","0.54","0.35"
"23","A","Mtp","no",NA,NA,NA,"1.18","-0.47","-0.12"
"24","H","Mco","no",NA,NA,NA,"0.22","0.72","0.60"
"25","A","Lil","no",NA,NA,NA,"0.48","0.40","0.99"
"26","A","Str","no",NA,NA,NA,"1.66","-1.07","-0.08"
"27","H","PSG","no",NA,NA,NA,"0.09","0.89","0.81"
"28","A","Tro","no",NA,NA,NA,"1.24","-0.55","0.26"
"29","H","Tou","no",NA,NA,NA,"0.76","0.05","0.31"
"30","A","Rei","no",NA,NA,NA,"1.00","-0.25","0.06"
"31","H","Nic","no",NA,NA,NA,"0.44","0.46","0.51"
"32","A","Aja","no",NA,NA,NA,"1.42","-0.77","-0.26"
"33","H","Nan","no",NA,NA,NA,"1.32","-0.64","-0.90"
"34","A","Lor","no",NA,NA,NA,"0.57","0.28","-0.62"
"35","H","Aux","no",NA,NA,NA,"0.98","-0.22","-0.85"
"36","H","Cle","no",NA,NA,NA,"0.63","0.21","-0.64"
"37","A","Mar","no",NA,NA,NA,"0.63","0.22","-0.42"
"38","H","Ren","no",NA,NA,NA,"0.47","0.42","-0.00"
