"","HA","vs","played","Pts","GD","GS","ePts","sched","cumulative"
"1","H","Bre","yes",3,1,3,"2.75","-0.27","-0.27"
"2","A","Aja","yes",1,0,0,"2.21","-0.02","-0.29"
"3","A","Mco","yes",3,3,4,"1.79","0.17","-0.12"
"4","H","Ren","yes",3,1,2,"2.56","-0.18","-0.30"
"5","H","Lor","yes",3,3,5,"2.42","-0.12","-0.42"
"6","A","Rei","yes",1,0,1,"1.85","0.15","-0.27"
"7","H","Tro","yes",3,1,1,"2.77","-0.28","-0.55"
"8","A","Nan","yes",1,0,0,"1.79","0.18","-0.37"
"9","H","Lyo","yes",3,1,1,"2.74","-0.26","-0.64"
"10","A","Lil","yes",0,-1,0,"1.09","0.50","-0.14"
"11","H","Mtp","yes",3,1,1,"2.80","-0.29","-0.43"
"12","A","Mar","yes",3,1,1,"1.35","0.38","-0.06"
"13","H","Tou","yes",3,3,3,"2.75","-0.27","-0.32"
"14","A","Ang","yes",3,1,2,"2.49","-0.15","-0.47"
"15","H","Cle","yes",3,1,2,"2.68","-0.24","-0.71"
"16","A","Nic","no",NA,NA,NA,"2.05","0.05","-0.66"
"17","H","PSG","no",NA,NA,NA,"1.43","0.34","-0.32"
"18","A","Str","no",NA,NA,NA,"2.30","-0.06","-0.39"
"19","H","Aux","no",NA,NA,NA,"2.79","-0.29","-0.68"
"20","A","Tro","no",NA,NA,NA,"2.10","0.03","-0.65"
"21","H","Nic","no",NA,NA,NA,"2.53","-0.17","-0.82"
"22","A","Bre","no",NA,NA,NA,"2.25","-0.04","-0.86"
"23","A","Lyo","no",NA,NA,NA,"1.25","0.42","-0.43"
"24","H","Nan","no",NA,NA,NA,"2.85","-0.32","-0.75"
"25","A","Mtp","no",NA,NA,NA,"2.06","0.05","-0.70"
"26","H","Lil","no",NA,NA,NA,"2.59","-0.20","-0.90"
"27","A","Cle","no",NA,NA,NA,"1.82","0.16","-0.74"
"28","H","Ang","no",NA,NA,NA,"2.83","-0.31","-1.05"
"29","A","Ren","no",NA,NA,NA,"0.93","0.57","-0.48"
"30","H","Str","no",NA,NA,NA,"2.83","-0.31","-0.78"
"31","A","PSG","no",NA,NA,NA,"0.48","0.78","-0.00"
"32","H","Mco","no",NA,NA,NA,"2.18","-0.01","-0.01"
"33","A","Tou","no",NA,NA,NA,"1.69","0.22","0.21"
"34","H","Mar","no",NA,NA,NA,"2.46","-0.13","0.08"
"35","H","Rei","no",NA,NA,NA,"2.77","-0.28","-0.20"
"36","A","Lor","no",NA,NA,NA,"1.32","0.39","0.18"
"37","H","Aja","no",NA,NA,NA,"2.74","-0.27","-0.08"
"38","A","Aux","no",NA,NA,NA,"1.99","0.08","0.00"
