"","HA","vs","played","Pts","GD","GS","ePts","sched","cumulative"
"1","H","Rei","yes",3,3,4,"2.19","-0.24","-0.24"
"2","A","Bre","yes",1,0,1,"2.25","-0.27","-0.51"
"3","H","Nan","yes",3,1,2,"2.46","-0.39","-0.90"
"4","A","Nic","yes",3,3,3,"2.07","-0.17","-1.06"
"5","H","Cle","yes",3,1,1,"1.92","-0.08","-1.15"
"6","A","Aux","yes",3,2,2,"2.04","-0.15","-1.30"
"7","H","Lil","yes",3,1,2,"1.53","0.13","-1.16"
"8","H","Ren","yes",1,0,1,"1.61","0.09","-1.07"
"9","A","Ang","yes",3,3,3,"2.50","-0.41","-1.49"
"10","H","Aja","yes",0,-1,1,"2.09","-0.18","-1.67"
"11","A","PSG","yes",0,-1,0,"0.47","0.73","-0.93"
"12","H","Len","yes",0,-1,0,"1.39","0.21","-0.72"
"13","A","Str","yes",1,0,2,"2.29","-0.30","-1.02"
"14","H","Lyo","yes",3,1,1,"2.08","-0.17","-1.19"
"15","A","Mco","yes",3,1,3,"1.80","-0.01","-1.20"
"16","H","Tou","no",NA,NA,NA,"2.12","-0.20","-1.40"
"17","A","Mtp","no",NA,NA,NA,"2.05","-0.16","-1.56"
"18","A","Tro","no",NA,NA,NA,"2.18","-0.23","-1.79"
"19","H","Lor","no",NA,NA,NA,"1.35","0.24","-1.55"
"20","H","Mco","no",NA,NA,NA,"0.91","0.49","-1.07"
"21","A","Nan","no",NA,NA,NA,"1.77","-0.00","-1.07"
"22","H","Nic","no",NA,NA,NA,"1.56","0.12","-0.95"
"23","A","Cle","no",NA,NA,NA,"1.92","-0.08","-1.03"
"24","A","Tou","no",NA,NA,NA,"1.70","0.04","-0.99"
"25","H","PSG","no",NA,NA,NA,"0.42","0.76","-0.23"
"26","A","Ren","no",NA,NA,NA,"0.93","0.47","0.24"
"27","H","Str","no",NA,NA,NA,"2.36","-0.34","-0.09"
"28","A","Rei","no",NA,NA,NA,"1.84","-0.04","-0.13"
"29","H","Mtp","no",NA,NA,NA,"2.28","-0.29","-0.42"
"30","A","Lor","no",NA,NA,NA,"1.31","0.26","-0.16"
"31","H","Tro","no",NA,NA,NA,"2.19","-0.24","-0.40"
"32","A","Lyo","no",NA,NA,NA,"1.24","0.30","-0.10"
"33","H","Aux","no",NA,NA,NA,"2.28","-0.29","-0.39"
"34","A","Len","no",NA,NA,NA,"0.41","0.77","0.38"
"35","H","Ang","no",NA,NA,NA,"2.46","-0.39","-0.01"
"36","A","Lil","no",NA,NA,NA,"1.07","0.39","0.38"
"37","H","Bre","no",NA,NA,NA,"2.14","-0.21","0.18"
"38","A","Aja","no",NA,NA,NA,"2.08","-0.18","0.00"
