"","HA","vs","played","Pts","GD","GS","ePts","sched","cumulative"
"1","A","Str","yes",3,1,2,"2.60","-0.45","-0.45"
"2","H","Ren","yes",1,0,1,"1.25","0.31","-0.14"
"3","H","Len","yes",0,-3,1,"1.05","0.41","0.27"
"4","A","PSG","yes",1,0,1,"0.84","0.53","0.80"
"5","H","Tro","yes",0,-2,2,"1.68","0.07","0.87"
"6","A","Nic","yes",3,1,1,"2.39","-0.33","0.54"
"7","H","Lyo","yes",3,1,2,"1.74","0.03","0.57"
"8","A","Rei","yes",3,3,3,"2.23","-0.24","0.33"
"9","H","Nan","yes",3,3,4,"2.25","-0.25","0.08"
"10","A","Mtp","yes",3,2,2,"2.35","-0.31","-0.22"
"11","H","Cle","yes",1,0,1,"1.57","0.13","-0.10"
"12","A","Lil","yes",0,-1,3,"1.60","0.11","0.01"
"13","H","Ang","yes",3,2,2,"2.10","-0.17","-0.16"
"14","A","Tou","yes",3,2,2,"2.09","-0.16","-0.32"
"15","H","Mar","no",NA,NA,NA,"1.27","0.29","-0.03"
"16","A","Aux","no",NA,NA,NA,"2.34","-0.30","-0.33"
"17","H","Bre","no",NA,NA,NA,"1.85","-0.03","-0.37"
"18","A","Lor","no",NA,NA,NA,"1.75","0.02","-0.34"
"19","H","Aja","no",NA,NA,NA,"1.81","-0.00","-0.35"
"20","A","Mar","no",NA,NA,NA,"1.83","-0.02","-0.36"
"21","H","Aux","no",NA,NA,NA,"1.96","-0.09","-0.46"
"22","A","Cle","no",NA,NA,NA,"2.20","-0.22","-0.68"
"23","H","PSG","no",NA,NA,NA,"0.29","0.84","0.16"
"24","A","Bre","no",NA,NA,NA,"2.63","-0.46","-0.30"
"25","H","Nic","no",NA,NA,NA,"1.21","0.33","0.02"
"26","A","Tro","no",NA,NA,NA,"2.40","-0.33","-0.31"
"27","H","Rei","no",NA,NA,NA,"1.91","-0.06","-0.37"
"28","A","Aja","no",NA,NA,NA,"2.49","-0.39","-0.76"
"29","H","Str","no",NA,NA,NA,"2.16","-0.20","-0.96"
"30","A","Nan","no",NA,NA,NA,"2.12","-0.18","-1.14"
"31","H","Lor","no",NA,NA,NA,"0.86","0.52","-0.62"
"32","A","Len","no",NA,NA,NA,"0.64","0.64","0.03"
"33","H","Mtp","no",NA,NA,NA,"2.02","-0.12","-0.10"
"34","A","Ang","no",NA,NA,NA,"2.69","-0.49","-0.59"
"35","H","Lil","no",NA,NA,NA,"1.33","0.26","-0.33"
"36","A","Lyo","no",NA,NA,NA,"1.68","0.07","-0.27"
"37","A","Ren","no",NA,NA,NA,"1.34","0.25","-0.01"
"38","H","Tou","no",NA,NA,NA,"1.78","0.01","-0.00"
