"","HA","vs","played","Pts","GD","GS","ePts","sched","cumulative"
"1","A","Ang","yes",1,0,0,"1.37","-0.32","-0.32"
"2","H","Lil","yes",1,0,1,"1.30","-0.25","-0.57"
"3","A","Mar","yes",0,-1,1,"0.35","0.66","0.09"
"4","H","Tou","yes",3,2,3,"1.69","-0.63","-0.54"
"5","A","Str","yes",1,0,1,"1.14","-0.10","-0.65"
"6","H","PSG","yes",0,-3,0,"0.28","0.73","0.09"
"7","A","Lor","yes",0,-1,2,"0.32","0.69","0.78"
"8","H","Len","yes",1,0,0,"1.02","0.01","0.79"
"9","A","Mco","yes",0,-3,1,"0.49","0.53","1.32"
"10","A","Ren","yes",0,-3,0,"0.23","0.78","2.10"
"11","H","Bre","yes",3,3,4,"1.83","-0.76","1.34"
"12","A","Nic","yes",1,0,1,"0.77","0.26","1.59"
"13","H","Cle","yes",1,0,1,"1.51","-0.46","1.14"
"14","A","Rei","yes",0,-1,0,"0.60","0.42","1.56"
"15","H","Aja","no",NA,NA,NA,"1.78","-0.71","0.85"
"16","A","Tro","no",NA,NA,NA,"0.78","0.25","1.10"
"17","H","Aux","no",NA,NA,NA,"1.93","-0.86","0.23"
"18","H","Lyo","no",NA,NA,NA,"1.72","-0.66","-0.42"
"19","A","Mtp","no",NA,NA,NA,"0.73","0.30","-0.13"
"20","A","Cle","no",NA,NA,NA,"0.57","0.45","0.33"
"21","H","Mar","no",NA,NA,NA,"1.24","-0.19","0.14"
"22","A","Aja","no",NA,NA,NA,"0.93","0.11","0.24"
"23","H","Lor","no",NA,NA,NA,"0.85","0.18","0.42"
"24","A","Len","no",NA,NA,NA,"0.09","0.91","1.34"
"25","H","Ren","no",NA,NA,NA,"1.23","-0.19","1.15"
"26","A","PSG","no",NA,NA,NA,"0.11","0.90","2.05"
"27","H","Nic","no",NA,NA,NA,"1.17","-0.13","1.92"
"28","A","Lyo","no",NA,NA,NA,"0.29","0.72","2.64"
"29","H","Rei","no",NA,NA,NA,"1.88","-0.81","1.82"
"30","H","Mco","no",NA,NA,NA,"0.68","0.35","2.17"
"31","A","Aux","no",NA,NA,NA,"0.72","0.31","2.48"
"32","H","Tro","no",NA,NA,NA,"1.65","-0.59","1.89"
"33","A","Bre","no",NA,NA,NA,"1.23","-0.18","1.71"
"34","H","Str","no",NA,NA,NA,"2.13","-1.05","0.66"
"35","A","Tou","no",NA,NA,NA,"0.49","0.53","1.18"
"36","H","Mtp","no",NA,NA,NA,"1.99","-0.92","0.26"
"37","A","Lil","no",NA,NA,NA,"0.27","0.74","1.00"
"38","H","Ang","no",NA,NA,NA,"2.08","-1.00","-0.00"
