"","HA","vs","played","Pts","GD","GS","ePts","sched","cumulative"
"1","A","Tou","yes",1,0,1,"1.54","-0.15","-0.15"
"2","H","Str","yes",1,0,1,"1.76","-0.32","-0.47"
"3","A","Cle","yes",0,-1,0,"1.67","-0.25","-0.72"
"4","H","Mar","yes",0,-3,0,"0.87","0.35","-0.36"
"5","A","Lil","yes",3,1,2,"0.91","0.32","-0.04"
"6","H","Mco","yes",0,-1,0,"0.41","0.69","0.65"
"7","A","Aja","yes",3,1,1,"2.11","-0.58","0.07"
"8","H","Ang","yes",0,-1,0,"1.69","-0.26","-0.18"
"9","A","PSG","yes",0,-1,1,"0.45","0.67","0.48"
"10","H","Tro","yes",3,1,3,"1.21","0.10","0.58"
"11","A","Aux","yes",1,0,1,"1.89","-0.41","0.17"
"12","H","Nan","yes",1,0,1,"1.88","-0.40","-0.23"
"13","A","Lor","yes",3,1,2,"1.16","0.13","-0.10"
"14","H","Bre","yes",3,1,1,"1.41","-0.05","-0.15"
"15","A","Lyo","no",NA,NA,NA,"0.98","0.27","0.11"
"16","H","Len","no",NA,NA,NA,"0.67","0.50","0.61"
"17","A","Ren","no",NA,NA,NA,"0.89","0.34","0.95"
"18","H","Mtp","no",NA,NA,NA,"1.60","-0.19","0.76"
"19","A","Rei","no",NA,NA,NA,"1.71","-0.28","0.48"
"20","H","Lil","no",NA,NA,NA,"0.88","0.34","0.82"
"21","A","Len","no",NA,NA,NA,"0.37","0.72","1.54"
"22","A","Mar","no",NA,NA,NA,"1.37","-0.02","1.52"
"23","H","Aja","no",NA,NA,NA,"1.36","-0.01","1.51"
"24","H","Rei","no",NA,NA,NA,"1.48","-0.10","1.40"
"25","A","Mco","no",NA,NA,NA,"1.53","-0.14","1.26"
"26","H","Aux","no",NA,NA,NA,"1.51","-0.13","1.13"
"27","A","Nan","no",NA,NA,NA,"1.57","-0.17","0.96"
"28","H","Lor","no",NA,NA,NA,"0.54","0.59","1.56"
"29","A","Ang","no",NA,NA,NA,"2.44","-0.82","0.74"
"30","H","PSG","no",NA,NA,NA,"0.16","0.88","1.62"
"31","A","Bre","no",NA,NA,NA,"2.35","-0.76","0.86"
"32","H","Cle","no",NA,NA,NA,"1.10","0.18","1.04"
"33","A","Tro","no",NA,NA,NA,"1.96","-0.47","0.58"
"34","H","Ren","no",NA,NA,NA,"0.86","0.36","0.93"
"35","A","Str","no",NA,NA,NA,"2.30","-0.71","0.22"
"36","H","Tou","no",NA,NA,NA,"1.25","0.07","0.29"
"37","A","Mtp","no",NA,NA,NA,"1.89","-0.41","-0.12"
"38","H","Lyo","no",NA,NA,NA,"1.18","0.12","-0.00"
