"","HA","vs","played","Pts","GD","GS","ePts","sched","cumulative"
"1","H","Lor","yes",0,-1,0,"1.78","0.03","0.03"
"2","A","Mco","yes",1,0,1,"1.59","0.14","0.17"
"3","H","Aja","yes",3,1,2,"2.40","-0.30","-0.13"
"4","A","Len","yes",0,-1,1,"0.32","0.83","0.70"
"5","H","Bre","yes",3,2,3,"2.43","-0.32","0.38"
"6","A","Tro","yes",1,0,1,"2.00","-0.09","0.30"
"7","H","Aux","yes",3,5,5,"2.53","-0.37","-0.08"
"8","A","Mar","yes",1,0,1,"1.12","0.39","0.32"
"9","A","Str","yes",3,2,3,"2.14","-0.16","0.16"
"10","H","Nan","yes",3,3,3,"2.65","-0.44","-0.28"
"11","H","Lyo","yes",3,1,3,"2.39","-0.29","-0.57"
"12","A","Ang","yes",3,1,2,"2.39","-0.29","-0.87"
"13","H","Mtp","yes",3,3,3,"2.53","-0.37","-1.24"
"14","A","Lil","yes",1,0,1,"0.88","0.52","-0.72"
"15","H","Tou","yes",3,1,2,"2.42","-0.31","-1.03"
"16","A","Rei","no",NA,NA,NA,"1.63","0.11","-0.92"
"17","H","Nic","no",NA,NA,NA,"1.98","-0.07","-0.99"
"18","A","Cle","no",NA,NA,NA,"1.72","0.07","-0.92"
"19","H","PSG","no",NA,NA,NA,"0.69","0.63","-0.29"
"20","A","Lor","no",NA,NA,NA,"1.10","0.41","0.12"
"21","H","Str","no",NA,NA,NA,"2.59","-0.40","-0.29"
"22","H","Lil","no",NA,NA,NA,"1.95","-0.06","-0.35"
"23","A","Tou","no",NA,NA,NA,"1.48","0.20","-0.15"
"24","H","Cle","no",NA,NA,NA,"2.27","-0.23","-0.38"
"25","A","Nan","no",NA,NA,NA,"1.56","0.15","-0.22"
"26","H","Mar","no",NA,NA,NA,"1.84","0.00","-0.22"
"27","A","Aux","no",NA,NA,NA,"1.85","-0.00","-0.22"
"28","A","PSG","no",NA,NA,NA,"0.37","0.80","0.58"
"29","H","Len","no",NA,NA,NA,"1.83","0.01","0.59"
"30","A","Lyo","no",NA,NA,NA,"1.04","0.44","1.02"
"31","H","Rei","no",NA,NA,NA,"2.47","-0.34","0.68"
"32","A","Mtp","no",NA,NA,NA,"1.86","-0.01","0.67"
"33","H","Ang","no",NA,NA,NA,"2.66","-0.44","0.23"
"34","A","Nic","no",NA,NA,NA,"1.88","-0.02","0.22"
"35","H","Tro","no",NA,NA,NA,"2.47","-0.34","-0.12"
"36","A","Aja","no",NA,NA,NA,"1.90","-0.03","-0.15"
"37","H","Mco","no",NA,NA,NA,"1.33","0.28","0.13"
"38","A","Bre","no",NA,NA,NA,"2.09","-0.13","-0.00"
