"","HA","vs","played","Pts","GD","GS","ePts","sched","cumulative"
"1","H","Mco","yes",0,-1,1,"0.25","0.64","0.64"
"2","A","Nic","yes",1,0,1,"0.88","-0.27","0.37"
"3","H","Rei","yes",1,0,1,"1.01","-0.46","-0.09"
"4","A","Aux","yes",0,-1,0,"0.82","-0.18","-0.27"
"5","H","Nan","yes",1,0,1,"1.41","-1.05","-1.32"
"6","A","Bre","yes",1,0,1,"1.36","-0.97","-2.29"
"7","H","Cle","yes",1,0,0,"0.70","-0.01","-2.30"
"8","A","Mtp","yes",0,-1,1,"0.83","-0.20","-2.50"
"9","H","Ren","yes",0,-2,1,"0.52","0.25","-2.25"
"10","A","Ang","yes",3,1,3,"1.51","-1.18","-3.44"
"11","H","Lil","yes",0,-3,0,"0.55","0.21","-3.23"
"12","A","Tou","yes",1,0,2,"0.56","0.18","-3.05"
"13","H","Mar","yes",1,0,2,"0.52","0.25","-2.80"
"14","A","Aja","yes",0,-2,2,"1.04","-0.51","-3.31"
"15","H","Lor","no",NA,NA,NA,"0.32","0.53","-2.78"
"16","A","PSG","no",NA,NA,NA,"0.12","0.82","-1.95"
"17","H","Tro","no",NA,NA,NA,"0.79","-0.15","-2.10"
"18","H","Len","no",NA,NA,NA,"0.41","0.41","-1.69"
"19","A","Lyo","no",NA,NA,NA,"0.30","0.56","-1.12"
"20","H","Tou","no",NA,NA,NA,"0.83","-0.20","-1.33"
"21","A","Ren","no",NA,NA,NA,"0.26","0.62","-0.70"
"22","H","Mtp","no",NA,NA,NA,"1.13","-0.64","-1.34"
"23","A","Lil","no",NA,NA,NA,"0.31","0.55","-0.79"
"24","H","Ang","no",NA,NA,NA,"1.22","-0.76","-1.55"
"25","A","Cle","no",NA,NA,NA,"0.65","0.06","-1.49"
"26","H","Bre","no",NA,NA,NA,"0.96","-0.39","-1.88"
"27","A","Mar","no",NA,NA,NA,"0.41","0.41","-1.48"
"28","H","Aux","no",NA,NA,NA,"1.06","-0.53","-2.01"
"29","A","Mco","no",NA,NA,NA,"0.56","0.19","-1.82"
"30","A","Len","no",NA,NA,NA,"0.10","0.85","-0.97"
"31","H","Aja","no",NA,NA,NA,"0.91","-0.31","-1.28"
"32","A","Rei","no",NA,NA,NA,"0.69","0.01","-1.28"
"33","H","Lyo","no",NA,NA,NA,"0.85","-0.23","-1.51"
"34","A","Nan","no",NA,NA,NA,"0.58","0.16","-1.35"
"35","H","Nic","no",NA,NA,NA,"0.48","0.31","-1.04"
"36","A","Tro","no",NA,NA,NA,"0.88","-0.28","-1.32"
"37","H","PSG","no",NA,NA,NA,"0.10","0.86","-0.46"
"38","A","Lor","no",NA,NA,NA,"0.37","0.46","-0.00"
