"","HA","vs","played","Pts","GD","GS","ePts","sched","cumulative"
"1","H","Nic","yes",1,0,1,"1.16","0.07","0.07"
"2","A","Tro","yes",3,3,3,"1.43","-0.15","-0.08"
"3","H","Lor","yes",1,0,2,"0.98","0.22","0.13"
"4","A","Nan","yes",0,-2,1,"0.99","0.20","0.34"
"5","H","PSG","yes",0,-3,0,"0.27","0.78","1.12"
"6","A","Cle","yes",0,-2,0,"1.03","0.17","1.29"
"7","H","Rei","yes",3,1,1,"1.87","-0.50","0.79"
"8","A","Lil","yes",0,-1,1,"0.48","0.61","1.41"
"9","H","Mtp","yes",3,2,4,"1.97","-0.58","0.83"
"10","A","Lyo","yes",1,0,1,"0.58","0.53","1.36"
"11","H","Ang","yes",3,1,3,"2.21","-0.78","0.58"
"12","H","Str","yes",1,0,2,"2.09","-0.67","-0.09"
"13","A","Len","yes",0,-3,0,"0.16","0.87","0.78"
"14","H","Mco","yes",0,-2,0,"0.62","0.51","1.29"
"15","A","Ren","yes",0,-1,1,"0.40","0.68","1.97"
"16","A","Mar","no",NA,NA,NA,"0.64","0.49","2.45"
"17","H","Aja","no",NA,NA,NA,"1.74","-0.40","2.06"
"18","A","Aux","no",NA,NA,NA,"1.26","-0.01","2.05"
"19","H","Bre","no",NA,NA,NA,"1.79","-0.44","1.61"
"20","A","Str","no",NA,NA,NA,"1.61","-0.29","1.32"
"21","H","Tro","no",NA,NA,NA,"1.85","-0.49","0.83"
"22","A","PSG","no",NA,NA,NA,"0.19","0.85","1.68"
"23","H","Ren","no",NA,NA,NA,"1.23","0.01","1.70"
"24","H","Mar","no",NA,NA,NA,"1.03","0.17","1.87"
"25","A","Rei","no",NA,NA,NA,"1.05","0.16","2.03"
"26","H","Cle","no",NA,NA,NA,"1.53","-0.23","1.80"
"27","A","Ang","no",NA,NA,NA,"1.94","-0.55","1.25"
"28","H","Lil","no",NA,NA,NA,"1.28","-0.03","1.22"
"29","A","Bre","no",NA,NA,NA,"1.53","-0.23","0.99"
"30","A","Mtp","no",NA,NA,NA,"1.29","-0.03","0.96"
"31","H","Lyo","no",NA,NA,NA,"1.73","-0.39","0.57"
"32","A","Lor","no",NA,NA,NA,"0.63","0.50","1.07"
"33","H","Len","no",NA,NA,NA,"1.02","0.18","1.25"
"34","A","Aja","no",NA,NA,NA,"1.32","-0.06","1.19"
"35","H","Nan","no",NA,NA,NA,"2.21","-0.77","0.42"
"36","A","Nic","no",NA,NA,NA,"1.29","-0.04","0.38"
"37","H","Aux","no",NA,NA,NA,"1.97","-0.58","-0.20"
"38","A","Mco","no",NA,NA,NA,"1.00","0.20","-0.00"
