"","HA","vs","played","Pts","GD","GS","ePts","sched","cumulative"
"1","H","Not","yes",3,1,2,"2.68","-0.20","-0.20"
"2","A","Pal","yes",3,1,1,"2.43","-0.09","-0.29"
"3","H","Ful","yes",1,0,2,"2.66","-0.20","-0.49"
"4","H","MnU","yes",3,2,3,"2.21","0.01","-0.48"
"5","A","Eve","yes",3,1,1,"2.41","-0.08","-0.56"
"6","H","Tot","yes",1,0,2,"2.16","0.03","-0.53"
"7","A","Bou","yes",3,4,4,"2.30","-0.03","-0.56"
"8","H","MnC","yes",3,1,1,"1.76","0.21","-0.35"
"9","A","Che","yes",1,0,2,"2.04","0.08","-0.26"
"10","H","ShU","yes",3,5,5,"2.84","-0.27","-0.54"
"11","A","New","yes",0,-1,0,"1.52","0.32","-0.22"
"12","H","Bur","yes",3,2,3,"2.75","-0.23","-0.46"
"13","A","Bre","yes",3,1,1,"2.31","-0.03","-0.49"
"14","H","Wol","yes",3,1,2,"2.52","-0.13","-0.62"
"15","A","Lut","yes",3,1,4,"2.54","-0.14","-0.76"
"16","A","Ast","yes",0,-1,0,"1.39","0.38","-0.39"
"17","H","BHA","yes",3,2,2,"2.56","-0.15","-0.54"
"18","A","Liv","yes",1,0,1,"0.81","0.64","0.10"
"19","H","WHU","yes",0,-2,0,"2.42","-0.09","0.01"
"20","A","Ful","yes",0,-1,1,"1.96","0.12","0.13"
"21","H","Pal","yes",3,5,5,"2.66","-0.19","-0.06"
"22","A","Not","yes",3,1,2,"2.42","-0.08","-0.14"
"23","H","Liv","yes",3,2,3,"1.88","0.16","0.01"
"24","A","WHU","yes",3,6,6,"2.02","0.09","0.11"
"25","A","Bur","yes",3,5,5,"2.75","-0.23","-0.13"
"26","H","New","yes",3,3,4,"2.65","-0.19","-0.32"
"27","A","ShU","yes",3,6,6,"2.66","-0.19","-0.51"
"28","H","Bre","yes",3,1,2,"2.67","-0.20","-0.71"
"29","H","Che","no",NA,NA,NA,"2.47","-0.11","-0.82"
"30","A","MnC","no",NA,NA,NA,"1.11","0.50","-0.32"
"31","H","Lut","no",NA,NA,NA,"2.77","-0.24","-0.56"
"32","A","BHA","no",NA,NA,NA,"1.89","0.15","-0.41"
"33","H","Ast","no",NA,NA,NA,"2.24","-0.00","-0.42"
"34","A","Wol","no",NA,NA,NA,"1.91","0.14","-0.28"
"35","A","Tot","no",NA,NA,NA,"1.48","0.34","0.06"
"36","H","Bou","no",NA,NA,NA,"2.51","-0.12","-0.06"
"37","A","MnU","no",NA,NA,NA,"1.83","0.18","0.12"
"38","H","Eve","no",NA,NA,NA,"2.49","-0.12","-0.00"
