"","HA","vs","played","Pts","GD","GS","ePts","sched","cumulative"
"1","H","Lut","yes",3,3,4,"2.32","-0.65","-0.65"
"2","A","Wol","yes",3,3,4,"0.96","0.32","-0.33"
"3","H","WHU","yes",0,-2,1,"1.58","-0.12","-0.45"
"4","H","New","yes",3,2,3,"2.02","-0.44","-0.89"
"5","A","MnU","yes",3,2,3,"0.89","0.37","-0.52"
"6","H","Bou","yes",3,2,3,"1.68","-0.19","-0.71"
"7","A","Ast","yes",0,-5,1,"0.51","0.63","-0.07"
"8","H","Liv","yes",1,0,2,"0.86","0.39","0.32"
"9","A","MnC","yes",0,-1,1,"0.40","0.71","1.03"
"10","H","Ful","yes",1,0,1,"2.08","-0.48","0.55"
"11","A","Eve","yes",1,0,1,"1.60","-0.14","0.42"
"12","H","ShU","yes",1,0,1,"2.50","-0.77","-0.36"
"13","A","Not","yes",3,1,3,"1.63","-0.16","-0.52"
"14","A","Che","yes",0,-1,2,"1.16","0.18","-0.34"
"15","H","Bre","yes",3,1,2,"2.20","-0.56","-0.90"
"16","H","Bur","yes",1,0,1,"2.22","-0.58","-1.48"
"17","A","Ars","yes",0,-2,0,"0.32","0.77","-0.71"
"18","A","Pal","yes",1,0,1,"1.62","-0.15","-0.86"
"19","H","Tot","yes",3,2,4,"1.26","0.10","-0.76"
"20","A","WHU","yes",1,0,0,"1.07","0.24","-0.52"
"21","H","Wol","yes",1,0,0,"1.77","-0.26","-0.77"
"22","A","Lut","yes",0,-4,0,"1.84","-0.31","-1.08"
"23","H","Pal","yes",3,3,4,"2.05","-0.46","-1.54"
"24","A","Tot","yes",0,-1,1,"0.59","0.58","-0.96"
"25","A","ShU","yes",3,5,5,"2.09","-0.48","-1.44"
"26","H","Eve","yes",1,0,1,"1.75","-0.25","-1.69"
"27","A","Ful","yes",0,-3,0,"0.89","0.37","-1.32"
"28","H","Not","yes",3,1,1,"2.13","-0.51","-1.83"
"29","A","Liv","no",NA,NA,NA,"0.27","0.81","-1.02"
"30","A","Bre","no",NA,NA,NA,"1.42","-0.01","-1.03"
"31","H","Ars","no",NA,NA,NA,"0.88","0.38","-0.65"
"32","A","Bur","no",NA,NA,NA,"2.13","-0.51","-1.16"
"33","H","Che","no",NA,NA,NA,"1.62","-0.15","-1.32"
"34","H","MnC","no",NA,NA,NA,"0.76","0.46","-0.85"
"35","A","Bou","no",NA,NA,NA,"1.28","0.09","-0.76"
"36","H","Ast","no",NA,NA,NA,"1.29","0.08","-0.68"
"37","A","New","no",NA,NA,NA,"0.58","0.59","-0.09"
"38","H","MnU","no",NA,NA,NA,"1.28","0.09","-0.00"
