"","HA","vs","played","Pts","GD","GS","ePts","sched","cumulative"
"1","H","WHU","yes",1,0,1,"1.05","0.14","0.14"
"2","A","Liv","yes",0,-2,1,"0.31","0.75","0.89"
"3","H","Tot","yes",0,-2,0,"0.72","0.41","1.30"
"4","A","Bre","yes",1,0,2,"1.54","-0.26","1.04"
"5","H","Che","yes",1,0,0,"1.14","0.07","1.11"
"6","A","BHA","yes",0,-2,1,"1.04","0.15","1.27"
"7","H","Ars","yes",0,-4,0,"0.53","0.57","1.83"
"8","A","Eve","yes",0,-3,0,"1.72","-0.40","1.43"
"9","H","Wol","yes",0,-1,1,"1.24","-0.01","1.43"
"10","H","Bur","yes",3,1,2,"1.87","-0.52","0.90"
"11","A","MnC","yes",0,-5,1,"0.46","0.63","1.53"
"12","H","New","yes",3,2,2,"1.55","-0.26","1.27"
"13","A","ShU","yes",3,2,3,"2.20","-0.79","0.48"
"14","H","Ast","yes",1,0,2,"0.81","0.34","0.82"
"15","A","Pal","yes",3,2,2,"1.74","-0.41","0.41"
"16","A","MnU","yes",3,3,3,"0.98","0.20","0.61"
"17","A","Not","yes",3,1,3,"1.72","-0.40","0.20"
"18","H","Ful","yes",3,3,3,"1.58","-0.29","-0.08"
"19","A","Tot","yes",0,-2,1,"0.68","0.44","0.36"
"20","H","Liv","yes",0,-4,0,"0.51","0.58","0.94"
"21","A","WHU","yes",1,0,1,"1.18","0.04","0.98"
"22","H","Not","yes",1,0,1,"1.64","-0.33","0.65"
"23","A","Ful","yes",0,-2,1,"1.11","0.10","0.75"
"24","A","New","yes",1,0,2,"0.72","0.41","1.16"
"25","H","MnC","yes",0,-1,0,"0.44","0.64","1.80"
"26","A","Bur","yes",3,2,2,"2.39","-0.95","0.85"
"27","H","ShU","yes",1,0,2,"2.21","-0.80","0.05"
"28","H","Lut","yes",3,1,4,"1.93","-0.57","-0.52"
"29","A","Wol","no",NA,NA,NA,"1.06","0.14","-0.38"
"30","H","Eve","no",NA,NA,NA,"1.17","0.05","-0.33"
"31","H","Pal","no",NA,NA,NA,"1.56","-0.27","-0.61"
"32","A","Lut","no",NA,NA,NA,"1.95","-0.59","-1.20"
"33","H","MnU","no",NA,NA,NA,"0.78","0.37","-0.83"
"34","A","Ast","no",NA,NA,NA,"0.62","0.49","-0.34"
"35","H","BHA","no",NA,NA,NA,"1.31","-0.07","-0.41"
"36","A","Ars","no",NA,NA,NA,"0.37","0.70","0.29"
"37","H","Bre","no",NA,NA,NA,"1.61","-0.31","-0.02"
"38","A","Che","no",NA,NA,NA,"1.20","0.02","0.00"
