"","HA","vs","played","Pts","GD","GS","ePts","sched","cumulative"
"1","H","Ful","yes",0,-1,0,"1.36","-0.17","-0.17"
"2","A","Ast","yes",0,-4,0,"0.67","0.43","0.26"
"3","H","Wol","yes",0,-1,0,"1.05","0.10","0.36"
"4","A","ShU","yes",1,0,2,"2.24","-0.92","-0.57"
"5","H","Ars","yes",0,-1,0,"0.42","0.64","0.07"
"6","A","Bre","yes",3,2,3,"1.62","-0.39","-0.32"
"7","H","Lut","yes",0,-1,1,"1.73","-0.49","-0.81"
"8","H","Bou","yes",3,3,3,"1.00","0.14","-0.67"
"9","A","Liv","yes",0,-2,0,"0.33","0.72","0.04"
"10","A","WHU","yes",3,1,1,"1.24","-0.07","-0.03"
"11","H","BHA","yes",1,0,1,"1.12","0.03","0.01"
"12","A","Pal","yes",3,1,3,"1.79","-0.54","-0.53"
"13","H","MnU","yes",0,-3,0,"0.63","0.46","-0.07"
"14","A","Not","yes",3,1,1,"1.79","-0.54","-0.61"
"15","H","New","yes",3,3,3,"1.36","-0.17","-0.78"
"16","H","Che","yes",3,2,2,"0.95","0.19","-0.60"
"17","A","Bur","yes",3,2,2,"2.26","-0.95","-1.54"
"18","A","Tot","yes",0,-1,1,"0.73","0.37","-1.18"
"19","H","MnC","yes",0,-2,1,"0.36","0.69","-0.48"
"20","A","Wol","yes",0,-3,0,"1.12","0.04","-0.45"
"21","H","Ast","yes",1,0,0,"0.69","0.41","-0.04"
"22","A","Ful","yes",1,0,0,"1.04","0.10","0.07"
"23","H","Tot","yes",1,0,2,"0.67","0.43","0.49"
"24","A","MnC","yes",0,-2,0,"0.49","0.58","1.07"
"25","H","Pal","yes",1,0,1,"1.36","-0.17","0.90"
"26","A","BHA","yes",1,0,1,"1.10","0.06","0.96"
"27","H","WHU","yes",0,-2,1,"0.86","0.26","1.21"
"28","A","MnU","yes",0,-2,0,"1.04","0.11","1.32"
"29","A","Bou","no",NA,NA,NA,"1.59","-0.36","0.96"
"30","A","New","no",NA,NA,NA,"0.76","0.34","1.30"
"31","H","Bur","no",NA,NA,NA,"1.65","-0.42","0.88"
"32","A","Che","no",NA,NA,NA,"1.26","-0.08","0.80"
"33","H","Not","no",NA,NA,NA,"1.48","-0.28","0.52"
"34","H","Bre","no",NA,NA,NA,"1.57","-0.35","0.17"
"35","A","Lut","no",NA,NA,NA,"2.01","-0.73","-0.56"
"36","H","ShU","no",NA,NA,NA,"2.03","-0.75","-1.30"
"37","A","Ars","no",NA,NA,NA,"0.40","0.66","-0.65"
"38","H","Liv","no",NA,NA,NA,"0.41","0.65","-0.00"
