"","HA","vs","played","Pts","GD","GS","ePts","sched","cumulative"
"1","A","Eve","yes",3,1,1,"1.09","0.09","0.09"
"2","H","Bre","yes",0,-3,0,"2.09","-0.75","-0.65"
"3","A","Ars","yes",1,0,2,"0.19","0.84","0.19"
"4","A","MnC","yes",0,-4,1,"0.24","0.80","0.99"
"5","H","Lut","yes",3,1,1,"2.24","-0.88","0.11"
"6","A","Pal","yes",1,0,0,"1.23","-0.03","0.09"
"7","H","Che","yes",0,-2,0,"1.52","-0.27","-0.18"
"8","H","ShU","yes",3,2,3,"2.44","-1.04","-1.22"
"9","A","Tot","yes",0,-2,0,"0.37","0.69","-0.53"
"10","A","BHA","yes",1,0,1,"0.65","0.46","-0.07"
"11","H","MnU","yes",0,-1,0,"1.31","-0.09","-0.17"
"12","A","Ast","yes",0,-2,1,"0.36","0.70","0.53"
"13","H","Wol","yes",3,1,3,"1.75","-0.47","0.06"
"14","A","Liv","yes",0,-1,3,"0.15","0.88","0.94"
"15","H","Not","yes",3,5,5,"2.04","-0.71","0.23"
"16","H","WHU","yes",3,5,5,"1.37","-0.15","0.09"
"17","A","New","yes",0,-3,0,"0.39","0.67","0.76"
"18","H","Bur","yes",0,-2,0,"2.21","-0.85","-0.09"
"19","A","Bou","yes",0,-3,0,"0.81","0.32","0.23"
"20","H","Ars","yes",3,1,2,"0.74","0.38","0.61"
"21","A","Che","yes",0,-1,0,"0.68","0.43","1.05"
"22","H","Eve","yes",1,0,0,"1.65","-0.38","0.67"
"23","A","Bur","yes",1,0,2,"1.72","-0.44","0.22"
"24","H","Bou","yes",3,2,3,"1.71","-0.43","-0.20"
"25","H","Ast","yes",0,-1,1,"1.24","-0.04","-0.24"
"26","A","MnU","yes",3,1,2,"0.58","0.51","0.27"
"27","H","BHA","yes",3,3,3,"1.77","-0.48","-0.21"
"28","A","Wol","yes",0,-1,1,"0.69","0.42","0.21"
"29","H","Tot","yes",3,3,3,"1.22","-0.02","0.19"
"30","A","ShU","yes",1,0,3,"1.70","-0.42","-0.23"
"31","A","Not","yes",0,-2,1,"1.10","0.08","-0.15"
"32","H","New","yes",0,-1,0,"1.75","-0.47","-0.62"
"33","A","WHU","no",NA,NA,NA,"0.71","0.41","-0.21"
"34","H","Liv","no",NA,NA,NA,"0.77","0.35","0.14"
"35","H","Pal","no",NA,NA,NA,"2.01","-0.68","-0.54"
"36","A","Bre","no",NA,NA,NA,"1.03","0.14","-0.40"
"37","H","MnC","no",NA,NA,NA,"0.65","0.45","0.05"
"38","A","Lut","no",NA,NA,NA,"1.26","-0.05","-0.00"
