"","HA","vs","played","Pts","GD","GS","ePts","sched","cumulative"
"1","A","Che","yes",1,0,1,"2.08","0.09","0.09"
"2","H","Bou","yes",3,2,3,"2.58","-0.13","-0.04"
"3","A","New","yes",3,1,2,"1.56","0.32","0.28"
"4","H","Ast","yes",3,3,3,"2.34","-0.02","0.25"
"5","A","Wol","yes",3,2,3,"1.96","0.14","0.40"
"6","H","WHU","yes",3,2,3,"2.50","-0.10","0.30"
"7","A","Tot","yes",0,-1,1,"1.52","0.33","0.64"
"8","A","BHA","yes",1,0,2,"1.94","0.15","0.79"
"9","H","Eve","yes",3,2,2,"2.56","-0.12","0.67"
"10","H","Not","yes",3,3,3,"2.74","-0.20","0.47"
"11","A","Lut","yes",1,0,1,"2.57","-0.12","0.34"
"12","H","Bre","yes",3,3,3,"2.77","-0.21","0.13"
"13","A","MnC","yes",1,0,1,"1.15","0.49","0.63"
"14","H","Ful","yes",3,1,4,"2.71","-0.19","0.44"
"15","A","ShU","yes",3,2,2,"2.68","-0.17","0.27"
"16","A","Pal","yes",3,1,2,"2.45","-0.07","0.20"
"17","H","MnU","yes",1,0,0,"2.32","-0.01","0.18"
"18","H","Ars","yes",1,0,1,"2.04","0.11","0.29"
"19","A","Bur","yes",3,2,2,"2.69","-0.18","0.11"
"20","H","New","yes",3,2,4,"2.71","-0.19","-0.07"
"21","A","Bou","yes",3,4,4,"2.32","-0.02","-0.09"
"22","H","Che","yes",3,3,4,"2.55","-0.12","-0.21"
"23","A","Ars","yes",0,-2,1,"0.98","0.57","0.36"
"24","H","Bur","yes",3,2,3,"2.78","-0.22","0.15"
"25","A","Bre","yes",3,3,4,"2.34","-0.02","0.12"
"26","H","Lut","yes",3,3,4,"2.80","-0.23","-0.10"
"27","A","Not","yes",3,1,1,"2.45","-0.07","-0.17"
"28","H","MnC","yes",1,0,1,"1.91","0.16","-0.01"
"29","A","Eve","no",NA,NA,NA,"2.43","-0.06","-0.07"
"30","H","BHA","no",NA,NA,NA,"2.63","-0.15","-0.23"
"31","H","ShU","no",NA,NA,NA,"2.86","-0.25","-0.48"
"32","A","MnU","no",NA,NA,NA,"1.88","0.18","-0.30"
"33","H","Pal","no",NA,NA,NA,"2.71","-0.19","-0.48"
"34","A","Ful","no",NA,NA,NA,"1.88","0.18","-0.31"
"35","A","WHU","no",NA,NA,NA,"2.06","0.10","-0.21"
"36","H","Tot","no",NA,NA,NA,"2.35","-0.03","-0.24"
"37","A","Ast","no",NA,NA,NA,"1.43","0.38","0.14"
"38","H","Wol","no",NA,NA,NA,"2.60","-0.14","-0.00"
