"","HA","vs","played","Pts","GD","GS","ePts","sched","cumulative"
"1","H","Wol","yes",3,1,1,"1.90","-0.19","-0.19"
"2","A","Tot","yes",0,-2,0,"0.87","0.46","0.27"
"3","H","Not","yes",3,1,3,"2.23","-0.40","-0.13"
"4","A","Ars","yes",0,-2,1,"0.59","0.63","0.51"
"5","H","BHA","yes",0,-2,1,"1.95","-0.22","0.29"
"6","A","Bur","yes",3,1,1,"2.36","-0.48","-0.19"
"7","H","Pal","yes",0,-1,0,"1.94","-0.22","-0.41"
"8","H","Bre","yes",3,1,2,"2.09","-0.31","-0.71"
"9","A","ShU","yes",3,1,2,"2.39","-0.50","-1.21"
"10","H","MnC","yes",0,-3,0,"0.76","0.52","-0.69"
"11","A","Ful","yes",3,1,1,"1.45","0.09","-0.59"
"12","H","Lut","yes",3,1,1,"2.33","-0.46","-1.06"
"13","A","Eve","yes",3,3,3,"1.82","-0.14","-1.19"
"14","A","New","yes",0,-1,0,"0.86","0.46","-0.73"
"15","H","Che","yes",3,1,2,"1.75","-0.10","-0.83"
"16","H","Bou","yes",0,-3,0,"1.86","-0.17","-1.00"
"17","A","Liv","yes",1,0,0,"0.54","0.66","-0.34"
"18","A","WHU","yes",0,-2,0,"1.58","0.01","-0.33"
"19","H","Ast","yes",3,1,3,"1.23","0.23","-0.10"
"20","A","Not","yes",0,-1,1,"1.92","-0.20","-0.30"
"21","H","Tot","yes",1,0,2,"1.41","0.11","-0.18"
"22","A","Wol","yes",3,1,4,"1.50","0.06","-0.12"
"23","H","WHU","yes",3,3,3,"1.63","-0.02","-0.14"
"24","A","Ast","yes",3,1,2,"0.83","0.48","0.34"
"25","A","Lut","yes",3,1,2,"2.13","-0.33","0.01"
"26","H","Ful","yes",0,-1,1,"2.05","-0.28","-0.27"
"27","A","MnC","yes",0,-2,1,"0.59","0.63","0.36"
"28","H","Eve","yes",3,2,2,"1.82","-0.14","0.22"
"29","A","Bre","yes",1,0,1,"1.79","-0.12","0.09"
"30","A","Che","yes",0,-1,3,"1.32","0.18","0.27"
"31","H","Liv","yes",1,0,2,"0.89","0.44","0.71"
"32","A","Bou","yes",1,0,2,"1.61","-0.01","0.71"
"33","H","ShU","no",NA,NA,NA,"2.54","-0.59","0.12"
"34","H","Bur","no",NA,NA,NA,"2.22","-0.39","-0.27"
"35","A","Pal","no",NA,NA,NA,"1.89","-0.18","-0.46"
"36","H","Ars","no",NA,NA,NA,"0.81","0.50","0.04"
"37","H","New","no",NA,NA,NA,"1.89","-0.18","-0.14"
"38","A","BHA","no",NA,NA,NA,"1.37","0.14","-0.00"
