"","HA","vs","played","Pts","GD","GS","ePts","sched","cumulative"
"1","H","Ast","yes",3,4,5,"1.68","-0.13","-0.13"
"2","A","MnC","yes",0,-1,0,"0.30","0.80","0.67"
"3","H","Liv","yes",0,-1,1,"1.26","0.15","0.81"
"4","A","BHA","yes",0,-2,1,"0.73","0.51","1.32"
"5","H","Bre","yes",3,1,1,"2.47","-0.66","0.66"
"6","A","ShU","yes",3,8,8,"1.88","-0.27","0.39"
"7","H","Bur","yes",3,2,2,"2.51","-0.69","-0.30"
"8","A","WHU","yes",1,0,2,"0.84","0.43","0.13"
"9","H","Pal","yes",3,4,4,"2.35","-0.58","-0.45"
"10","A","Wol","yes",1,0,2,"0.75","0.50","0.05"
"11","H","Ars","yes",3,1,1,"1.28","0.13","0.18"
"12","A","Bou","yes",0,-2,0,"1.16","0.22","0.40"
"13","H","Che","yes",3,3,4,"2.03","-0.37","0.04"
"14","H","MnU","yes",3,1,1,"1.64","-0.11","-0.07"
"15","A","Eve","yes",0,-3,0,"1.34","0.10","0.03"
"16","A","Tot","yes",0,-3,1,"0.46","0.69","0.72"
"17","H","Ful","yes",3,3,3,"2.35","-0.58","0.14"
"18","A","Lut","yes",0,-1,0,"1.60","-0.08","0.06"
"19","H","Not","yes",0,-2,1,"2.42","-0.63","-0.57"
"20","A","Liv","yes",0,-2,2,"0.20","0.87","0.29"
"21","H","MnC","yes",0,-1,2,"1.13","0.24","0.53"
"22","A","Ast","yes",3,2,3,"0.41","0.72","1.25"
"23","H","Lut","yes",1,0,4,"2.55","-0.72","0.53"
"24","A","Not","yes",3,1,3,"1.36","0.08","0.62"
"25","H","Bou","yes",1,0,2,"2.08","-0.40","0.22"
"26","A","Ars","yes",0,-3,1,"0.24","0.84","1.05"
"27","H","Wol","yes",3,3,3,"2.12","-0.43","0.62"
"28","A","Che","yes",0,-1,2,"0.86","0.42","1.04"
"29","H","WHU","no",NA,NA,NA,"1.94","-0.31","0.73"
"30","H","Eve","no",NA,NA,NA,"2.05","-0.38","0.35"
"31","A","Ful","no",NA,NA,NA,"0.69","0.54","0.89"
"32","H","Tot","no",NA,NA,NA,"1.70","-0.15","0.75"
"33","A","MnU","no",NA,NA,NA,"0.68","0.54","1.29"
"34","H","ShU","no",NA,NA,NA,"2.68","-0.80","0.48"
"35","A","Bur","no",NA,NA,NA,"1.92","-0.29","0.19"
"36","H","BHA","no",NA,NA,NA,"2.18","-0.47","-0.28"
"37","A","Bre","no",NA,NA,NA,"1.18","0.20","-0.08"
"38","A","Pal","no",NA,NA,NA,"1.37","0.08","-0.00"
