"","HA","vs","played","Pts","GD","GS","ePts","sched","cumulative"
"1","A","Ars","yes",0,-1,1,"0.22","0.77","0.77"
"2","H","ShU","yes",3,1,2,"2.05","-1.15","-0.38"
"3","A","MnU","yes",0,-1,2,"0.62","0.35","-0.03"
"4","A","Che","yes",3,1,1,"0.79","0.17","0.15"
"5","H","Bur","yes",1,0,1,"1.67","-0.76","-0.62"
"6","A","MnC","yes",0,-2,0,"0.27","0.72","0.10"
"7","H","Bre","yes",1,0,1,"1.40","-0.48","-0.37"
"8","A","Pal","yes",1,0,0,"1.27","-0.34","-0.71"
"9","H","Lut","yes",1,0,2,"1.74","-0.83","-1.55"
"10","A","Liv","yes",0,-3,0,"0.18","0.81","-0.74"
"11","H","Ast","yes",3,2,2,"0.66","0.31","-0.43"
"12","A","WHU","yes",0,-1,2,"0.77","0.19","-0.23"
"13","H","BHA","yes",0,-1,2,"1.11","-0.17","-0.41"
"14","H","Eve","yes",0,-1,0,"0.97","-0.03","-0.43"
"15","A","Ful","yes",0,-5,0,"0.71","0.25","-0.18"
"16","A","Wol","yes",1,0,1,"0.67","0.29","0.11"
"17","H","Tot","yes",0,-2,0,"0.58","0.39","0.49"
"18","H","Bou","yes",0,-1,2,"1.01","-0.06","0.43"
"19","A","New","yes",3,2,3,"0.44","0.54","0.97"
"20","H","MnU","yes",3,1,2,"0.63","0.34","1.31"
"21","A","Bre","yes",0,-1,2,"1.09","-0.14","1.17"
"22","H","Ars","yes",0,-1,1,"0.42","0.55","1.72"
"23","A","Bou","yes",1,0,1,"1.07","-0.13","1.59"
"24","H","New","yes",0,-1,2,"1.35","-0.42","1.17"
"25","H","WHU","yes",3,2,2,"0.87","0.09","1.26"
"26","A","Ast","yes",0,-2,2,"0.37","0.61","1.87"
"27","H","Liv","yes",0,-1,0,"0.41","0.57","2.44"
"28","A","BHA","yes",0,-1,0,"0.66","0.30","2.74"
"29","A","Lut","no",NA,NA,NA,"1.51","-0.59","2.16"
"30","H","Pal","no",NA,NA,NA,"1.36","-0.43","1.73"
"31","H","Ful","no",NA,NA,NA,"1.38","-0.45","1.28"
"32","A","Tot","no",NA,NA,NA,"0.41","0.57","1.84"
"33","H","Wol","no",NA,NA,NA,"1.04","-0.10","1.75"
"34","A","Eve","no",NA,NA,NA,"1.25","-0.32","1.43"
"35","H","MnC","no",NA,NA,NA,"0.35","0.63","2.06"
"36","A","ShU","no",NA,NA,NA,"1.80","-0.89","1.17"
"37","H","Che","no",NA,NA,NA,"0.95","-0.00","1.16"
"38","A","Bur","no",NA,NA,NA,"2.06","-1.16","-0.00"
