"","HA","vs","played","Pts","GD","GS","ePts","sched","cumulative"
"1","A","ShU","yes",3,1,1,"1.87","-0.92","-0.92"
"2","H","Ars","yes",0,-1,0,"0.42","0.57","-0.35"
"3","A","Bre","yes",1,0,1,"1.16","-0.19","-0.54"
"4","H","Wol","yes",3,1,3,"1.03","-0.06","-0.60"
"5","A","Ast","yes",0,-2,1,"0.41","0.58","-0.02"
"6","H","Ful","yes",1,0,0,"1.36","-0.40","-0.42"
"7","A","MnU","yes",3,1,1,"0.67","0.31","-0.11"
"8","H","Not","yes",1,0,0,"1.42","-0.46","-0.56"
"9","A","New","yes",0,-4,0,"0.47","0.51","-0.05"
"10","H","Tot","yes",0,-1,1,"0.57","0.41","0.36"
"11","A","Bur","yes",3,2,2,"2.12","-1.18","-0.82"
"12","H","Eve","yes",0,-1,2,"0.96","0.01","-0.81"
"13","A","Lut","yes",0,-1,1,"1.58","-0.63","-1.44"
"14","A","WHU","yes",1,0,1,"0.83","0.15","-1.29"
"15","H","Bou","yes",0,-2,0,"1.00","-0.02","-1.31"
"16","H","Liv","yes",0,-1,1,"0.40","0.59","-0.72"
"17","A","MnC","yes",1,0,2,"0.29","0.70","-0.03"
"18","H","BHA","yes",1,0,1,"1.10","-0.13","-0.16"
"19","A","Che","yes",0,-1,1,"0.85","0.13","-0.03"
"20","H","Bre","yes",3,2,3,"1.39","-0.43","-0.45"
"21","A","Ars","yes",0,-5,0,"0.24","0.76","0.30"
"22","H","ShU","yes",3,1,3,"2.03","-1.09","-0.79"
"23","A","BHA","yes",0,-3,1,"0.72","0.26","-0.52"
"24","H","Che","yes",0,-2,1,"0.94","0.04","-0.49"
"25","A","Eve","yes",1,0,1,"1.33","-0.37","-0.85"
"26","H","Bur","yes",3,3,3,"1.66","-0.70","-1.56"
"27","A","Tot","yes",0,-2,1,"0.45","0.54","-1.02"
"28","H","Lut","yes",1,0,1,"1.73","-0.78","-1.80"
"29","H","New","no",NA,NA,NA,"1.33","-0.37","-2.16"
"30","A","Not","no",NA,NA,NA,"1.34","-0.37","-2.54"
"31","A","Bou","no",NA,NA,NA,"1.15","-0.18","-2.72"
"32","H","MnC","no",NA,NA,NA,"0.35","0.65","-2.07"
"33","A","Liv","no",NA,NA,NA,"0.20","0.80","-1.28"
"34","H","WHU","no",NA,NA,NA,"0.86","0.12","-1.16"
"35","A","Ful","no",NA,NA,NA,"0.77","0.21","-0.95"
"36","H","MnU","no",NA,NA,NA,"0.62","0.36","-0.59"
"37","A","Wol","no",NA,NA,NA,"0.73","0.25","-0.34"
"38","H","Ast","no",NA,NA,NA,"0.65","0.34","0.00"
