"","HA","vs","played","Pts","GD","GS","ePts","sched","cumulative"
"1","A","Bre","yes",1,0,2,"1.99","-0.07","-0.07"
"2","H","MnU","yes",3,2,2,"1.68","0.09","0.02"
"3","A","Bou","yes",3,2,2,"1.97","-0.06","-0.04"
"4","A","Bur","yes",3,3,5,"2.50","-0.35","-0.39"
"5","H","ShU","yes",3,1,2,"2.69","-0.45","-0.84"
"6","A","Ars","yes",1,0,2,"0.62","0.66","-0.18"
"7","H","Liv","yes",3,1,2,"1.30","0.30","0.12"
"8","A","Lut","yes",3,1,1,"2.31","-0.25","-0.12"
"9","H","Ful","yes",3,2,2,"2.37","-0.28","-0.40"
"10","A","Pal","yes",3,1,2,"2.14","-0.16","-0.56"
"11","H","Che","yes",0,-3,1,"2.06","-0.11","-0.67"
"12","A","Wol","yes",0,-1,1,"1.52","0.18","-0.49"
"13","H","Ast","yes",0,-1,1,"1.76","0.05","-0.44"
"14","A","MnC","yes",1,0,3,"0.75","0.59","0.16"
"15","H","WHU","yes",0,-1,1,"1.97","-0.07","0.09"
"16","H","New","yes",3,3,4,"2.37","-0.28","-0.19"
"17","A","Not","yes",3,2,2,"2.14","-0.15","-0.34"
"18","H","Eve","yes",3,1,2,"2.08","-0.12","-0.46"
"19","A","BHA","yes",0,-2,2,"1.49","0.19","-0.27"
"20","H","Bou","yes",3,2,3,"2.11","-0.14","-0.40"
"21","A","MnU","yes",1,0,2,"1.43","0.23","-0.17"
"22","H","Bre","yes",3,1,3,"2.49","-0.34","-0.52"
"23","A","Eve","yes",1,0,2,"2.12","-0.14","-0.66"
"24","H","BHA","yes",3,1,2,"2.21","-0.19","-0.85"
"25","H","Wol","yes",0,-1,1,"2.15","-0.16","-1.01"
"26","H","Pal","yes",3,2,3,"2.37","-0.28","-1.29"
"27","A","Ast","yes",3,4,4,"0.99","0.47","-0.82"
"28","A","Ful","yes",0,-3,0,"1.44","0.23","-0.59"
"29","H","Lut","no",NA,NA,NA,"2.56","-0.38","-0.98"
"30","A","WHU","no",NA,NA,NA,"1.64","0.11","-0.86"
"31","H","Not","no",NA,NA,NA,"2.44","-0.32","-1.18"
"32","A","New","no",NA,NA,NA,"1.11","0.40","-0.78"
"33","H","MnC","no",NA,NA,NA,"1.17","0.37","-0.41"
"34","H","Ars","no",NA,NA,NA,"1.32","0.29","-0.12"
"35","A","Liv","no",NA,NA,NA,"0.52","0.72","0.60"
"36","H","Bur","no",NA,NA,NA,"2.53","-0.36","0.23"
"37","A","ShU","no",NA,NA,NA,"2.48","-0.34","-0.10"
"38","A","Che","no",NA,NA,NA,"1.66","0.10","-0.00"
