"","HA","vs","played","Pts","GD","GS","ePts","sched","cumulative"
"1","A","MnU","yes",0,-1,0,"0.95","0.34","0.34"
"2","H","BHA","yes",0,-3,1,"1.81","-0.26","0.08"
"3","A","Eve","yes",3,1,1,"1.68","-0.17","-0.09"
"4","A","Pal","yes",0,-1,2,"1.71","-0.19","-0.27"
"5","H","Liv","yes",0,-2,1,"0.86","0.40","0.13"
"6","A","Lut","yes",1,0,1,"1.93","-0.34","-0.21"
"7","H","MnC","yes",3,1,2,"0.76","0.47","0.26"
"8","H","Ast","yes",1,0,1,"1.25","0.13","0.39"
"9","A","Bou","yes",3,1,2,"1.49","-0.04","0.35"
"10","H","New","yes",1,0,2,"2.03","-0.41","-0.05"
"11","A","ShU","yes",0,-1,1,"2.17","-0.51","-0.56"
"12","H","Tot","yes",3,1,2,"1.27","0.12","-0.44"
"13","A","Ful","yes",0,-1,2,"0.96","0.33","-0.11"
"14","A","Ars","yes",0,-1,1,"0.36","0.75","0.64"
"15","H","Bur","yes",3,1,1,"2.25","-0.56","0.08"
"16","H","Not","yes",1,0,1,"2.13","-0.48","-0.40"
"17","A","WHU","yes",0,-3,0,"1.14","0.21","-0.20"
"18","H","Che","yes",3,1,2,"1.62","-0.13","-0.32"
"19","A","Bre","yes",3,3,4,"1.52","-0.06","-0.38"
"20","H","Eve","yes",3,3,3,"1.65","-0.15","-0.53"
"21","A","BHA","yes",1,0,0,"1.01","0.29","-0.23"
"22","H","MnU","yes",0,-1,3,"1.21","0.16","-0.08"
"23","A","Che","yes",3,2,4,"1.17","0.19","0.11"
"24","H","Bre","yes",0,-2,0,"2.19","-0.53","-0.41"
"25","A","Tot","yes",3,1,2,"0.67","0.54","0.12"
"26","H","ShU","yes",3,1,1,"2.50","-0.74","-0.61"
"27","A","New","yes",0,-3,0,"0.69","0.52","-0.09"
"28","H","Ful","yes",3,1,2,"2.03","-0.41","-0.50"
"29","A","Ast","no",NA,NA,NA,"0.60","0.58","0.08"
"30","A","Bur","no",NA,NA,NA,"2.20","-0.53","-0.45"
"31","H","WHU","no",NA,NA,NA,"1.53","-0.06","-0.51"
"32","A","Not","no",NA,NA,NA,"1.70","-0.18","-0.69"
"33","H","Ars","no",NA,NA,NA,"0.88","0.39","-0.30"
"34","H","Lut","no",NA,NA,NA,"2.31","-0.60","-0.91"
"35","A","MnC","no",NA,NA,NA,"0.44","0.69","-0.22"
"36","H","Pal","no",NA,NA,NA,"2.02","-0.41","-0.62"
"37","A","Liv","no",NA,NA,NA,"0.30","0.79","0.17"
"38","H","Bou","no",NA,NA,NA,"1.68","-0.17","-0.00"
