"","HA","vs","played","Pts","GD","GS","ePts","sched","cumulative"
"1","A","Sun","yes",1,0,1,"1.49","0.02","0.02"
"2","A","Mil","yes",0,-1,2,"1.21","0.20","0.21"
"3","A","Hul","yes",0,-1,2,"1.46","0.03","0.25"
"4","H","PNE","yes",0,-1,0,"1.37","0.09","0.34"
"5","A","Nor","yes",0,-3,0,"1.62","-0.07","0.27"
"6","A","Lut","yes",1,0,2,"1.14","0.25","0.51"
"7","A","Bir","yes",1,0,0,"1.70","-0.13","0.38"
"8","H","Mid","yes",3,1,1,"1.62","-0.07","0.31"
"9","A","BrC","yes",1,0,0,"1.42","0.06","0.37"
"10","H","Bur","yes",0,-1,0,"0.87","0.43","0.80"
"11","A","Car","yes",3,1,1,"1.78","-0.18","0.62"
"12","H","ShU","yes",3,1,1,"1.15","0.24","0.86"
"13","A","Sto","yes",3,2,2,"1.86","-0.23","0.62"
"14","H","Rot","yes",1,0,2,"2.11","-0.39","0.23"
"15","H","Bpl","yes",0,-1,1,"1.99","-0.32","-0.09"
"16","H","Bbn","yes",3,1,1,"1.73","-0.15","-0.24"
"17","A","Wat","yes",3,1,1,"1.22","0.20","-0.04"
"18","H","Wig","yes",3,2,2,"1.87","-0.24","-0.28"
"19","H","QPR","yes",3,2,2,"1.71","-0.13","-0.41"
"20","A","Rea","yes",0,-1,0,"1.26","0.17","-0.25"
"21","H","Swa","yes",1,0,3,"1.62","-0.07","-0.32"
"22","H","WBA","yes",3,1,1,"1.74","-0.15","-0.47"
"23","A","ShU","yes",0,-2,1,"0.72","0.52","0.06"
"24","H","Car","yes",1,0,0,"1.83","-0.21","-0.15"
"25","H","BrC","yes",1,0,1,"1.78","-0.18","-0.33"
"26","A","Bur","yes",0,-1,0,"0.60","0.60","0.27"
"27","H","Nor","yes",0,-2,2,"1.46","0.04","0.31"
"28","H","Hud","yes",3,2,2,"1.98","-0.31","-0.01"
"29","A","WBA","yes",0,-1,0,"1.17","0.22","0.22"
"30","H","Lut","yes",1,0,1,"1.14","0.25","0.46"
"31","H","Mil","yes",3,1,1,"1.61","-0.07","0.39"
"32","A","Rot","yes",3,2,2,"1.47","0.03","0.42"
"33","H","Sun","yes",3,1,2,"1.26","0.16","0.59"
"34","A","PNE","yes",1,0,0,"1.66","-0.10","0.49"
"35","A","Hud","yes",3,4,4,"1.46","0.03","0.52"
"36","H","Hul","yes",1,0,1,"1.78","-0.18","0.34"
"37","A","Wig","yes",1,0,1,"1.90","-0.26","0.08"
"38","A","Bpl","yes",3,3,4,"1.83","-0.21","-0.13"
"39","H","Sto","yes",0,-4,0,"1.58","-0.05","-0.18"
"40","A","Swa","yes",1,0,0,"1.29","0.14","-0.04"
"41","H","Wat","yes",1,0,2,"1.82","-0.20","-0.24"
"42","A","QPR","yes",3,3,3,"1.86","-0.23","-0.47"
"43","A","Bbn","yes",1,0,1,"1.05","0.30","-0.17"
"44","H","Rea","yes",3,1,2,"2.31","-0.53","-0.70"
"45","H","Bir","yes",3,2,2,"1.75","-0.16","-0.85"
"46","A","Mid","yes",1,0,1,"1.00","0.34","-0.51"
"47","H","Mid","yes",1,0,0,"1.62","-0.07","-0.58"
"48","A","Mid","yes",3,1,1,"1.00","0.34","-0.25"
"49","H","Lut","yes",0,-1,6,"1.14","0.25","0.00"
