"","HA","vs","played","Pts","GD","GS","ePts","sched","cumulative"
"1","H","BrC","yes",3,1,2,"2.06","-0.58","-0.58"
"2","A","PNE","yes",1,0,0,"1.59","-0.22","-0.80"
"3","H","Nor","yes",3,1,2,"1.47","-0.12","-0.92"
"4","A","Bur","yes",1,0,1,"0.46","0.65","-0.27"
"5","A","WBA","yes",0,-3,2,"1.58","-0.21","-0.48"
"6","H","Cov","yes",3,1,3,"1.75","-0.34","-0.82"
"7","A","QPR","yes",0,-2,1,"0.51","0.61","-0.22"
"8","H","ShU","yes",0,-2,0,"1.61","-0.23","-0.45"
"9","H","Sto","yes",0,-3,0,"1.20","0.08","-0.37"
"10","A","Swa","yes",0,-3,0,"0.64","0.51","0.14"
"11","H","Lut","yes",0,-2,0,"0.94","0.28","0.43"
"12","H","Wig","yes",3,1,2,"1.27","0.02","0.45"
"13","A","Hud","yes",0,-2,0,"1.07","0.18","0.63"
"14","H","Bir","yes",0,-2,0,"1.70","-0.30","0.33"
"15","A","Bpl","yes",3,2,3,"1.22","0.06","0.40"
"16","A","Rot","yes",3,2,4,"0.91","0.30","0.70"
"17","H","Bbn","no",NA,NA,NA,"1.81","-0.39","0.31"
"18","H","Mid","no",NA,NA,NA,"2.33","-0.78","-0.47"
"19","A","Mil","no",NA,NA,NA,"0.35","0.73","0.26"
"20","A","Car","no",NA,NA,NA,"0.70","0.47","0.73"
"21","H","Rea","no",NA,NA,NA,"1.98","-0.51","0.21"
"22","A","Wat","no",NA,NA,NA,"0.39","0.70","0.92"
"23","H","Sun","no",NA,NA,NA,"1.38","-0.06","0.86"
"24","H","Bpl","no",NA,NA,NA,"1.59","-0.22","0.64"
"25","A","Bir","no",NA,NA,NA,"1.26","0.03","0.68"
"26","A","Wig","no",NA,NA,NA,"1.88","-0.43","0.24"
"27","H","Hud","no",NA,NA,NA,"2.61","-1.00","-0.76"
"28","A","ShU","no",NA,NA,NA,"0.56","0.57","-0.18"
"29","H","QPR","no",NA,NA,NA,"0.90","0.31","0.13"
"30","H","Car","no",NA,NA,NA,"2.14","-0.64","-0.51"
"31","A","Sto","no",NA,NA,NA,"1.49","-0.14","-0.65"
"32","A","Nor","no",NA,NA,NA,"0.75","0.42","-0.22"
"33","H","PNE","no",NA,NA,NA,"1.37","-0.05","-0.27"
"34","A","BrC","no",NA,NA,NA,"0.76","0.42","0.15"
"35","H","WBA","no",NA,NA,NA,"2.06","-0.57","-0.42"
"36","A","Cov","no",NA,NA,NA,"1.04","0.21","-0.21"
"37","H","Bur","no",NA,NA,NA,"1.33","-0.02","-0.23"
"38","A","Rea","no",NA,NA,NA,"0.58","0.56","0.32"
"39","H","Rot","no",NA,NA,NA,"1.97","-0.50","-0.18"
"40","A","Sun","no",NA,NA,NA,"0.93","0.29","0.11"
"41","H","Mil","no",NA,NA,NA,"1.86","-0.42","-0.31"
"42","A","Bbn","no",NA,NA,NA,"0.32","0.75","0.44"
"43","A","Mid","no",NA,NA,NA,"1.13","0.14","0.58"
"44","H","Wat","no",NA,NA,NA,"2.17","-0.66","-0.08"
"45","H","Swa","no",NA,NA,NA,"1.40","-0.07","-0.15"
"46","A","Lut","no",NA,NA,NA,"1.11","0.15","0.00"
