"","HA","vs","played","Pts","GD","GS","ePts","sched","cumulative"
"1","H","Bir","yes",1,0,0,"1.85","-0.07","-0.07"
"2","A","Bur","yes",1,0,1,"0.83","0.52","0.45"
"3","H","PNE","yes",0,-1,0,"1.48","0.14","0.59"
"4","A","BrC","yes",0,-2,0,"1.74","-0.01","0.58"
"5","A","Swa","yes",3,2,2,"1.61","0.06","0.64"
"6","H","ShU","yes",1,0,1,"1.26","0.27","0.91"
"7","A","Car","yes",3,1,2,"2.07","-0.20","0.72"
"8","H","Wig","yes",0,-1,1,"1.97","-0.14","0.57"
"9","H","Cov","yes",1,0,2,"1.60","0.07","0.65"
"10","H","Bbn","yes",3,2,2,"1.84","-0.07","0.58"
"11","A","Hul","yes",3,2,2,"1.77","-0.03","0.55"
"12","H","Hud","yes",1,0,3,"2.08","-0.20","0.35"
"13","A","WBA","yes",1,0,0,"1.49","0.14","0.48"
"14","H","QPR","yes",3,2,3,"1.81","-0.05","0.43"
"15","A","Nor","yes",3,1,1,"1.92","-0.11","0.32"
"16","A","Wat","yes",0,-4,0,"1.53","0.11","0.43"
"17","H","Sun","yes",1,0,1,"1.37","0.20","0.64"
"18","H","Rea","yes",1,0,0,"2.38","-0.38","0.26"
"19","A","Bpl","yes",3,1,1,"2.11","-0.22","0.04"
"20","A","Sto","yes",0,-2,0,"2.13","-0.24","-0.20"
"21","H","Rot","yes",1,0,1,"2.19","-0.27","-0.47"
"22","A","Mid","yes",0,-1,1,"1.30","0.24","-0.22"
"23","H","Nor","yes",3,1,2,"1.57","0.09","-0.13"
"24","A","QPR","yes",3,3,3,"2.13","-0.24","-0.37"
"25","A","Hud","yes",3,1,2,"1.78","-0.03","-0.40"
"26","H","WBA","yes",0,-1,2,"1.84","-0.07","-0.47"
"27","A","Wig","yes",3,2,2,"2.17","-0.26","-0.73"
"28","H","Car","yes",3,1,1,"1.93","-0.12","-0.84"
"29","H","Sto","yes",3,1,1,"1.69","0.02","-0.82"
"30","A","Cov","yes",1,0,1,"1.51","0.12","-0.70"
"31","A","PNE","yes",1,0,1,"1.95","-0.13","-0.83"
"32","H","Bur","yes",0,-1,0,"0.96","0.44","-0.39"
"33","A","Bir","yes",3,1,1,"2.00","-0.16","-0.55"
"34","H","Mil","yes",1,0,2,"1.72","0.00","-0.55"
"35","H","Swa","yes",3,1,1,"1.72","0.00","-0.54"
"36","A","ShU","yes",3,1,1,"0.98","0.43","-0.11"
"37","H","BrC","yes",3,1,1,"1.88","-0.09","-0.20"
"38","A","Sun","yes",1,0,1,"1.80","-0.05","-0.25"
"39","H","Wat","yes",3,2,2,"1.92","-0.11","-0.36"
"40","A","Mil","yes",1,0,0,"1.53","0.11","-0.25"
"41","H","Bpl","yes",3,2,3,"2.08","-0.21","-0.46"
"42","A","Rot","yes",3,2,2,"1.78","-0.03","-0.49"
"43","A","Rea","yes",1,0,1,"1.58","0.08","-0.40"
"44","H","Mid","yes",3,1,2,"1.72","0.00","-0.40"
"45","A","Bbn","yes",1,0,1,"1.36","0.21","-0.19"
"46","H","Hul","yes",1,0,0,"1.88","-0.09","-0.28"
"47","A","Sun","yes",0,-1,1,"1.80","-0.05","-0.33"
"48","H","Sun","yes",3,2,2,"1.37","0.20","-0.12"
"49","A","Cov","no",NA,NA,NA,"1.51","0.12","0.00"
