"","HA","vs","played","Pts","GD","GS","ePts","sched","cumulative"
"1","H","Sto","yes",3,2,2,"2.02","-0.31","-0.31"
"2","A","ShU","yes",0,-2,0,"0.55","0.64","0.33"
"3","H","Cov","yes",3,1,3,"2.33","-0.52","-0.18"
"4","A","Swa","yes",1,0,2,"0.60","0.61","0.43"
"5","A","Nor","yes",0,-2,0,"0.55","0.64","1.07"
"6","H","Rea","yes",0,-1,0,"2.53","-0.64","0.43"
"7","A","Bur","yes",0,-2,0,"0.40","0.74","1.16"
"8","H","Car","yes",3,2,2,"2.57","-0.67","0.50"
"9","H","QPR","yes",0,-2,0,"1.87","-0.22","0.28"
"10","H","Bpl","yes",3,1,2,"2.22","-0.44","-0.16"
"11","A","Bbn","yes",0,-1,1,"0.31","0.80","0.64"
"12","A","Rot","yes",1,0,1,"0.84","0.45","1.09"
"13","H","Mid","yes",3,2,2,"2.56","-0.66","0.43"
"14","A","BrC","yes",3,1,2,"0.90","0.42","0.84"
"15","H","Wat","yes",3,3,3,"2.44","-0.58","0.26"
"16","H","WBA","yes",3,1,2,"2.47","-0.60","-0.34"
"17","A","Hud","yes",0,-1,0,"0.84","0.45","0.11"
"18","A","Bir","no",NA,NA,NA,"0.83","0.46","0.57"
"19","H","Hul","no",NA,NA,NA,"2.40","-0.56","0.01"
"20","A","PNE","no",NA,NA,NA,"1.01","0.34","0.35"
"21","A","Sun","no",NA,NA,NA,"0.86","0.44","0.80"
"22","H","Wig","no",NA,NA,NA,"1.94","-0.26","0.54"
"23","A","Lut","no",NA,NA,NA,"1.08","0.30","0.84"
"24","A","Wat","no",NA,NA,NA,"0.36","0.77","1.61"
"25","H","BrC","no",NA,NA,NA,"2.50","-0.62","0.98"
"26","H","Rot","no",NA,NA,NA,"2.47","-0.60","0.38"
"27","A","Mid","no",NA,NA,NA,"1.03","0.33","0.71"
"28","A","Car","no",NA,NA,NA,"0.54","0.65","1.36"
"29","H","Bur","no",NA,NA,NA,"1.87","-0.22","1.15"
"30","H","Sun","no",NA,NA,NA,"2.17","-0.41","0.74"
"31","A","QPR","no",NA,NA,NA,"0.46","0.70","1.44"
"32","A","Cov","no",NA,NA,NA,"0.83","0.46","1.90"
"33","H","ShU","no",NA,NA,NA,"1.99","-0.29","1.61"
"34","A","Sto","no",NA,NA,NA,"1.33","0.14","1.74"
"35","H","Nor","no",NA,NA,NA,"2.12","-0.38","1.36"
"36","A","Rea","no",NA,NA,NA,"0.52","0.66","2.03"
"37","H","Swa","no",NA,NA,NA,"2.25","-0.46","1.56"
"38","H","Hud","no",NA,NA,NA,"2.81","-0.82","0.74"
"39","A","WBA","no",NA,NA,NA,"1.25","0.19","0.93"
"40","H","Lut","no",NA,NA,NA,"1.64","-0.07","0.86"
"41","A","Hul","no",NA,NA,NA,"0.99","0.36","1.22"
"42","H","PNE","no",NA,NA,NA,"2.02","-0.31","0.91"
"43","H","Bir","no",NA,NA,NA,"2.27","-0.48","0.43"
"44","A","Wig","no",NA,NA,NA,"1.84","-0.19","0.24"
"45","A","Bpl","no",NA,NA,NA,"1.11","0.28","0.52"
"46","H","Bbn","no",NA,NA,NA,"2.33","-0.52","-0.00"
