"","HA","vs","played","Pts","GD","GS","ePts","sched","cumulative"
"1","A","Wig","yes",1,0,0,"2.48","-0.98","-0.98"
"2","H","Hul","yes",1,0,0,"1.17","0.06","-0.92"
"3","A","Lut","yes",3,1,1,"1.76","-0.41","-1.33"
"4","H","Rot","yes",1,0,0,"1.32","-0.05","-1.39"
"5","H","Wat","yes",1,0,0,"1.25","-0.00","-1.39"
"6","A","Car","yes",1,0,0,"1.15","0.08","-1.31"
"7","A","Cov","yes",3,1,1,"1.92","-0.54","-1.85"
"8","H","Bir","yes",0,-1,0,"0.94","0.25","-1.60"
"9","H","Bur","yes",1,0,1,"0.62","0.50","-1.10"
"10","H","ShU","yes",0,-2,0,"0.81","0.35","-0.75"
"11","A","Sun","yes",1,0,0,"1.59","-0.27","-1.01"
"12","H","WBA","yes",3,1,1,"1.28","-0.02","-1.04"
"13","A","Nor","yes",3,1,3,"1.17","0.06","-0.97"
"14","A","BrC","yes",0,-1,1,"1.49","-0.19","-1.17"
"15","H","Sto","yes",0,-2,0,"0.67","0.47","-0.70"
"16","A","Hud","yes",3,1,1,"1.58","-0.27","-0.97"
"17","A","Bpl","yes",0,-2,2,"1.86","-0.48","-1.46"
"18","H","Mid","yes",3,1,2,"1.94","-0.55","-2.01"
"19","H","Swa","no",NA,NA,NA,"0.75","0.40","-1.60"
"20","A","Rea","no",NA,NA,NA,"1.15","0.08","-1.52"
"21","H","Mil","no",NA,NA,NA,"1.27","-0.01","-1.53"
"22","A","Bbn","no",NA,NA,NA,"0.75","0.40","-1.14"
"23","H","QPR","no",NA,NA,NA,"0.54","0.57","-0.57"
"24","H","Hud","no",NA,NA,NA,"2.11","-0.69","-1.25"
"25","A","WBA","no",NA,NA,NA,"2.24","-0.79","-2.05"
"26","A","Sto","no",NA,NA,NA,"2.13","-0.70","-2.75"
"27","H","Nor","no",NA,NA,NA,"0.73","0.42","-2.33"
"28","A","Bir","no",NA,NA,NA,"1.58","-0.26","-2.60"
"29","H","Cov","no",NA,NA,NA,"0.95","0.24","-2.36"
"30","H","BrC","no",NA,NA,NA,"1.30","-0.04","-2.40"
"31","A","Bur","no",NA,NA,NA,"0.88","0.29","-2.11"
"32","H","Lut","no",NA,NA,NA,"0.41","0.67","-1.44"
"33","A","Hul","no",NA,NA,NA,"1.55","-0.24","-1.68"
"34","H","Wig","no",NA,NA,NA,"0.57","0.54","-1.14"
"35","A","Wat","no",NA,NA,NA,"0.86","0.31","-0.83"
"36","H","Car","no",NA,NA,NA,"1.46","-0.17","-1.00"
"37","A","Rot","no",NA,NA,NA,"1.55","-0.24","-1.24"
"38","A","Mid","no",NA,NA,NA,"1.80","-0.44","-1.68"
"39","H","Bpl","no",NA,NA,NA,"0.72","0.42","-1.25"
"40","A","QPR","no",NA,NA,NA,"1.05","0.16","-1.09"
"41","H","Rea","no",NA,NA,NA,"1.33","-0.06","-1.16"
"42","A","Mil","no",NA,NA,NA,"0.79","0.37","-0.79"
"43","A","Swa","no",NA,NA,NA,"1.26","-0.01","-0.79"
"44","H","Bbn","no",NA,NA,NA,"0.85","0.32","-0.48"
"45","A","ShU","no",NA,NA,NA,"1.12","0.10","-0.37"
"46","H","Sun","no",NA,NA,NA,"0.78","0.37","-0.00"
