"","HA","vs","played","Pts","GD","GS","ePts","sched","cumulative"
"1","A","Mil","yes",0,-2,0,"0.91","0.30","0.30"
"2","H","Bpl","yes",3,2,2,"0.81","0.37","0.67"
"3","A","Hud","yes",0,-2,1,"1.89","-0.46","0.21"
"4","H","Mid","yes",1,0,2,"1.62","-0.25","-0.04"
"5","H","Sun","yes",0,-1,0,"0.67","0.49","0.45"
"6","A","Bbn","yes",3,1,1,"0.84","0.35","0.80"
"7","H","Swa","yes",1,0,1,"0.71","0.45","1.25"
"8","A","Rea","yes",0,-1,1,"1.28","0.02","1.27"
"9","A","Hul","yes",3,3,3,"1.51","-0.17","1.10"
"10","A","QPR","yes",1,0,0,"1.17","0.10","1.20"
"11","H","Wat","yes",0,-4,0,"1.38","-0.06","1.14"
"12","A","Bur","yes",1,0,1,"1.09","0.16","1.30"
"13","H","ShU","yes",3,2,3,"0.73","0.44","1.74"
"14","A","PNE","yes",3,2,2,"2.30","-0.77","0.97"
"15","H","Rot","yes",0,-1,0,"1.15","0.11","1.08"
"16","H","Cov","yes",0,-2,0,"0.92","0.29","1.38"
"17","A","Nor","no",NA,NA,NA,"1.52","-0.17","1.21"
"18","A","Wig","no",NA,NA,NA,"2.48","-0.91","0.29"
"19","H","Bir","no",NA,NA,NA,"0.91","0.30","0.60"
"20","H","Lut","no",NA,NA,NA,"0.40","0.69","1.29"
"21","A","WBA","no",NA,NA,NA,"2.36","-0.82","0.47"
"22","H","Car","no",NA,NA,NA,"1.39","-0.07","0.40"
"23","A","BrC","no",NA,NA,NA,"1.62","-0.25","0.15"
"24","A","Rot","no",NA,NA,NA,"1.73","-0.33","-0.18"
"25","H","Bur","no",NA,NA,NA,"0.60","0.54","0.36"
"26","H","PNE","no",NA,NA,NA,"0.65","0.50","0.86"
"27","A","ShU","no",NA,NA,NA,"1.28","0.01","0.87"
"28","H","Rea","no",NA,NA,NA,"1.18","0.09","0.96"
"29","A","Swa","no",NA,NA,NA,"1.40","-0.08","0.88"
"30","A","Lut","no",NA,NA,NA,"1.93","-0.48","0.40"
"31","H","Hul","no",NA,NA,NA,"1.17","0.10","0.50"
"32","H","Hud","no",NA,NA,NA,"2.08","-0.60","-0.10"
"33","A","Bpl","no",NA,NA,NA,"2.03","-0.56","-0.67"
"34","H","Mil","no",NA,NA,NA,"1.07","0.17","-0.49"
"35","A","Sun","no",NA,NA,NA,"1.75","-0.35","-0.84"
"36","H","Bbn","no",NA,NA,NA,"1.01","0.22","-0.62"
"37","A","Mid","no",NA,NA,NA,"1.94","-0.50","-1.11"
"38","H","Nor","no",NA,NA,NA,"0.69","0.47","-0.64"
"39","A","Cov","no",NA,NA,NA,"1.83","-0.41","-1.05"
"40","H","BrC","no",NA,NA,NA,"1.24","0.05","-1.00"
"41","A","Bir","no",NA,NA,NA,"1.75","-0.35","-1.35"
"42","H","WBA","no",NA,NA,NA,"1.26","0.03","-1.33"
"43","H","Wig","no",NA,NA,NA,"0.56","0.57","-0.75"
"44","A","Car","no",NA,NA,NA,"1.44","-0.11","-0.87"
"45","H","QPR","no",NA,NA,NA,"0.50","0.61","-0.25"
"46","A","Wat","no",NA,NA,NA,"0.97","0.25","-0.00"
