"","HA","vs","played","Pts","GD","GS","ePts","sched","cumulative"
"1","H","ShU","yes",3,1,1,"2.19","-0.49","-0.49"
"2","A","WBA","yes",1,0,1,"1.31","0.11","-0.38"
"3","H","Bur","yes",3,1,1,"1.96","-0.33","-0.71"
"4","A","Bir","yes",1,0,1,"1.00","0.32","-0.39"
"5","A","PNE","yes",1,0,0,"1.32","0.10","-0.29"
"6","H","QPR","yes",0,-1,2,"1.52","-0.03","-0.32"
"7","H","Mid","yes",3,1,2,"2.65","-0.80","-1.12"
"8","A","Rot","yes",1,0,1,"0.69","0.53","-0.59"
"9","A","Bbn","yes",0,-2,0,"0.23","0.84","0.25"
"10","H","Sun","yes",1,0,2,"2.00","-0.36","-0.11"
"11","A","Sto","yes",3,4,4,"1.21","0.18","0.07"
"12","H","Swa","yes",0,-1,1,"2.02","-0.37","-0.30"
"13","A","Bpl","yes",0,-2,1,"0.97","0.34","0.04"
"14","H","Nor","yes",3,1,2,"2.08","-0.41","-0.37"
"15","A","Mil","yes",0,-3,0,"0.26","0.82","0.45"
"16","H","Lut","yes",3,4,4,"1.57","-0.06","0.39"
"17","A","Wig","no",NA,NA,NA,"1.61","-0.09","0.30"
"18","A","Car","no",NA,NA,NA,"0.52","0.65","0.94"
"19","H","Cov","no",NA,NA,NA,"2.29","-0.56","0.39"
"20","H","Rea","no",NA,NA,NA,"2.44","-0.66","-0.27"
"21","A","BrC","no",NA,NA,NA,"0.57","0.61","0.34"
"22","H","Hul","no",NA,NA,NA,"2.44","-0.65","-0.31"
"23","A","Hud","no",NA,NA,NA,"0.83","0.43","0.12"
"24","H","Mil","no",NA,NA,NA,"2.37","-0.61","-0.48"
"25","A","Swa","no",NA,NA,NA,"0.48","0.68","0.19"
"26","A","Nor","no",NA,NA,NA,"0.56","0.62","0.81"
"27","H","Bpl","no",NA,NA,NA,"2.18","-0.48","0.33"
"28","H","Rot","no",NA,NA,NA,"2.44","-0.65","-0.32"
"29","A","Mid","no",NA,NA,NA,"0.88","0.40","0.08"
"30","A","Rea","no",NA,NA,NA,"0.43","0.71","0.79"
"31","H","Bbn","no",NA,NA,NA,"2.34","-0.59","0.21"
"32","A","Bur","no",NA,NA,NA,"0.34","0.77","0.98"
"33","H","WBA","no",NA,NA,NA,"2.49","-0.69","0.29"
"34","A","ShU","no",NA,NA,NA,"0.41","0.72","1.01"
"35","H","PNE","no",NA,NA,NA,"1.99","-0.35","0.65"
"36","A","QPR","no",NA,NA,NA,"0.38","0.74","1.40"
"37","H","Bir","no",NA,NA,NA,"2.26","-0.53","0.87"
"38","H","Wig","no",NA,NA,NA,"1.91","-0.30","0.57"
"39","A","Lut","no",NA,NA,NA,"0.86","0.41","0.98"
"40","H","Hud","no",NA,NA,NA,"2.80","-0.90","0.08"
"41","A","Cov","no",NA,NA,NA,"0.80","0.46","0.54"
"42","H","BrC","no",NA,NA,NA,"2.49","-0.69","-0.16"
"43","H","Car","no",NA,NA,NA,"2.54","-0.73","-0.88"
"44","A","Hul","no",NA,NA,NA,"0.57","0.61","-0.27"
"45","A","Sun","no",NA,NA,NA,"0.71","0.52","0.25"
"46","H","Sto","no",NA,NA,NA,"1.84","-0.25","-0.00"
