"","HA","vs","played","Pts","GD","GS","ePts","sched","cumulative"
"1","A","Mid","yes",1,0,1,"1.02","-0.23","-0.23"
"2","H","Wat","yes",1,0,1,"1.26","-0.51","-0.74"
"3","A","Bbn","yes",0,-1,1,"0.29","0.64","-0.10"
"4","H","Car","yes",1,0,0,"1.27","-0.53","-0.63"
"5","H","Hul","yes",3,3,5,"1.06","-0.27","-0.90"
"6","A","Hud","yes",1,0,2,"0.96","-0.16","-1.06"
"7","A","Wig","yes",1,0,1,"1.76","-1.12","-2.18"
"8","H","Bur","yes",1,0,1,"0.53","0.36","-1.82"
"9","H","Bir","yes",0,-1,2,"0.81","0.02","-1.80"
"10","A","Nor","yes",1,0,1,"0.66","0.21","-1.59"
"11","H","Swa","yes",0,-1,2,"0.59","0.28","-1.31"
"12","A","PNE","yes",0,-1,0,"1.47","-0.77","-2.08"
"13","H","Lut","yes",1,0,0,"0.35","0.58","-1.50"
"14","A","Rea","yes",3,2,2,"0.51","0.39","-1.11"
"15","H","BrC","yes",0,-2,0,"1.12","-0.35","-1.46"
"16","A","Mil","yes",0,-1,1,"0.33","0.61","-0.85"
"17","H","ShU","no",NA,NA,NA,"0.75","0.10","-0.75"
"18","H","Bpl","no",NA,NA,NA,"0.73","0.12","-0.63"
"19","A","QPR","no",NA,NA,NA,"0.45","0.46","-0.17"
"20","H","Sto","no",NA,NA,NA,"0.48","0.42","0.25"
"21","A","Sun","no",NA,NA,NA,"0.84","-0.01","0.24"
"22","H","Rot","no",NA,NA,NA,"1.07","-0.28","-0.04"
"23","A","Cov","no",NA,NA,NA,"0.93","-0.12","-0.16"
"24","A","BrC","no",NA,NA,NA,"0.69","0.17","0.01"
"25","H","PNE","no",NA,NA,NA,"0.58","0.31","0.32"
"26","H","Rea","no",NA,NA,NA,"1.08","-0.30","0.01"
"27","A","Lut","no",NA,NA,NA,"1.01","-0.22","-0.20"
"28","A","Bur","no",NA,NA,NA,"0.40","0.52","0.31"
"29","H","Wig","no",NA,NA,NA,"0.50","0.40","0.72"
"30","H","Cov","no",NA,NA,NA,"0.83","0.00","0.72"
"31","A","Bir","no",NA,NA,NA,"0.83","-0.00","0.72"
"32","H","Bbn","no",NA,NA,NA,"0.92","-0.10","0.61"
"33","A","Wat","no",NA,NA,NA,"0.35","0.57","1.18"
"34","H","Mid","no",NA,NA,NA,"1.53","-0.84","0.34"
"35","A","Hul","no",NA,NA,NA,"0.66","0.20","0.55"
"36","H","Hud","no",NA,NA,NA,"1.99","-1.39","-0.85"
"37","A","Car","no",NA,NA,NA,"0.61","0.27","-0.58"
"38","A","ShU","no",NA,NA,NA,"0.51","0.39","-0.19"
"39","H","Mil","no",NA,NA,NA,"0.97","-0.17","-0.36"
"40","A","Rot","no",NA,NA,NA,"0.81","0.03","-0.33"
"41","H","QPR","no",NA,NA,NA,"0.45","0.46","0.13"
"42","A","Sto","no",NA,NA,NA,"1.36","-0.64","-0.51"
"43","A","Bpl","no",NA,NA,NA,"1.10","-0.32","-0.83"
"44","H","Sun","no",NA,NA,NA,"0.60","0.28","-0.55"
"45","H","Nor","no",NA,NA,NA,"0.62","0.26","-0.29"
"46","A","Swa","no",NA,NA,NA,"0.59","0.29","0.00"
