"","HA","vs","played","Pts","GD","GS","ePts","sched","cumulative"
"1","H","Lev","yes",3,1,1,"2.26","-0.21","-0.21"
"2","A","Fbg","yes",3,2,3,"1.33","0.29","0.08"
"3","H","Bre","yes",0,-1,2,"1.60","0.15","0.22"
"4","A","Her","yes",3,1,1,"2.01","-0.07","0.15"
"5","H","Hof","yes",3,1,1,"1.94","-0.04","0.11"
"6","A","Lei","yes",0,-3,0,"1.05","0.44","0.55"
"7","H","Sch","yes",3,1,1,"2.58","-0.38","0.17"
"8","A","Kln","yes",0,-1,2,"1.61","0.14","0.31"
"9","H","Mun","yes",1,0,2,"1.34","0.28","0.59"
"10","A","UnB","yes",0,-2,0,"0.82","0.56","1.15"
"11","H","Stu","yes",3,5,5,"2.35","-0.26","0.90"
"12","A","Fra","yes",3,1,2,"1.72","0.08","0.97"
"13","H","Boc","no",NA,NA,NA,"2.66","-0.43","0.55"
"14","A","Wol","no",NA,NA,NA,"2.03","-0.09","0.46"
"15","A","Bmg","no",NA,NA,NA,"1.37","0.27","0.73"
"16","H","Aug","no",NA,NA,NA,"2.03","-0.09","0.64"
"17","A","Mai","no",NA,NA,NA,"1.98","-0.06","0.58"
"18","A","Lev","no",NA,NA,NA,"2.23","-0.19","0.39"
"19","H","Fbg","no",NA,NA,NA,"1.53","0.18","0.57"
"20","A","Bre","no",NA,NA,NA,"1.95","-0.04","0.53"
"21","H","Her","no",NA,NA,NA,"2.25","-0.20","0.33"
"22","A","Hof","no",NA,NA,NA,"1.54","0.18","0.50"
"23","H","Lei","no",NA,NA,NA,"2.33","-0.24","0.26"
"24","A","Sch","no",NA,NA,NA,"2.42","-0.30","-0.04"
"25","H","Kln","no",NA,NA,NA,"2.05","-0.10","-0.13"
"26","A","Mun","no",NA,NA,NA,"1.09","0.42","0.28"
"27","H","UnB","no",NA,NA,NA,"1.73","0.07","0.36"
"28","A","Stu","no",NA,NA,NA,"2.17","-0.16","0.20"
"29","H","Fra","no",NA,NA,NA,"1.58","0.15","0.35"
"30","A","Boc","no",NA,NA,NA,"1.91","-0.02","0.33"
"31","H","Wol","no",NA,NA,NA,"2.15","-0.15","0.18"
"32","H","Bmg","no",NA,NA,NA,"2.22","-0.19","-0.01"
"33","A","Aug","no",NA,NA,NA,"2.13","-0.14","-0.15"
"34","H","Mai","no",NA,NA,NA,"1.59","0.15","0.00"
