"","HA","vs","played","Pts","GD","GS","ePts","sched","cumulative"
"1","A","Aug","yes",3,4,4,"2.13","-0.17","-0.17"
"2","H","Dor","yes",0,-2,1,"1.42","0.22","0.04"
"3","A","Stu","yes",3,1,1,"2.15","-0.19","-0.14"
"4","H","Boc","yes",3,1,1,"2.66","-0.47","-0.62"
"5","A","Lev","yes",3,1,3,"2.02","-0.11","-0.73"
"6","H","BMg","yes",1,0,0,"2.16","-0.19","-0.92"
"7","A","Hof","yes",1,0,0,"1.72","0.05","-0.87"
"8","H","Mai","yes",3,1,2,"1.54","0.15","-0.72"
"9","A","Her","yes",1,0,2,"2.04","-0.13","-0.85"
"10","A","Mun","yes",0,-5,0,"1.03","0.43","-0.41"
"11","H","Bre","yes",3,2,2,"1.49","0.18","-0.24"
"12","A","Sch","yes",3,2,2,"2.44","-0.35","-0.59"
"13","H","Kln","no",NA,NA,NA,"1.99","-0.10","-0.69"
"14","A","Lei","no",NA,NA,NA,"0.98","0.46","-0.23"
"15","H","UnB","no",NA,NA,NA,"1.86","-0.03","-0.25"
"16","A","Wol","no",NA,NA,NA,"1.99","-0.10","-0.36"
"17","H","Fra","no",NA,NA,NA,"1.36","0.25","-0.11"
"18","H","Aug","no",NA,NA,NA,"1.96","-0.08","-0.19"
"19","A","Dor","no",NA,NA,NA,"1.17","0.35","0.16"
"20","H","Stu","no",NA,NA,NA,"2.28","-0.26","-0.10"
"21","A","Boc","no",NA,NA,NA,"1.90","-0.05","-0.15"
"22","H","Lev","no",NA,NA,NA,"2.18","-0.20","-0.35"
"23","A","BMg","no",NA,NA,NA,"1.31","0.28","-0.08"
"24","H","Hof","no",NA,NA,NA,"1.88","-0.04","-0.12"
"25","A","Mai","no",NA,NA,NA,"2.08","-0.15","-0.26"
"26","H","Her","no",NA,NA,NA,"2.20","-0.22","-0.48"
"27","H","Mun","no",NA,NA,NA,"1.17","0.36","-0.13"
"28","A","Bre","no",NA,NA,NA,"1.84","-0.02","-0.15"
"29","H","Sch","no",NA,NA,NA,"2.57","-0.42","-0.57"
"30","A","Kln","no",NA,NA,NA,"1.62","0.10","-0.46"
"31","H","Lei","no",NA,NA,NA,"2.07","-0.14","-0.61"
"32","A","UnB","no",NA,NA,NA,"0.78","0.57","-0.04"
"33","H","Wol","no",NA,NA,NA,"1.90","-0.05","-0.09"
"34","A","Fra","no",NA,NA,NA,"1.65","0.09","-0.00"
