"","HA","vs","played","Pts","GD","GS","ePts","sched","cumulative"
"1","H","Mun","yes",0,-5,1,"0.87","0.46","0.46"
"2","A","Her","yes",1,0,1,"1.94","-0.21","0.25"
"3","H","Kln","yes",1,0,1,"1.59","0.01","0.26"
"4","A","Bre","yes",3,1,4,"1.88","-0.17","0.09"
"5","H","Lei","yes",3,4,4,"1.94","-0.21","-0.12"
"6","H","Wol","yes",0,-1,0,"1.71","-0.06","-0.18"
"7","A","Stu","yes",3,2,3,"2.11","-0.31","-0.50"
"8","H","UnB","yes",3,2,2,"1.23","0.23","-0.26"
"9","A","Boc","yes",0,-3,0,"1.84","-0.15","-0.41"
"10","H","Lev","yes",3,4,5,"1.85","-0.15","-0.56"
"11","A","Bmg","yes",3,2,3,"1.29","0.19","-0.37"
"12","H","Dor","yes",0,-1,1,"1.02","0.36","-0.00"
"13","A","Aug","no",NA,NA,NA,"2.07","-0.29","-0.29"
"14","H","Hof","no",NA,NA,NA,"1.45","0.09","-0.20"
"15","A","Mai","no",NA,NA,NA,"1.92","-0.20","-0.39"
"16","H","Sch","no",NA,NA,NA,"2.30","-0.44","-0.83"
"17","A","Fbg","no",NA,NA,NA,"1.26","0.22","-0.61"
"18","A","Mun","no",NA,NA,NA,"1.02","0.36","-0.25"
"19","H","Her","no",NA,NA,NA,"1.84","-0.14","-0.39"
"20","A","Kln","no",NA,NA,NA,"1.54","0.04","-0.35"
"21","H","Bre","no",NA,NA,NA,"1.10","0.31","-0.04"
"22","A","Lei","no",NA,NA,NA,"0.99","0.39","0.35"
"23","A","Wol","no",NA,NA,NA,"1.97","-0.23","0.12"
"24","H","Stu","no",NA,NA,NA,"1.97","-0.23","-0.10"
"25","A","UnB","no",NA,NA,NA,"0.76","0.52","0.42"
"26","H","Boc","no",NA,NA,NA,"2.44","-0.52","-0.10"
"27","A","Lev","no",NA,NA,NA,"2.17","-0.35","-0.45"
"28","H","Bmg","no",NA,NA,NA,"1.80","-0.12","-0.57"
"29","A","Dor","no",NA,NA,NA,"1.18","0.27","-0.31"
"30","H","Aug","no",NA,NA,NA,"1.56","0.03","-0.28"
"31","A","Hof","no",NA,NA,NA,"1.46","0.09","-0.19"
"32","H","Mai","no",NA,NA,NA,"1.10","0.32","0.13"
"33","A","Sch","no",NA,NA,NA,"2.38","-0.48","-0.35"
"34","H","Fbg","no",NA,NA,NA,"1.04","0.35","-0.00"
