"","HA","vs","played","Pts","GD","GS","ePts","sched","cumulative"
"1","A","BMg","yes",0,-2,1,"0.85","0.38","0.38"
"2","H","Boc","yes",3,1,3,"2.47","-0.79","-0.41"
"3","A","Lev","yes",3,3,3,"1.80","-0.31","-0.72"
"4","H","Aug","yes",3,1,1,"1.56","-0.14","-0.85"
"5","A","Dor","yes",0,-1,0,"0.75","0.45","-0.40"
"6","H","Mai","yes",3,3,4,"1.10","0.20","-0.20"
"7","H","Fbg","yes",1,0,0,"1.05","0.24","0.04"
"8","A","Her","yes",1,0,1,"1.59","-0.16","-0.12"
"9","H","Bre","yes",0,-1,1,"1.08","0.21","0.10"
"10","A","Sch","yes",3,3,3,"2.10","-0.53","-0.43"
"11","H","Mun","yes",0,-2,0,"0.78","0.44","0.01"
"12","A","Kln","yes",1,0,1,"1.11","0.19","0.20"
"13","H","Lei","yes",0,-2,1,"1.66","-0.21","-0.01"
"14","A","Fra","no",NA,NA,NA,"1.14","0.17","0.16"
"15","H","Wol","no",NA,NA,NA,"1.49","-0.08","0.08"
"16","A","UnB","no",NA,NA,NA,"0.44","0.68","0.75"
"17","H","Stu","no",NA,NA,NA,"1.93","-0.40","0.35"
"18","H","BMg","no",NA,NA,NA,"1.77","-0.29","0.07"
"19","A","Boc","no",NA,NA,NA,"1.39","-0.01","0.06"
"20","H","Lev","no",NA,NA,NA,"1.85","-0.34","-0.28"
"21","A","Aug","no",NA,NA,NA,"1.69","-0.23","-0.51"
"22","H","Dor","no",NA,NA,NA,"0.99","0.28","-0.23"
"23","A","Mai","no",NA,NA,NA,"1.61","-0.17","-0.40"
"24","A","Fbg","no",NA,NA,NA,"0.86","0.37","-0.02"
"25","H","Her","no",NA,NA,NA,"1.83","-0.33","-0.35"
"26","A","Bre","no",NA,NA,NA,"1.36","0.01","-0.35"
"27","H","Sch","no",NA,NA,NA,"2.35","-0.71","-1.05"
"28","A","Mun","no",NA,NA,NA,"0.64","0.53","-0.52"
"29","H","Kln","no",NA,NA,NA,"1.56","-0.14","-0.66"
"30","A","Lei","no",NA,NA,NA,"0.60","0.56","-0.09"
"31","H","Fra","no",NA,NA,NA,"0.94","0.32","0.22"
"32","A","Wol","no",NA,NA,NA,"1.53","-0.11","0.11"
"33","H","UnB","no",NA,NA,NA,"1.21","0.12","0.23"
"34","A","Stu","no",NA,NA,NA,"1.70","-0.23","-0.00"
