"","HA","vs","played","Pts","GD","GS","ePts","sched","cumulative"
"1","H","Sch","yes",3,2,3,"2.41","-0.75","-0.75"
"2","A","Lei","yes",1,0,2,"0.54","0.61","-0.13"
"3","A","Fra","yes",1,0,1,"1.07","0.23","0.09"
"4","H","Stu","yes",1,0,0,"2.03","-0.47","-0.38"
"5","A","Wol","yes",3,2,4,"1.42","-0.03","-0.41"
"6","H","UnB","yes",0,-1,0,"1.54","-0.12","-0.53"
"7","A","Boc","yes",1,0,1,"1.32","0.05","-0.48"
"8","H","Dor","yes",3,1,3,"1.09","0.21","-0.27"
"9","A","BMg","yes",0,-3,2,"0.77","0.44","0.17"
"10","H","Aug","yes",3,1,3,"1.65","-0.20","-0.03"
"11","A","Mai","yes",0,-5,0,"1.53","-0.11","-0.14"
"12","H","Hof","yes",1,0,1,"1.56","-0.13","-0.27"
"13","A","Fbg","no",NA,NA,NA,"0.77","0.44","0.17"
"14","H","Lev","no",NA,NA,NA,"1.90","-0.38","-0.21"
"15","A","Her","no",NA,NA,NA,"1.48","-0.07","-0.28"
"16","H","Bre","no",NA,NA,NA,"1.17","0.15","-0.13"
"17","A","Mun","no",NA,NA,NA,"0.57","0.59","0.46"
"18","A","Sch","no",NA,NA,NA,"2.02","-0.47","-0.00"
"19","H","Lei","no",NA,NA,NA,"1.78","-0.29","-0.29"
"20","H","Fra","no",NA,NA,NA,"1.05","0.24","-0.05"
"21","A","Stu","no",NA,NA,NA,"1.61","-0.17","-0.22"
"22","H","Wol","no",NA,NA,NA,"1.58","-0.15","-0.37"
"23","A","UnB","no",NA,NA,NA,"0.41","0.70","0.33"
"24","H","Boc","no",NA,NA,NA,"2.53","-0.83","-0.50"
"25","A","Dor","no",NA,NA,NA,"0.67","0.52","0.02"
"26","H","BMg","no",NA,NA,NA,"1.88","-0.36","-0.34"
"27","A","Aug","no",NA,NA,NA,"1.58","-0.15","-0.49"
"28","H","Mai","no",NA,NA,NA,"1.21","0.12","-0.37"
"29","A","Hof","no",NA,NA,NA,"1.13","0.18","-0.18"
"30","H","Fbg","no",NA,NA,NA,"1.13","0.18","-0.00"
"31","A","Lev","no",NA,NA,NA,"1.45","-0.05","-0.06"
"32","H","Her","no",NA,NA,NA,"1.94","-0.40","-0.46"
"33","A","Bre","no",NA,NA,NA,"1.26","0.09","-0.37"
"34","H","Mun","no",NA,NA,NA,"0.87","0.37","-0.00"
