"","HA","vs","played","Pts","GD","GS","ePts","sched","cumulative"
"1","A","Dor","yes",0,-1,0,"0.53","0.50","0.50"
"2","H","Aug","yes",0,-1,1,"1.20","-0.13","0.36"
"3","H","Hof","yes",0,-3,0,"1.14","-0.08","0.29"
"4","A","Mai","yes",3,3,3,"1.30","-0.23","0.06"
"5","H","Fbg","yes",0,-1,2,"0.71","0.32","0.38"
"6","A","Her","yes",1,0,2,"1.27","-0.21","0.17"
"7","H","Bre","yes",1,0,1,"0.82","0.23","0.40"
"8","A","Mun","yes",0,-4,0,"0.35","0.66","1.07"
"9","H","Sch","yes",3,4,4,"2.09","-0.98","0.09"
"10","A","Fra","yes",0,-4,1,"0.86","0.18","0.27"
"11","H","Wol","yes",1,0,2,"1.11","-0.05","0.22"
"12","A","Lei","yes",0,-2,0,"0.43","0.59","0.81"
"13","H","UnB","yes",3,5,5,"1.08","-0.02","0.79"
"14","A","Kln","no",NA,NA,NA,"0.84","0.20","0.99"
"15","H","Stu","no",NA,NA,NA,"1.57","-0.48","0.51"
"16","A","BMg","no",NA,NA,NA,"0.61","0.43","0.94"
"17","H","Boc","no",NA,NA,NA,"2.23","-1.12","-0.18"
"18","H","Dor","no",NA,NA,NA,"0.89","0.16","-0.02"
"19","A","Aug","no",NA,NA,NA,"1.34","-0.27","-0.29"
"20","A","Hof","no",NA,NA,NA,"0.89","0.15","-0.14"
"21","H","Mai","no",NA,NA,NA,"0.78","0.26","0.12"
"22","A","Fbg","no",NA,NA,NA,"0.54","0.49","0.61"
"23","H","Her","no",NA,NA,NA,"1.67","-0.59","0.03"
"24","A","Bre","no",NA,NA,NA,"1.04","0.02","0.04"
"25","H","Mun","no",NA,NA,NA,"0.54","0.49","0.53"
"26","A","Sch","no",NA,NA,NA,"1.80","-0.70","-0.17"
"27","H","Fra","no",NA,NA,NA,"0.67","0.37","0.20"
"28","A","Wol","no",NA,NA,NA,"0.97","0.08","0.28"
"29","H","Lei","no",NA,NA,NA,"1.34","-0.27","0.01"
"30","A","UnB","no",NA,NA,NA,"0.32","0.70","0.70"
"31","H","Kln","no",NA,NA,NA,"1.30","-0.23","0.48"
"32","A","Stu","no",NA,NA,NA,"1.20","-0.13","0.34"
"33","H","BMg","no",NA,NA,NA,"1.54","-0.46","-0.12"
"34","A","Boc","no",NA,NA,NA,"0.93","0.12","-0.00"
