"","HA","vs","played","Pts","GD","GS","ePts","sched","cumulative"
"1","A","Boc","yes",3,1,2,"1.83","-0.26","-0.26"
"2","H","UnB","yes",1,0,0,"0.95","0.35","0.09"
"3","A","Aug","yes",3,1,2,"2.06","-0.42","-0.32"
"4","H","Lev","yes",0,-3,0,"1.56","-0.07","-0.39"
"5","A","Bmg","yes",3,1,1,"1.28","0.12","-0.27"
"6","A","Hof","yes",0,-3,1,"1.45","0.00","-0.27"
"7","H","Her","yes",1,0,1,"1.54","-0.06","-0.33"
"8","A","Fbg","yes",0,-1,1,"1.24","0.14","-0.18"
"9","H","Lei","yes",1,0,1,"1.65","-0.13","-0.32"
"10","A","Bre","yes",3,2,2,"1.87","-0.29","-0.61"
"11","H","Kln","yes",3,5,5,"1.28","0.12","-0.49"
"12","A","Mun","yes",0,-4,2,"1.01","0.31","-0.18"
"13","H","Wol","no",NA,NA,NA,"1.40","0.03","-0.15"
"14","A","Sch","no",NA,NA,NA,"2.37","-0.63","-0.78"
"15","H","Fra","no",NA,NA,NA,"0.82","0.44","-0.34"
"16","A","Stu","no",NA,NA,NA,"2.10","-0.44","-0.78"
"17","H","Dor","no",NA,NA,NA,"0.76","0.47","-0.31"
"18","H","Boc","no",NA,NA,NA,"2.25","-0.55","-0.85"
"19","A","UnB","no",NA,NA,NA,"0.75","0.48","-0.37"
"20","H","Aug","no",NA,NA,NA,"1.26","0.13","-0.24"
"21","A","Lev","no",NA,NA,NA,"2.16","-0.49","-0.72"
"22","H","Bmg","no",NA,NA,NA,"1.50","-0.03","-0.76"
"23","H","Hof","no",NA,NA,NA,"1.15","0.21","-0.55"
"24","A","Her","no",NA,NA,NA,"1.93","-0.33","-0.88"
"25","H","Fbg","no",NA,NA,NA,"0.78","0.47","-0.41"
"26","A","Lei","no",NA,NA,NA,"0.97","0.33","-0.08"
"27","H","Bre","no",NA,NA,NA,"0.83","0.43","0.35"
"28","A","Kln","no",NA,NA,NA,"1.53","-0.05","0.30"
"29","H","Mun","no",NA,NA,NA,"0.64","0.56","0.86"
"30","A","Wol","no",NA,NA,NA,"1.96","-0.35","0.51"
"31","H","Sch","no",NA,NA,NA,"2.08","-0.43","0.08"
"32","A","Fra","no",NA,NA,NA,"1.64","-0.13","-0.04"
"33","H","Stu","no",NA,NA,NA,"1.68","-0.16","-0.20"
"34","A","Dor","no",NA,NA,NA,"1.16","0.20","-0.00"
