"","HA","vs","played","Pts","GD","GS","ePts","sched","cumulative"
"1","H","Bre","yes",1,0,2,"0.78","0.30","0.30"
"2","A","Mun","yes",0,-2,0,"0.52","0.54","0.84"
"3","H","Sch","yes",1,0,0,"2.03","-0.81","0.03"
"4","A","Lei","yes",0,-2,0,"0.50","0.56","0.58"
"5","H","Kln","yes",0,-2,2,"1.22","-0.09","0.49"
"6","A","Fra","yes",3,1,1,"0.99","0.11","0.61"
"7","A","UnB","yes",0,-2,0,"0.37","0.67","1.28"
"8","H","Stu","yes",3,1,3,"1.62","-0.45","0.83"
"9","A","Aug","yes",1,0,1,"1.43","-0.28","0.54"
"10","H","Bmg","yes",1,0,2,"1.44","-0.29","0.25"
"11","A","Lev","yes",1,0,2,"1.57","-0.40","-0.14"
"12","H","Boc","yes",3,4,4,"2.20","-0.97","-1.11"
"13","A","Mai","no",NA,NA,NA,"1.26","-0.13","-1.24"
"14","H","Dor","no",NA,NA,NA,"0.72","0.36","-0.88"
"15","A","Hof","no",NA,NA,NA,"0.83","0.26","-0.63"
"16","H","Fbg","no",NA,NA,NA,"0.73","0.35","-0.28"
"17","A","Her","no",NA,NA,NA,"1.29","-0.15","-0.43"
"18","A","Bre","no",NA,NA,NA,"1.22","-0.09","-0.52"
"19","H","Mun","no",NA,NA,NA,"0.60","0.46","-0.06"
"20","A","Sch","no",NA,NA,NA,"1.86","-0.66","-0.72"
"21","H","Lei","no",NA,NA,NA,"1.59","-0.42","-1.14"
"22","A","Kln","no",NA,NA,NA,"0.89","0.20","-0.94"
"23","H","Fra","no",NA,NA,NA,"0.77","0.31","-0.63"
"24","H","UnB","no",NA,NA,NA,"0.89","0.20","-0.43"
"25","A","Stu","no",NA,NA,NA,"1.48","-0.33","-0.75"
"26","H","Aug","no",NA,NA,NA,"1.20","-0.07","-0.83"
"27","A","Bmg","no",NA,NA,NA,"0.70","0.37","-0.45"
"28","H","Lev","no",NA,NA,NA,"1.50","-0.34","-0.79"
"29","A","Boc","no",NA,NA,NA,"1.18","-0.05","-0.84"
"30","H","Mai","no",NA,NA,NA,"0.78","0.30","-0.54"
"31","A","Dor","no",NA,NA,NA,"0.62","0.45","-0.09"
"32","H","Hof","no",NA,NA,NA,"1.10","0.02","-0.07"
"33","A","Fbg","no",NA,NA,NA,"0.68","0.40","0.32"
"34","H","Her","no",NA,NA,NA,"1.48","-0.32","-0.00"
