"","HA","vs","played","Pts","GD","GS","ePts","sched","cumulative"
"1","A","Alm","yes",3,1,1,"2.47","-0.49","-0.49"
"2","H","NEC","yes",3,1,1,"2.25","-0.35","-0.84"
"3","A","Gro","yes",1,0,0,"1.55","0.07","-0.77"
"4","A","RKC","yes",3,3,3,"2.60","-0.56","-1.33"
"5","H","Hee","yes",3,8,9,"2.46","-0.48","-1.81"
"6","A","Zwo","yes",3,1,2,"1.69","-0.01","-1.82"
"7","H","Utr","yes",0,-1,1,"0.35","0.79","-1.03"
"8","A","Sit","yes",0,-1,0,"1.53","0.08","-0.95"
"9","H","PSV","yes",0,-1,1,"0.13","0.92","-0.03"
"10","H","GoA","yes",1,0,2,"2.03","-0.22","-0.25"
"11","A","Fey","yes",0,-1,2,"0.96","0.42","0.18"
"12","H","Wil","yes",0,-1,1,"1.90","-0.14","0.03"
"13","A","Spa","yes",3,1,2,"2.51","-0.51","-0.47"
"14","H","Her","yes",3,1,1,"2.45","-0.47","-0.94"
"15","H","Ajx","yes",3,1,2,"1.13","0.32","-0.62"
"16","A","NAC","no",NA,NA,NA,"0.64","0.62","-0.01"
"17","H","Twe","no",NA,NA,NA,"1.40","0.16","0.15"
"18","A","PSV","no",NA,NA,NA,"0.07","0.96","1.11"
"19","A","Utr","no",NA,NA,NA,"0.47","0.72","1.83"
"20","H","Spa","no",NA,NA,NA,"2.29","-0.38","1.45"
"21","A","Wil","no",NA,NA,NA,"2.14","-0.28","1.17"
"22","H","Zwo","no",NA,NA,NA,"2.18","-0.31","0.86"
"23","H","Sit","no",NA,NA,NA,"2.20","-0.32","0.54"
"24","A","Hee","no",NA,NA,NA,"1.25","0.25","0.79"
"25","H","RKC","no",NA,NA,NA,"2.67","-0.60","0.19"
"26","A","Ajx","no",NA,NA,NA,"0.14","0.92","1.10"
"27","A","NEC","no",NA,NA,NA,"1.79","-0.08","1.03"
"28","H","Fey","no",NA,NA,NA,"1.05","0.37","1.39"
"29","A","Her","no",NA,NA,NA,"2.12","-0.27","1.12"
"30","H","NAC","no",NA,NA,NA,"2.21","-0.33","0.79"
"31","A","GoA","no",NA,NA,NA,"1.64","0.01","0.80"
"32","H","Gro","no",NA,NA,NA,"2.45","-0.47","0.33"
"33","A","Twe","no",NA,NA,NA,"1.12","0.32","0.66"
"34","H","Alm","no",NA,NA,NA,"2.76","-0.66","-0.00"
