"","HA","vs","played","Pts","GD","GS","ePts","sched","cumulative"
"1","H","Wil","yes",1,0,1,"1.98","-0.00","-0.00"
"2","A","Zwo","yes",3,4,5,"2.29","-0.16","-0.16"
"3","A","Spa","yes",1,0,1,"2.73","-0.38","-0.54"
"4","A","Gro","yes",1,0,2,"2.05","-0.04","-0.58"
"5","H","NAC","yes",3,2,2,"2.40","-0.21","-0.79"
"6","A","NEC","yes",1,0,1,"2.28","-0.15","-0.95"
"7","H","Twe","yes",3,1,2,"1.71","0.14","-0.81"
"8","A","GoA","yes",3,4,5,"2.17","-0.10","-0.91"
"9","A","Utr","yes",3,2,2,"0.94","0.52","-0.38"
"10","H","Ajx","yes",0,-2,0,"1.45","0.27","-0.12"
"11","H","AZA","yes",3,1,3,"1.89","0.04","-0.08"
"12","A","Alm","yes",3,3,4,"2.70","-0.37","-0.44"
"13","H","Hee","yes",3,3,3,"2.59","-0.31","-0.75"
"14","H","Sit","yes",1,0,1,"2.41","-0.22","-0.97"
"15","A","RKC","yes",3,1,3,"2.78","-0.41","-1.38"
"16","H","Her","yes",3,3,5,"2.62","-0.33","-1.71"
"17","A","PSV","no",NA,NA,NA,"0.23","0.88","-0.83"
"18","H","Utr","no",NA,NA,NA,"0.51","0.74","-0.08"
"19","A","Wil","no",NA,NA,NA,"2.49","-0.26","-0.34"
"20","H","Alm","no",NA,NA,NA,"2.83","-0.43","-0.78"
"21","A","Ajx","no",NA,NA,NA,"0.37","0.81","0.04"
"22","H","Spa","no",NA,NA,NA,"2.46","-0.24","-0.21"
"23","A","NAC","no",NA,NA,NA,"1.22","0.38","0.17"
"24","H","NEC","no",NA,NA,NA,"2.45","-0.24","-0.07"
"25","H","Gro","no",NA,NA,NA,"2.58","-0.30","-0.37"
"26","A","Twe","no",NA,NA,NA,"1.69","0.14","-0.23"
"27","H","GoA","no",NA,NA,NA,"2.23","-0.13","-0.35"
"28","A","AZA","no",NA,NA,NA,"1.73","0.12","-0.23"
"29","A","Sit","no",NA,NA,NA,"2.03","-0.02","-0.25"
"30","H","Zwo","no",NA,NA,NA,"2.38","-0.21","-0.46"
"31","A","Her","no",NA,NA,NA,"2.50","-0.26","-0.72"
"32","H","PSV","no",NA,NA,NA,"0.47","0.76","0.04"
"33","H","RKC","no",NA,NA,NA,"2.77","-0.40","-0.36"
"34","A","Hee","no",NA,NA,NA,"1.26","0.36","-0.00"
