"","HA","vs","played","Pts","GD","GS","ePts","sched","cumulative"
"1","H","Sit","yes",0,-2,0,"1.74","-0.36","-0.36"
"2","A","Wil","yes",0,-2,0,"1.70","-0.33","-0.69"
"3","H","RKC","yes",3,2,2,"2.44","-0.91","-1.60"
"4","A","PSV","yes",0,-3,0,"0.04","0.97","-0.63"
"5","A","Spa","yes",3,1,2,"2.21","-0.72","-1.35"
"6","H","Ajx","yes",1,0,1,"0.69","0.46","-0.89"
"7","A","Gro","yes",3,1,1,"1.07","0.17","-0.72"
"8","H","Her","yes",3,3,4,"2.10","-0.64","-1.36"
"9","H","Fey","yes",0,-4,1,"0.63","0.51","-0.85"
"10","A","AZA","yes",1,0,2,"0.73","0.43","-0.42"
"11","H","Zwo","yes",1,0,2,"1.73","-0.35","-0.77"
"12","A","Hee","yes",0,-1,0,"0.81","0.37","-0.40"
"13","H","Alm","yes",3,3,3,"2.59","-1.02","-1.42"
"14","A","Twe","yes",0,-1,2,"0.71","0.45","-0.98"
"15","H","NEC","yes",3,5,5,"1.82","-0.42","-1.40"
"16","A","Utr","no",NA,NA,NA,"0.27","0.79","-0.61"
"17","H","NAC","no",NA,NA,NA,"1.76","-0.38","-0.98"
"18","A","Sit","no",NA,NA,NA,"1.05","0.18","-0.80"
"19","H","Gro","no",NA,NA,NA,"2.10","-0.64","-1.44"
"20","A","Ajx","no",NA,NA,NA,"0.08","0.94","-0.50"
"21","H","Twe","no",NA,NA,NA,"0.91","0.29","-0.21"
"22","A","Her","no",NA,NA,NA,"1.68","-0.31","-0.52"
"23","H","Spa","no",NA,NA,NA,"1.87","-0.46","-0.98"
"24","H","PSV","no",NA,NA,NA,"0.07","0.94","-0.04"
"25","A","NEC","no",NA,NA,NA,"1.31","-0.02","-0.06"
"26","H","Wil","no",NA,NA,NA,"1.39","-0.09","-0.15"
"27","A","Fey","no",NA,NA,NA,"0.59","0.54","0.39"
"28","H","Utr","no",NA,NA,NA,"0.19","0.85","1.24"
"29","A","NAC","no",NA,NA,NA,"0.37","0.71","1.95"
"30","A","Alm","no",NA,NA,NA,"2.16","-0.68","1.27"
"31","H","AZA","no",NA,NA,NA,"1.09","0.15","1.42"
"32","A","Zwo","no",NA,NA,NA,"1.20","0.06","1.48"
"33","H","Hee","no",NA,NA,NA,"2.12","-0.65","0.83"
"34","A","RKC","no",NA,NA,NA,"2.34","-0.83","0.00"
