"","HA","vs","played","Pts","GD","GS","ePts","sched","cumulative"
"1","H","NAC","yes",3,3,4,"1.86","-0.69","-0.69"
"2","A","RKC","yes",3,1,2,"1.81","-0.65","-1.34"
"3","H","AZA","yes",1,0,0,"1.19","-0.08","-1.42"
"4","A","Alm","yes",1,0,1,"1.56","-0.42","-1.84"
"5","H","Fey","yes",1,0,2,"0.70","0.36","-1.48"
"6","A","Hee","yes",0,-1,1,"0.40","0.64","-0.84"
"7","H","GoA","yes",0,-1,0,"1.64","-0.49","-1.34"
"8","A","Ajx","yes",0,-2,1,"0.04","0.96","-0.37"
"9","H","Utr","yes",0,-1,0,"0.22","0.80","0.43"
"10","A","Sit","yes",0,-1,0,"0.55","0.50","0.94"
"11","A","NEC","yes",0,-6,0,"0.73","0.34","1.28"
"12","H","Spa","yes",3,1,1,"1.96","-0.79","0.49"
"13","A","PSV","yes",0,-5,0,"0.02","0.98","1.47"
"14","H","Wil","yes",3,2,2,"1.50","-0.36","1.11"
"15","H","Zwo","yes",1,0,0,"1.83","-0.66","0.45"
"16","A","Twe","no",NA,NA,NA,"0.35","0.69","1.13"
"17","A","Her","no",NA,NA,NA,"1.04","0.05","1.19"
"18","H","Alm","no",NA,NA,NA,"2.63","-1.39","-0.20"
"19","A","GoA","no",NA,NA,NA,"0.62","0.44","0.23"
"20","H","Hee","no",NA,NA,NA,"2.20","-1.00","-0.76"
"21","A","Spa","no",NA,NA,NA,"1.63","-0.48","-1.24"
"22","H","NEC","no",NA,NA,NA,"1.91","-0.74","-1.98"
"23","A","Wil","no",NA,NA,NA,"1.06","0.04","-1.95"
"24","H","Twe","no",NA,NA,NA,"1.00","0.09","-1.86"
"25","A","Fey","no",NA,NA,NA,"0.28","0.74","-1.11"
"26","H","Sit","no",NA,NA,NA,"1.84","-0.68","-1.79"
"27","A","NAC","no",NA,NA,NA,"0.18","0.84","-0.95"
"28","H","PSV","no",NA,NA,NA,"0.08","0.93","-0.02"
"29","A","Utr","no",NA,NA,NA,"0.13","0.89","0.86"
"30","H","Her","no",NA,NA,NA,"2.18","-0.98","-0.12"
"31","H","RKC","no",NA,NA,NA,"2.50","-1.27","-1.39"
"32","A","AZA","no",NA,NA,NA,"0.36","0.67","-0.71"
"33","H","Ajx","no",NA,NA,NA,"0.76","0.30","-0.41"
"34","A","Zwo","no",NA,NA,NA,"0.65","0.41","-0.00"
