"","HA","vs","played","Pts","GD","GS","ePts","sched","cumulative"
"1","H","Her","yes",1,0,0,"0.94","-0.36","-0.36"
"2","A","Twe","yes",1,0,1,"0.48","0.31","-0.05"
"3","H","Fey","yes",1,0,1,"0.16","0.77","0.72"
"4","A","Wil","yes",3,1,2,"1.33","-0.93","-0.21"
"5","H","GoA","yes",0,-1,1,"0.51","0.27","0.06"
"6","A","RKC","yes",3,1,2,"2.07","-1.99","-1.92"
"7","H","Sit","yes",1,0,1,"0.63","0.08","-1.84"
"8","A","PSV","yes",0,-1,1,"0.03","0.96","-0.88"
"9","H","Alm","yes",1,0,2,"1.69","-1.45","-2.33"
"10","A","Hee","yes",0,-2,0,"0.55","0.21","-2.12"
"11","H","Utr","yes",0,-3,1,"0.05","0.93","-1.19"
"12","A","Gro","yes",0,-1,0,"0.75","-0.09","-1.28"
"13","H","AZA","yes",0,-1,1,"0.30","0.56","-0.71"
"14","A","Zwo","yes",0,-1,0,"0.86","-0.25","-0.96"
"15","H","NAC","yes",0,-2,0,"0.65","0.06","-0.90"
"16","A","NEC","no",NA,NA,NA,"0.96","-0.38","-1.28"
"17","H","Ajx","no",NA,NA,NA,"0.17","0.75","-0.53"
"18","A","Her","no",NA,NA,NA,"1.31","-0.90","-1.43"
"19","H","RKC","no",NA,NA,NA,"1.42","-1.05","-2.48"
"20","A","AZA","no",NA,NA,NA,"0.49","0.29","-2.19"
"21","H","Gro","no",NA,NA,NA,"0.94","-0.36","-2.55"
"22","A","Fey","no",NA,NA,NA,"0.39","0.44","-2.11"
"23","A","GoA","no",NA,NA,NA,"0.83","-0.20","-2.31"
"24","H","Wil","no",NA,NA,NA,"0.43","0.38","-1.94"
"25","A","NAC","no",NA,NA,NA,"0.24","0.65","-1.29"
"26","H","Zwo","no",NA,NA,NA,"0.62","0.10","-1.19"
"27","A","Sit","no",NA,NA,NA,"0.74","-0.06","-1.25"
"28","H","NEC","no",NA,NA,NA,"0.69","0.00","-1.25"
"29","H","Hee","no",NA,NA,NA,"0.96","-0.39","-1.64"
"30","A","Ajx","no",NA,NA,NA,"0.05","0.92","-0.72"
"31","H","Twe","no",NA,NA,NA,"0.24","0.65","-0.06"
"32","A","Alm","no",NA,NA,NA,"1.84","-1.66","-1.72"
"33","A","Utr","no",NA,NA,NA,"0.17","0.75","-0.97"
"34","H","PSV","no",NA,NA,NA,"0.02","0.97","-0.00"
