"","HA","vs","played","Pts","GD","GS","ePts","sched","cumulative"
"1","A","Utr","yes",0,-1,0,"0.24","0.79","0.79"
"2","H","Fey","yes",0,-4,1,"0.52","0.54","1.33"
"3","A","NEC","yes",0,-1,0,"1.13","-0.00","1.32"
"4","H","Her","yes",3,3,3,"1.99","-0.77","0.55"
"5","A","Twe","yes",1,0,1,"0.58","0.49","1.04"
"6","H","AZA","yes",0,-1,1,"0.91","0.19","1.22"
"7","H","Alm","yes",3,1,1,"2.50","-1.23","-0.00"
"8","A","Hee","yes",1,0,1,"0.35","0.69","0.68"
"9","H","NAC","yes",0,-1,1,"1.55","-0.38","0.30"
"10","A","PSV","yes",0,-6,0,"0.06","0.95","1.25"
"11","A","GoA","yes",1,0,2,"0.99","0.12","1.37"
"12","H","Sit","yes",3,2,3,"1.57","-0.40","0.97"
"13","A","Ajx","yes",0,-2,0,"0.09","0.92","1.90"
"14","H","Spa","yes",3,1,1,"1.66","-0.48","1.42"
"15","A","Gro","yes",1,0,0,"0.86","0.24","1.65"
"16","H","Wil","yes",0,-1,0,"1.00","0.11","1.76"
"17","A","RKC","no",NA,NA,NA,"2.22","-0.98","0.79"
"18","H","NEC","no",NA,NA,NA,"1.64","-0.46","0.32"
"19","H","PSV","no",NA,NA,NA,"0.14","0.87","1.19"
"20","A","Sit","no",NA,NA,NA,"0.83","0.26","1.45"
"21","H","Utr","no",NA,NA,NA,"0.16","0.86","2.31"
"22","A","AZA","no",NA,NA,NA,"0.60","0.47","2.78"
"23","H","Hee","no",NA,NA,NA,"1.93","-0.71","2.06"
"24","A","Her","no",NA,NA,NA,"1.50","-0.33","1.73"
"25","H","Ajx","no",NA,NA,NA,"0.57","0.49","2.22"
"26","A","Spa","no",NA,NA,NA,"2.06","-0.83","1.39"
"27","H","RKC","no",NA,NA,NA,"2.36","-1.10","0.29"
"28","A","Alm","no",NA,NA,NA,"1.98","-0.77","-0.48"
"29","H","Twe","no",NA,NA,NA,"0.75","0.33","-0.15"
"30","A","Fey","no",NA,NA,NA,"0.44","0.61","0.46"
"31","A","NAC","no",NA,NA,NA,"0.34","0.70","1.16"
"32","H","GoA","no",NA,NA,NA,"1.29","-0.15","1.01"
"33","A","Wil","no",NA,NA,NA,"1.49","-0.32","0.69"
"34","H","Gro","no",NA,NA,NA,"1.90","-0.69","-0.00"
