"","HA","vs","played","Pts","GD","GS","ePts","sched","cumulative"
"1","H","Lev","yes",3,1,2,"1.70","-0.50","-0.50"
"2","A","Bet","yes",0,-1,0,"0.68","0.39","-0.11"
"3","H","Atl","yes",1,0,1,"1.31","-0.16","-0.27"
"4","A","Ath","yes",3,1,1,"0.97","0.14","-0.14"
"5","H","Sev","yes",0,-1,1,"0.89","0.21","0.07"
"6","A","Get","yes",1,0,1,"0.97","0.14","0.22"
"7","A","Mal","yes",0,-1,0,"1.48","-0.31","-0.09"
"8","H","Elc","no",NA,NA,NA,"0.75","0.33","0.24"
"9","H","Val","no",NA,NA,NA,"1.15","-0.02","0.22"
"10","A","Ray","no",NA,NA,NA,"1.73","-0.53","-0.31"
"11","H","Esp","no",NA,NA,NA,"1.65","-0.46","-0.77"
"12","A","Gir","no",NA,NA,NA,"2.38","-1.11","-1.88"
"13","H","Cel","no",NA,NA,NA,"1.97","-0.74","-2.62"
"14","A","FCB","no",NA,NA,NA,"0.12","0.89","-1.73"
"15","H","RSo","no",NA,NA,NA,"1.76","-0.56","-2.29"
"16","H","RMa","no",NA,NA,NA,"0.23","0.80","-1.49"
"17","A","Osa","no",NA,NA,NA,"0.43","0.62","-0.87"
"18","H","Ovi","no",NA,NA,NA,"1.09","0.04","-0.84"
"19","A","Vil","no",NA,NA,NA,"0.18","0.84","0.01"
"20","A","Atl","no",NA,NA,NA,"0.23","0.79","0.80"
"21","H","Bet","no",NA,NA,NA,"1.36","-0.21","0.59"
"22","A","Esp","no",NA,NA,NA,"0.62","0.45","1.04"
"23","H","Get","no",NA,NA,NA,"1.02","0.10","1.14"
"24","A","Sev","no",NA,NA,NA,"1.44","-0.27","0.87"
"25","H","Gir","no",NA,NA,NA,"2.22","-0.97","-0.10"
"26","A","Lev","no",NA,NA,NA,"1.70","-0.51","-0.61"
"27","A","Val","no",NA,NA,NA,"0.84","0.26","-0.35"
"28","H","Vil","no",NA,NA,NA,"0.70","0.38","0.03"
"29","A","Cel","no",NA,NA,NA,"1.90","-0.68","-0.65"
"30","H","Osa","no",NA,NA,NA,"1.50","-0.33","-0.99"
"31","A","RSo","no",NA,NA,NA,"1.42","-0.26","-1.25"
"32","H","Mal","no",NA,NA,NA,"2.04","-0.81","-2.06"
"33","A","RMa","no",NA,NA,NA,"0.14","0.88","-1.18"
"34","H","Ath","no",NA,NA,NA,"0.89","0.21","-0.97"
"35","A","Elc","no",NA,NA,NA,"0.48","0.57","-0.39"
"36","H","FCB","no",NA,NA,NA,"0.25","0.78","0.39"
"37","A","Ovi","no",NA,NA,NA,"0.92","0.18","0.57"
"38","H","Ray","no",NA,NA,NA,"1.77","-0.57","-0.00"
