"","HA","vs","played","Pts","GD","GS","ePts","sched","cumulative"
"1","A","Elc","yes",1,0,1,"0.49","0.66","0.66"
"2","H","Ala","yes",3,1,1,"1.94","-0.34","0.31"
"3","A","Cel","yes",1,0,1,"1.87","-0.30","0.02"
"4","H","Ath","yes",0,-1,1,"1.54","-0.07","-0.05"
"5","A","Lev","yes",1,0,2,"1.50","-0.04","-0.09"
"6","H","RSo","yes",3,2,3,"2.45","-0.70","-0.78"
"7","H","Osa","yes",3,2,2,"2.20","-0.53","-1.31"
"8","A","Esp","no",NA,NA,NA,"0.81","0.44","-0.87"
"9","A","Vil","no",NA,NA,NA,"0.20","0.86","-0.01"
"10","H","Atl","no",NA,NA,NA,"2.00","-0.39","-0.39"
"11","H","Mal","no",NA,NA,NA,"2.61","-0.80","-1.20"
"12","A","Val","no",NA,NA,NA,"1.14","0.21","-0.99"
"13","H","Gir","no",NA,NA,NA,"2.35","-0.63","-1.62"
"14","A","Sev","no",NA,NA,NA,"1.53","-0.06","-1.67"
"15","H","FCB","no",NA,NA,NA,"0.62","0.57","-1.10"
"16","A","Ray","no",NA,NA,NA,"1.67","-0.16","-1.26"
"17","H","Get","no",NA,NA,NA,"1.74","-0.21","-1.47"
"18","A","RMa","no",NA,NA,NA,"0.11","0.92","-0.55"
"19","A","Ovi","no",NA,NA,NA,"1.47","-0.02","-0.56"
"20","H","Vil","no",NA,NA,NA,"1.40","0.03","-0.53"
"21","A","Ala","no",NA,NA,NA,"1.15","0.20","-0.33"
"22","H","Val","no",NA,NA,NA,"2.37","-0.64","-0.97"
"23","A","Atl","no",NA,NA,NA,"0.25","0.82","-0.15"
"24","A","Mal","no",NA,NA,NA,"1.60","-0.11","-0.25"
"25","H","Ray","no",NA,NA,NA,"2.17","-0.50","-0.76"
"26","H","Sev","no",NA,NA,NA,"1.35","0.06","-0.69"
"27","A","Get","no",NA,NA,NA,"1.00","0.31","-0.39"
"28","H","Cel","no",NA,NA,NA,"2.42","-0.68","-1.06"
"29","A","Ath","no",NA,NA,NA,"0.85","0.41","-0.65"
"30","H","Esp","no",NA,NA,NA,"2.15","-0.49","-1.14"
"31","A","Osa","no",NA,NA,NA,"0.54","0.63","-0.51"
"32","H","RMa","no",NA,NA,NA,"0.48","0.67","0.15"
"33","A","Gir","no",NA,NA,NA,"1.87","-0.29","-0.14"
"34","H","Ovi","no",NA,NA,NA,"1.98","-0.37","-0.51"
"35","A","RSo","no",NA,NA,NA,"1.61","-0.12","-0.63"
"36","H","Elc","no",NA,NA,NA,"1.41","0.03","-0.60"
"37","A","FCB","no",NA,NA,NA,"0.16","0.89","0.28"
"38","H","Lev","no",NA,NA,NA,"1.85","-0.28","0.00"
