"","HA","vs","played","Pts","GD","GS","ePts","sched","cumulative"
"1","H","Get","yes",0,-2,0,"0.58","0.10","0.10"
"2","A","Mal","yes",1,0,1,"0.92","-0.43","-0.33"
"3","H","Bet","yes",1,0,1,"0.73","-0.14","-0.47"
"4","H","Vil","yes",1,0,1,"0.39","0.39","-0.08"
"5","H","Gir","yes",1,0,1,"1.18","-0.84","-0.92"
"6","A","Ray","yes",1,0,1,"0.98","-0.53","-1.46"
"7","A","Elc","yes",0,-1,1,"0.22","0.66","-0.80"
"8","H","Atl","no",NA,NA,NA,"0.78","-0.21","-1.01"
"9","H","RSo","no",NA,NA,NA,"1.34","-1.09","-2.10"
"10","A","Osa","no",NA,NA,NA,"0.24","0.62","-1.48"
"11","A","Lev","no",NA,NA,NA,"0.83","-0.30","-1.78"
"12","H","FCB","no",NA,NA,NA,"0.14","0.78","-1.00"
"13","A","Ala","no",NA,NA,NA,"0.58","0.09","-0.91"
"14","H","Esp","no",NA,NA,NA,"0.92","-0.44","-1.35"
"15","A","RMa","no",NA,NA,NA,"0.05","0.92","-0.43"
"16","H","Ath","no",NA,NA,NA,"0.46","0.28","-0.15"
"17","A","Ovi","no",NA,NA,NA,"0.81","-0.26","-0.41"
"18","H","Val","no",NA,NA,NA,"1.21","-0.88","-1.29"
"19","A","Sev","no",NA,NA,NA,"0.86","-0.34","-1.63"
"20","H","Ray","no",NA,NA,NA,"0.94","-0.47","-2.10"
"21","A","RSo","no",NA,NA,NA,"0.93","-0.45","-2.55"
"22","A","Get","no",NA,NA,NA,"0.49","0.24","-2.31"
"23","H","Osa","no",NA,NA,NA,"0.99","-0.54","-2.85"
"24","A","Esp","no",NA,NA,NA,"0.38","0.41","-2.44"
"25","H","Mal","no",NA,NA,NA,"1.64","-1.56","-4.00"
"26","A","Gir","no",NA,NA,NA,"1.17","-0.83","-4.83"
"27","H","RMa","no",NA,NA,NA,"0.11","0.83","-4.00"
"28","A","Bet","no",NA,NA,NA,"0.35","0.46","-3.54"
"29","H","Ala","no",NA,NA,NA,"0.72","-0.13","-3.66"
"30","A","Val","no",NA,NA,NA,"0.58","0.10","-3.56"
"31","H","Ovi","no",NA,NA,NA,"0.75","-0.17","-3.73"
"32","A","Vil","no",NA,NA,NA,"0.09","0.86","-2.87"
"33","A","FCB","no",NA,NA,NA,"0.07","0.89","-1.99"
"34","H","Elc","no",NA,NA,NA,"0.40","0.38","-1.60"
"35","A","Atl","no",NA,NA,NA,"0.11","0.82","-0.78"
"36","H","Lev","no",NA,NA,NA,"0.65","-0.02","-0.80"
"37","A","Ath","no",NA,NA,NA,"0.40","0.38","-0.42"
"38","H","Sev","no",NA,NA,NA,"0.37","0.42","-0.00"
