"","HA","vs","played","Pts","GD","GS","ePts","sched","cumulative"
"1","H","Bet","yes",1,0,1,"2.14","-0.25","-0.25"
"2","A","Atl","yes",1,0,1,"0.47","0.73","0.48"
"3","H","Lev","yes",3,2,2,"2.38","-0.39","0.09"
"4","A","Sev","yes",1,0,2,"1.93","-0.13","-0.04"
"5","H","Ovi","yes",3,1,1,"2.49","-0.45","-0.49"
"6","A","Osa","yes",1,0,1,"1.07","0.38","-0.11"
"7","H","Cel","yes",3,1,2,"2.53","-0.48","-0.59"
"8","A","Ala","no",NA,NA,NA,"1.76","-0.03","-0.62"
"9","H","Ath","no",NA,NA,NA,"1.54","0.10","-0.51"
"10","A","Esp","no",NA,NA,NA,"1.03","0.40","-0.12"
"11","A","FCB","no",NA,NA,NA,"0.22","0.87","0.75"
"12","H","RSo","no",NA,NA,NA,"2.42","-0.41","0.34"
"13","H","RMa","no",NA,NA,NA,"0.64","0.63","0.97"
"14","A","Get","no",NA,NA,NA,"1.58","0.08","1.05"
"15","H","Gir","no",NA,NA,NA,"2.67","-0.56","0.49"
"16","A","Mal","no",NA,NA,NA,"1.99","-0.16","0.33"
"17","H","Ray","no",NA,NA,NA,"2.42","-0.41","-0.08"
"18","H","Vil","no",NA,NA,NA,"1.45","0.16","0.07"
"19","A","Val","no",NA,NA,NA,"0.85","0.50","0.57"
"20","H","Sev","no",NA,NA,NA,"1.65","0.04","0.61"
"21","A","Lev","no",NA,NA,NA,"2.20","-0.29","0.32"
"22","H","FCB","no",NA,NA,NA,"0.68","0.60","0.93"
"23","A","RSo","no",NA,NA,NA,"1.96","-0.14","0.78"
"24","H","Osa","no",NA,NA,NA,"2.27","-0.32","0.46"
"25","A","Ath","no",NA,NA,NA,"1.45","0.15","0.61"
"26","H","Esp","no",NA,NA,NA,"2.32","-0.36","0.26"
"27","A","Vil","no",NA,NA,NA,"0.37","0.78","1.04"
"28","A","RMa","no",NA,NA,NA,"0.28","0.83","1.87"
"29","H","Mal","no",NA,NA,NA,"2.56","-0.50","1.38"
"30","A","Ray","no",NA,NA,NA,"2.21","-0.29","1.09"
"31","H","Val","no",NA,NA,NA,"1.82","-0.06","1.03"
"32","A","Ovi","no",NA,NA,NA,"1.89","-0.10","0.92"
"33","H","Atl","no",NA,NA,NA,"2.07","-0.21","0.71"
"34","A","Cel","no",NA,NA,NA,"2.32","-0.35","0.36"
"35","H","Ala","no",NA,NA,NA,"2.10","-0.22","0.14"
"36","A","Bet","no",NA,NA,NA,"1.13","0.34","0.48"
"37","H","Get","no",NA,NA,NA,"1.59","0.07","0.55"
"38","A","Gir","no",NA,NA,NA,"2.66","-0.55","-0.00"
