"","HA","vs","played","Pts","GD","GS","ePts","sched","cumulative"
"1","H","Atl","yes",3,1,2,"1.93","-0.47","-0.47"
"2","A","RSo","yes",1,0,2,"1.35","-0.03","-0.51"
"3","H","Osa","yes",3,1,1,"2.14","-0.64","-1.14"
"4","H","Mal","yes",3,1,3,"2.57","-0.96","-2.11"
"5","A","RMa","yes",0,-2,0,"0.08","0.94","-1.17"
"6","H","Val","yes",1,0,2,"2.31","-0.77","-1.94"
"7","A","Gir","yes",1,0,0,"1.61","-0.23","-2.17"
"8","H","Bet","no",NA,NA,NA,"1.88","-0.43","-2.61"
"9","A","Ovi","no",NA,NA,NA,"1.21","0.08","-2.53"
"10","H","Elc","no",NA,NA,NA,"1.32","-0.01","-2.54"
"11","A","Ala","no",NA,NA,NA,"0.91","0.30","-2.24"
"12","H","Vil","no",NA,NA,NA,"1.31","-0.00","-2.24"
"13","H","Sev","no",NA,NA,NA,"1.27","0.03","-2.21"
"14","A","Cel","no",NA,NA,NA,"1.62","-0.24","-2.45"
"15","H","Ray","no",NA,NA,NA,"2.10","-0.61","-3.06"
"16","A","Get","no",NA,NA,NA,"0.78","0.41","-2.65"
"17","A","Ath","no",NA,NA,NA,"0.65","0.50","-2.14"
"18","H","FCB","no",NA,NA,NA,"0.57","0.56","-1.58"
"19","A","Lev","no",NA,NA,NA,"1.23","0.06","-1.52"
"20","H","Gir","no",NA,NA,NA,"2.29","-0.75","-2.28"
"21","A","Val","no",NA,NA,NA,"0.90","0.31","-1.97"
"22","H","Ala","no",NA,NA,NA,"1.87","-0.43","-2.39"
"23","A","Vil","no",NA,NA,NA,"0.15","0.89","-1.50"
"24","H","Cel","no",NA,NA,NA,"2.37","-0.81","-2.32"
"25","A","Atl","no",NA,NA,NA,"0.19","0.86","-1.46"
"26","A","Elc","no",NA,NA,NA,"0.37","0.72","-0.74"
"27","H","Ovi","no",NA,NA,NA,"1.90","-0.45","-1.19"
"28","A","Mal","no",NA,NA,NA,"1.33","-0.02","-1.21"
"29","H","Get","no",NA,NA,NA,"1.66","-0.27","-1.48"
"30","A","Bet","no",NA,NA,NA,"0.57","0.57","-0.92"
"31","A","FCB","no",NA,NA,NA,"0.12","0.91","-0.01"
"32","H","Lev","no",NA,NA,NA,"1.78","-0.36","-0.37"
"33","A","Ray","no",NA,NA,NA,"1.41","-0.08","-0.44"
"34","H","RMa","no",NA,NA,NA,"0.44","0.66","0.22"
"35","A","Sev","no",NA,NA,NA,"1.26","0.04","0.26"
"36","H","Ath","no",NA,NA,NA,"1.46","-0.11","0.14"
"37","A","Osa","no",NA,NA,NA,"0.40","0.69","0.84"
"38","H","RSo","no",NA,NA,NA,"2.40","-0.84","-0.00"
