"","HA","vs","played","Pts","GD","GS","ePts","sched","cumulative"
"1","A","Mal","yes",3,3,3,"2.67","-0.09","-0.09"
"2","A","Lev","yes",3,1,3,"2.63","-0.07","-0.16"
"3","A","Ray","yes",1,0,1,"2.69","-0.10","-0.26"
"4","H","Val","yes",3,6,6,"2.85","-0.16","-0.42"
"5","H","Get","yes",3,3,3,"2.67","-0.09","-0.51"
"6","A","Ovi","yes",3,2,3,"2.62","-0.07","-0.58"
"7","H","RSo","yes",3,1,2,"2.87","-0.17","-0.75"
"8","A","Sev","no",NA,NA,NA,"2.64","-0.08","-0.83"
"9","H","Gir","no",NA,NA,NA,"2.85","-0.16","-0.99"
"10","A","RMa","no",NA,NA,NA,"0.66","0.73","-0.26"
"11","H","Elc","no",NA,NA,NA,"2.54","-0.03","-0.29"
"12","A","Cel","no",NA,NA,NA,"2.75","-0.12","-0.42"
"13","H","Ath","no",NA,NA,NA,"2.60","-0.06","-0.48"
"14","H","Ala","no",NA,NA,NA,"2.74","-0.12","-0.59"
"15","A","Bet","no",NA,NA,NA,"2.17","0.11","-0.48"
"16","H","Osa","no",NA,NA,NA,"2.81","-0.15","-0.63"
"17","A","Vil","no",NA,NA,NA,"1.07","0.57","-0.06"
"18","A","Esp","no",NA,NA,NA,"2.23","0.09","0.03"
"19","H","Atl","no",NA,NA,NA,"2.75","-0.12","-0.09"
"20","A","RSo","no",NA,NA,NA,"2.67","-0.09","-0.18"
"21","H","Ovi","no",NA,NA,NA,"2.75","-0.12","-0.30"
"22","A","Elc","no",NA,NA,NA,"1.84","0.25","-0.06"
"23","H","Mal","no",NA,NA,NA,"2.91","-0.19","-0.24"
"24","A","Gir","no",NA,NA,NA,"2.75","-0.12","-0.37"
"25","H","Lev","no",NA,NA,NA,"2.71","-0.10","-0.47"
"26","H","Vil","no",NA,NA,NA,"2.53","-0.03","-0.50"
"27","A","Ath","no",NA,NA,NA,"2.27","0.08","-0.43"
"28","H","Sev","no",NA,NA,NA,"2.51","-0.02","-0.45"
"29","H","Ray","no",NA,NA,NA,"2.80","-0.14","-0.59"
"30","A","Atl","no",NA,NA,NA,"1.27","0.48","-0.11"
"31","H","Esp","no",NA,NA,NA,"2.80","-0.14","-0.25"
"32","A","Get","no",NA,NA,NA,"2.38","0.03","-0.22"
"33","H","Cel","no",NA,NA,NA,"2.87","-0.17","-0.39"
"34","A","Osa","no",NA,NA,NA,"1.92","0.22","-0.18"
"35","H","RMa","no",NA,NA,NA,"1.69","0.31","0.13"
"36","A","Ala","no",NA,NA,NA,"2.47","-0.01","0.12"
"37","H","Bet","no",NA,NA,NA,"2.74","-0.12","0.01"
"38","A","Val","no",NA,NA,NA,"2.47","-0.01","0.00"
