"","HA","vs","played","Pts","GD","GS","ePts","sched","cumulative"
"1","H","Ray","yes",0,-2,1,"0.57","-0.60","-0.60"
"2","A","Vil","yes",0,-5,0,"0.06","0.84","0.24"
"3","H","Sev","yes",0,-2,0,"0.18","0.50","0.74"
"4","A","Cel","yes",1,0,1,"0.88","-1.46","-0.72"
"5","H","Lev","yes",0,-4,0,"0.54","-0.50","-1.22"
"6","A","Ath","yes",1,0,1,"0.30","0.16","-1.06"
"7","H","Esp","yes",1,0,0,"0.48","-0.35","-1.40"
"8","H","Val","no",NA,NA,NA,"0.22","0.38","-1.02"
"9","A","FCB","no",NA,NA,NA,"0.03","0.90","-0.12"
"10","H","Ovi","no",NA,NA,NA,"0.66","-0.84","-0.95"
"11","A","Get","no",NA,NA,NA,"0.35","0.02","-0.93"
"12","H","Ala","no",NA,NA,NA,"0.33","0.08","-0.86"
"13","A","Bet","no",NA,NA,NA,"0.20","0.44","-0.42"
"14","H","RMa","no",NA,NA,NA,"0.05","0.87","0.45"
"15","A","Elc","no",NA,NA,NA,"0.18","0.51","0.96"
"16","A","RSo","no",NA,NA,NA,"0.55","-0.55","0.41"
"17","H","Atl","no",NA,NA,NA,"0.32","0.11","0.52"
"18","A","Mal","no",NA,NA,NA,"0.58","-0.61","-0.09"
"19","H","Osa","no",NA,NA,NA,"0.44","-0.22","-0.31"
"20","A","Esp","no",NA,NA,NA,"0.18","0.50","0.19"
"21","H","Get","no",NA,NA,NA,"0.16","0.54","0.73"
"22","A","Ovi","no",NA,NA,NA,"0.51","-0.43","0.30"
"23","A","Sev","no",NA,NA,NA,"0.53","-0.50","-0.19"
"24","H","FCB","no",NA,NA,NA,"0.05","0.86","0.67"
"25","A","Ala","no",NA,NA,NA,"0.43","-0.21","0.46"
"26","H","Cel","no",NA,NA,NA,"0.70","-0.97","-0.51"
"27","A","Lev","no",NA,NA,NA,"0.76","-1.12","-1.63"
"28","H","Ath","no",NA,NA,NA,"0.15","0.57","-1.06"
"29","A","Osa","no",NA,NA,NA,"0.19","0.48","-0.58"
"30","H","Vil","no",NA,NA,NA,"0.14","0.62","0.04"
"31","A","RMa","no",NA,NA,NA,"0.04","0.88","0.92"
"32","A","Val","no",NA,NA,NA,"0.14","0.61","1.53"
"33","H","Bet","no",NA,NA,NA,"0.35","0.02","1.54"
"34","H","Mal","no",NA,NA,NA,"0.76","-1.12","0.43"
"35","A","Ray","no",NA,NA,NA,"0.76","-1.13","-0.71"
"36","H","RSo","no",NA,NA,NA,"0.57","-0.60","-1.31"
"37","A","Atl","no",NA,NA,NA,"0.07","0.80","-0.51"
"38","H","Elc","no",NA,NA,NA,"0.18","0.51","0.00"
