"","HA","vs","played","Pts","GD","GS","ePts","sched","cumulative"
"1","H","FCB","yes",0,-3,0,"0.42","0.28","0.28"
"2","H","Cel","yes",1,0,1,"1.47","-1.52","-1.24"
"3","A","RMa","yes",0,-1,1,"0.03","0.95","-0.28"
"4","A","Esp","yes",0,-1,2,"0.28","0.52","0.24"
"5","H","Atl","yes",1,0,1,"1.12","-0.93","-0.69"
"6","A","RSo","yes",0,-1,0,"0.72","-0.23","-0.92"
"7","H","Ala","yes",3,1,1,"0.79","-0.35","-1.28"
"8","A","Ath","yes",0,-1,1,"0.18","0.70","-0.58"
"9","A","Sev","no",NA,NA,NA,"0.24","0.59","0.01"
"10","H","Lev","no",NA,NA,NA,"0.79","-0.36","-0.35"
"11","A","Bet","no",NA,NA,NA,"0.15","0.73","0.39"
"12","H","Get","no",NA,NA,NA,"0.66","-0.13","0.26"
"13","A","Vil","no",NA,NA,NA,"0.04","0.92","1.18"
"14","H","Osa","no",NA,NA,NA,"1.26","-1.15","0.03"
"15","A","Ovi","no",NA,NA,NA,"0.67","-0.16","-0.13"
"16","H","Elc","no",NA,NA,NA,"0.60","-0.03","-0.16"
"17","A","Val","no",NA,NA,NA,"0.33","0.44","0.28"
"18","H","Gir","no",NA,NA,NA,"1.29","-1.21","-0.93"
"19","A","Ray","no",NA,NA,NA,"0.50","0.14","-0.79"
"20","H","Ath","no",NA,NA,NA,"0.54","0.08","-0.71"
"21","A","Atl","no",NA,NA,NA,"0.06","0.90","0.19"
"22","H","Sev","no",NA,NA,NA,"0.34","0.42","0.61"
"23","A","FCB","no",NA,NA,NA,"0.06","0.89","1.50"
"24","H","Bet","no",NA,NA,NA,"0.58","0.00","1.51"
"25","A","Cel","no",NA,NA,NA,"0.64","-0.09","1.41"
"26","H","RSo","no",NA,NA,NA,"1.77","-2.03","-0.62"
"27","A","Osa","no",NA,NA,NA,"0.12","0.79","0.17"
"28","H","Esp","no",NA,NA,NA,"0.94","-0.62","-0.45"
"29","A","Elc","no",NA,NA,NA,"0.11","0.81","0.36"
"30","H","RMa","no",NA,NA,NA,"0.14","0.75","1.11"
"31","H","Ray","no",NA,NA,NA,"0.84","-0.45","0.67"
"32","A","Ala","no",NA,NA,NA,"0.19","0.67","1.33"
"33","H","Val","no",NA,NA,NA,"1.48","-1.54","-0.21"
"34","A","Gir","no",NA,NA,NA,"0.63","-0.09","-0.29"
"35","H","Vil","no",NA,NA,NA,"0.40","0.32","0.03"
"36","A","Get","no",NA,NA,NA,"0.25","0.57","0.60"
"37","A","Lev","no",NA,NA,NA,"0.46","0.22","0.81"
"38","H","Ovi","no",NA,NA,NA,"1.06","-0.81","0.00"
