"","HA","vs","played","Pts","GD","GS","ePts","sched","cumulative"
"1","A","RMa","yes",0,-1,0,"0.03","0.97","0.97"
"2","H","Val","yes",3,1,1,"2.28","-1.00","-0.03"
"3","A","Esp","yes",0,-1,0,"0.37","0.67","0.64"
"4","H","Ray","yes",3,2,2,"1.44","-0.27","0.37"
"5","A","Vil","yes",0,-1,1,"0.19","0.83","1.20"
"6","H","Elc","yes",1,0,1,"1.90","-0.67","0.53"
"7","A","Bet","yes",0,-2,0,"0.54","0.52","1.05"
"8","H","Get","yes",3,1,2,"1.40","-0.23","0.83"
"9","A","Atl","yes",0,-1,0,"0.09","0.92","1.75"
"10","H","Cel","yes",0,-1,2,"1.74","-0.53","1.22"
"11","A","Ovi","no",NA,NA,NA,"1.25","-0.09","1.12"
"12","A","Sev","no",NA,NA,NA,"0.84","0.27","1.39"
"13","H","RSo","no",NA,NA,NA,"2.37","-1.09","0.30"
"14","A","Mal","no",NA,NA,NA,"0.79","0.30","0.60"
"15","H","Lev","no",NA,NA,NA,"1.90","-0.67","-0.07"
"16","A","FCB","no",NA,NA,NA,"0.11","0.90","0.83"
"17","H","Ala","no",NA,NA,NA,"1.99","-0.75","0.09"
"18","H","Ath","no",NA,NA,NA,"1.61","-0.41","-0.33"
"19","A","Gir","no",NA,NA,NA,"1.25","-0.10","-0.43"
"20","H","Ovi","no",NA,NA,NA,"2.16","-0.89","-1.32"
"21","A","Ray","no",NA,NA,NA,"0.60","0.47","-0.85"
"22","H","Vil","no",NA,NA,NA,"1.00","0.12","-0.73"
"23","A","Cel","no",NA,NA,NA,"1.05","0.08","-0.65"
"24","A","Elc","no",NA,NA,NA,"0.35","0.69","0.05"
"25","H","RMa","no",NA,NA,NA,"0.26","0.77","0.81"
"26","A","Val","no",NA,NA,NA,"0.79","0.31","1.12"
"27","H","Mal","no",NA,NA,NA,"2.04","-0.79","0.33"
"28","A","RSo","no",NA,NA,NA,"0.58","0.49","0.82"
"29","H","Gir","no",NA,NA,NA,"2.34","-1.05","-0.24"
"30","A","Ala","no",NA,NA,NA,"0.65","0.43","0.20"
"31","H","Bet","no",NA,NA,NA,"1.44","-0.26","-0.07"
"32","H","Sev","no",NA,NA,NA,"1.42","-0.25","-0.32"
"33","A","Ath","no",NA,NA,NA,"0.53","0.53","0.21"
"34","H","FCB","no",NA,NA,NA,"1.11","0.03","0.24"
"35","A","Lev","no",NA,NA,NA,"1.16","-0.02","0.22"
"36","H","Atl","no",NA,NA,NA,"1.55","-0.36","-0.14"
"37","H","Esp","no",NA,NA,NA,"1.59","-0.39","-0.53"
"38","A","Get","no",NA,NA,NA,"0.53","0.53","-0.00"
