"","HA","vs","played","Pts","GD","GS","ePts","sched","cumulative"
"1","A","Vil","yes",0,-2,0,"0.09","0.89","0.89"
"2","H","RMa","yes",0,-3,0,"0.21","0.75","1.64"
"3","H","RSo","yes",3,1,1,"1.62","-0.87","0.77"
"4","A","Get","yes",0,-2,0,"0.55","0.36","1.14"
"5","A","Elc","yes",0,-1,0,"0.29","0.67","1.80"
"6","H","FCB","yes",0,-2,1,"0.23","0.74","2.54"
"7","A","Val","no",NA,NA,NA,"0.23","0.74","3.28"
"8","H","Lev","no",NA,NA,NA,"1.57","-0.81","2.47"
"9","H","Esp","no",NA,NA,NA,"1.48","-0.70","1.77"
"10","A","Gir","no",NA,NA,NA,"1.79","-1.07","0.70"
"11","H","Osa","no",NA,NA,NA,"1.39","-0.61","0.09"
"12","A","Ath","no",NA,NA,NA,"0.48","0.45","0.54"
"13","H","Ray","no",NA,NA,NA,"1.63","-0.87","-0.34"
"14","A","Atl","no",NA,NA,NA,"0.12","0.86","0.53"
"15","H","Mal","no",NA,NA,NA,"1.88","-1.17","-0.64"
"16","A","Sev","no",NA,NA,NA,"0.81","0.07","-0.57"
"17","H","Cel","no",NA,NA,NA,"1.81","-1.09","-1.66"
"18","A","Ala","no",NA,NA,NA,"0.67","0.23","-1.43"
"19","H","Bet","no",NA,NA,NA,"1.22","-0.41","-1.84"
"20","A","Osa","no",NA,NA,NA,"0.30","0.65","-1.19"
"21","A","FCB","no",NA,NA,NA,"0.06","0.93","-0.25"
"22","H","Gir","no",NA,NA,NA,"2.08","-1.40","-1.65"
"23","A","Ray","no",NA,NA,NA,"1.09","-0.26","-1.91"
"24","H","Ath","no",NA,NA,NA,"0.66","0.24","-1.68"
"25","A","RSo","no",NA,NA,NA,"0.83","0.04","-1.64"
"26","H","Atl","no",NA,NA,NA,"1.14","-0.32","-1.95"
"27","A","Esp","no",NA,NA,NA,"0.29","0.66","-1.29"
"28","H","Val","no",NA,NA,NA,"0.89","-0.02","-1.31"
"29","A","Lev","no",NA,NA,NA,"1.08","-0.25","-1.56"
"30","H","Sev","no",NA,NA,NA,"0.75","0.14","-1.42"
"31","A","Cel","no",NA,NA,NA,"1.23","-0.42","-1.84"
"32","H","Elc","no",NA,NA,NA,"0.74","0.15","-1.69"
"33","H","Vil","no",NA,NA,NA,"0.60","0.31","-1.39"
"34","A","Bet","no",NA,NA,NA,"0.33","0.62","-0.77"
"35","H","Get","no",NA,NA,NA,"0.70","0.19","-0.57"
"36","A","RMa","no",NA,NA,NA,"0.07","0.92","0.35"
"37","H","Ala","no",NA,NA,NA,"1.17","-0.35","-0.01"
"38","A","Mal","no",NA,NA,NA,"0.86","0.01","0.00"
