"","HA","vs","played","Pts","GD","GS","ePts","sched","cumulative"
"1","A","Gir","yes",3,2,3,"1.85","-0.77","-0.77"
"2","A","Ath","yes",0,-1,0,"0.80","0.23","-0.54"
"3","H","FCB","yes",1,0,1,"0.50","0.52","-0.02"
"4","A","Osa","yes",0,-2,0,"0.58","0.45","0.43"
"5","H","Cel","yes",1,0,1,"1.63","-0.55","-0.12"
"6","A","Atl","yes",0,-1,2,"0.27","0.74","0.61"
"7","H","Sev","yes",0,-1,0,"0.40","0.61","1.23"
"8","A","RSo","yes",3,1,1,"1.96","-0.87","0.36"
"9","A","Lev","no",NA,NA,NA,"1.56","-0.49","-0.14"
"10","H","Ala","no",NA,NA,NA,"0.92","0.12","-0.02"
"11","A","Vil","no",NA,NA,NA,"0.20","0.81","0.79"
"12","H","RMa","no",NA,NA,NA,"0.17","0.83","1.62"
"13","A","Ovi","no",NA,NA,NA,"1.90","-0.82","0.80"
"14","H","Val","no",NA,NA,NA,"1.64","-0.57","0.23"
"15","A","Esp","no",NA,NA,NA,"1.15","-0.10","0.14"
"16","H","Bet","no",NA,NA,NA,"0.69","0.34","0.48"
"17","A","Elc","no",NA,NA,NA,"0.53","0.50","0.98"
"18","H","Get","no",NA,NA,NA,"0.78","0.26","1.24"
"19","H","Mal","no",NA,NA,NA,"2.13","-1.04","0.20"
"20","A","Cel","no",NA,NA,NA,"1.85","-0.77","-0.58"
"21","H","Osa","no",NA,NA,NA,"1.42","-0.35","-0.93"
"22","A","RMa","no",NA,NA,NA,"0.12","0.89","-0.04"
"23","H","Ovi","no",NA,NA,NA,"1.21","-0.16","-0.20"
"24","H","Atl","no",NA,NA,NA,"1.28","-0.22","-0.42"
"25","A","Bet","no",NA,NA,NA,"0.71","0.32","-0.10"
"26","H","Ath","no",NA,NA,NA,"0.64","0.39","0.29"
"27","A","Sev","no",NA,NA,NA,"1.02","0.02","0.31"
"28","H","Lev","no",NA,NA,NA,"0.92","0.12","0.43"
"29","A","FCB","no",NA,NA,NA,"0.29","0.72","1.15"
"30","H","Elc","no",NA,NA,NA,"0.71","0.32","1.47"
"31","A","Mal","no",NA,NA,NA,"1.79","-0.71","0.77"
"32","H","RSo","no",NA,NA,NA,"1.92","-0.83","-0.07"
"33","H","Esp","no",NA,NA,NA,"1.09","-0.04","-0.11"
"34","A","Get","no",NA,NA,NA,"1.05","-0.01","-0.11"
"35","H","Gir","no",NA,NA,NA,"1.45","-0.39","-0.50"
"36","A","Val","no",NA,NA,NA,"1.27","-0.22","-0.72"
"37","H","Vil","no",NA,NA,NA,"0.48","0.55","-0.17"
"38","A","Ala","no",NA,NA,NA,"0.87","0.17","0.00"
