"","HA","vs","played","Pts","GD","GS","ePts","sched","cumulative"
"1","H","Osa","yes",3,1,1,"2.80","-0.12","-0.12"
"2","A","Ovi","yes",3,3,3,"2.64","-0.06","-0.18"
"3","H","Mal","yes",3,1,2,"2.89","-0.16","-0.34"
"4","A","RSo","yes",3,1,2,"2.67","-0.07","-0.41"
"5","H","Esp","yes",3,2,2,"2.82","-0.13","-0.54"
"6","A","Lev","yes",3,3,4,"2.76","-0.11","-0.65"
"7","A","Atl","yes",0,-3,2,"1.43","0.43","-0.22"
"8","H","Vil","no",NA,NA,NA,"2.48","0.00","-0.22"
"9","A","Get","no",NA,NA,NA,"2.50","-0.00","-0.22"
"10","H","FCB","no",NA,NA,NA,"1.86","0.25","0.03"
"11","H","Val","no",NA,NA,NA,"2.65","-0.06","-0.03"
"12","A","Ray","no",NA,NA,NA,"2.76","-0.11","-0.14"
"13","A","Elc","no",NA,NA,NA,"2.14","0.14","-0.00"
"14","A","Gir","no",NA,NA,NA,"2.91","-0.17","-0.17"
"15","H","Cel","no",NA,NA,NA,"2.88","-0.15","-0.32"
"16","A","Ala","no",NA,NA,NA,"2.58","-0.04","-0.36"
"17","H","Sev","no",NA,NA,NA,"2.58","-0.04","-0.40"
"18","H","Bet","no",NA,NA,NA,"2.76","-0.11","-0.50"
"19","A","Ath","no",NA,NA,NA,"2.43","0.02","-0.48"
"20","H","Lev","no",NA,NA,NA,"2.83","-0.14","-0.62"
"21","A","Vil","no",NA,NA,NA,"1.23","0.51","-0.11"
"22","H","Ray","no",NA,NA,NA,"2.84","-0.14","-0.25"
"23","A","Val","no",NA,NA,NA,"1.98","0.21","-0.04"
"24","H","RSo","no",NA,NA,NA,"2.84","-0.14","-0.19"
"25","A","Osa","no",NA,NA,NA,"2.17","0.13","-0.06"
"26","H","Get","no",NA,NA,NA,"2.55","-0.02","-0.08"
"27","A","Cel","no",NA,NA,NA,"2.80","-0.12","-0.20"
"28","H","Elc","no",NA,NA,NA,"2.58","-0.03","-0.24"
"29","H","Atl","no",NA,NA,NA,"2.74","-0.10","-0.34"
"30","A","Mal","no",NA,NA,NA,"2.68","-0.08","-0.41"
"31","H","Gir","no",NA,NA,NA,"2.92","-0.17","-0.58"
"32","A","Bet","no",NA,NA,NA,"2.22","0.11","-0.47"
"33","H","Ala","no",NA,NA,NA,"2.75","-0.10","-0.58"
"34","A","Esp","no",NA,NA,NA,"2.15","0.14","-0.44"
"35","A","FCB","no",NA,NA,NA,"0.83","0.67","0.23"
"36","H","Ovi","no",NA,NA,NA,"2.87","-0.15","0.08"
"37","A","Sev","no",NA,NA,NA,"2.66","-0.07","0.01"
"38","H","Ath","no",NA,NA,NA,"2.53","-0.01","-0.00"
