"","HA","vs","played","Pts","GD","GS","ePts","sched","cumulative"
"1","H","RSo","yes",1,0,1,"1.95","-1.20","-1.20"
"2","A","Osa","yes",0,-1,0,"0.46","0.48","-0.72"
"3","H","Get","yes",3,3,3,"0.91","-0.02","-0.74"
"4","A","FCB","yes",0,-6,0,"0.11","0.88","0.14"
"5","H","Ath","yes",3,2,2,"1.06","-0.19","-0.05"
"6","A","Esp","yes",1,0,2,"0.38","0.58","0.52"
"7","H","Ovi","yes",0,-1,1,"1.68","-0.89","-0.37"
"8","A","Gir","yes",0,-1,1,"1.22","-0.38","-0.74"
"9","A","Ala","yes",1,0,0,"0.66","0.26","-0.48"
"10","H","Vil","yes",0,-2,0,"0.57","0.36","-0.12"
"11","A","RMa","no",NA,NA,NA,"0.03","0.96","0.84"
"12","H","Bet","no",NA,NA,NA,"0.91","-0.02","0.82"
"13","H","Lev","no",NA,NA,NA,"1.38","-0.56","0.26"
"14","A","Ray","no",NA,NA,NA,"0.61","0.32","0.58"
"15","H","Sev","no",NA,NA,NA,"0.89","-0.00","0.58"
"16","A","Atl","no",NA,NA,NA,"0.09","0.89","1.47"
"17","H","Mal","no",NA,NA,NA,"1.52","-0.71","0.76"
"18","A","Cel","no",NA,NA,NA,"1.03","-0.16","0.60"
"19","H","Elc","no",NA,NA,NA,"1.36","-0.53","0.07"
"20","A","Get","no",NA,NA,NA,"0.65","0.27","0.33"
"21","H","Esp","no",NA,NA,NA,"1.03","-0.16","0.17"
"22","A","Bet","no",NA,NA,NA,"0.55","0.38","0.56"
"23","H","RMa","no",NA,NA,NA,"0.14","0.84","1.40"
"24","A","Lev","no",NA,NA,NA,"1.18","-0.32","1.08"
"25","A","Vil","no",NA,NA,NA,"0.19","0.79","1.86"
"26","H","Osa","no",NA,NA,NA,"1.82","-1.05","0.81"
"27","H","Ala","no",NA,NA,NA,"1.48","-0.67","0.14"
"28","A","Ovi","no",NA,NA,NA,"1.26","-0.42","-0.28"
"29","A","Sev","no",NA,NA,NA,"0.85","0.05","-0.23"
"30","H","Cel","no",NA,NA,NA,"1.19","-0.34","-0.56"
"31","A","Elc","no",NA,NA,NA,"0.35","0.60","0.04"
"32","H","Gir","no",NA,NA,NA,"1.77","-0.99","-0.95"
"33","A","Mal","no",NA,NA,NA,"0.80","0.10","-0.86"
"34","H","Atl","no",NA,NA,NA,"1.00","-0.13","-0.98"
"35","A","Ath","no",NA,NA,NA,"0.53","0.40","-0.58"
"36","H","Ray","no",NA,NA,NA,"0.91","-0.02","-0.61"
"37","A","RSo","no",NA,NA,NA,"0.58","0.34","-0.27"
"38","H","FCB","no",NA,NA,NA,"0.65","0.27","-0.00"
