"","HA","vs","played","Pts","GD","GS","ePts","sched","cumulative"
"1","H","Ovi","yes",3,2,2,"2.62","-0.24","-0.24"
"2","H","Gir","yes",3,5,5,"2.90","-0.37","-0.61"
"3","A","Cel","yes",1,0,1,"2.47","-0.17","-0.78"
"4","A","Atl","yes",0,-2,0,"0.56","0.74","-0.05"
"5","H","Osa","yes",3,1,2,"2.76","-0.30","-0.35"
"6","A","Sev","yes",3,1,2,"2.15","-0.02","-0.37"
"7","H","Ath","yes",3,1,1,"2.53","-0.20","-0.57"
"8","A","RMa","no",NA,NA,NA,"0.33","0.84","0.27"
"9","H","Bet","no",NA,NA,NA,"2.72","-0.29","-0.02"
"10","A","Val","no",NA,NA,NA,"1.57","0.26","0.24"
"11","H","Ray","no",NA,NA,NA,"2.82","-0.33","-0.09"
"12","A","Esp","no",NA,NA,NA,"1.29","0.39","0.30"
"13","H","Mal","no",NA,NA,NA,"2.87","-0.36","-0.06"
"14","A","RSo","no",NA,NA,NA,"2.14","-0.01","-0.08"
"15","H","Get","no",NA,NA,NA,"2.59","-0.23","-0.30"
"16","A","Lev","no",NA,NA,NA,"2.34","-0.11","-0.41"
"17","H","FCB","no",NA,NA,NA,"1.65","0.22","-0.20"
"18","A","Elc","no",NA,NA,NA,"1.05","0.50","0.31"
"19","H","Ala","no",NA,NA,NA,"2.71","-0.28","0.02"
"20","A","Bet","no",NA,NA,NA,"1.37","0.35","0.37"
"21","H","RMa","no",NA,NA,NA,"1.57","0.26","0.63"
"22","A","Osa","no",NA,NA,NA,"0.97","0.54","1.17"
"23","H","Esp","no",NA,NA,NA,"2.79","-0.32","0.85"
"24","A","Get","no",NA,NA,NA,"1.72","0.18","1.04"
"25","H","Val","no",NA,NA,NA,"2.65","-0.25","0.78"
"26","A","FCB","no",NA,NA,NA,"0.30","0.86","1.64"
"27","H","Elc","no",NA,NA,NA,"2.44","-0.16","1.49"
"28","A","Ala","no",NA,NA,NA,"1.98","0.06","1.55"
"29","H","RSo","no",NA,NA,NA,"2.82","-0.33","1.22"
"30","A","Gir","no",NA,NA,NA,"2.74","-0.30","0.92"
"31","A","Ath","no",NA,NA,NA,"1.73","0.18","1.10"
"32","H","Cel","no",NA,NA,NA,"2.86","-0.35","0.75"
"33","A","Ovi","no",NA,NA,NA,"1.68","0.21","0.96"
"34","H","Lev","no",NA,NA,NA,"2.80","-0.33","0.63"
"35","A","Mal","no",NA,NA,NA,"2.18","-0.03","0.60"
"36","H","Sev","no",NA,NA,NA,"2.53","-0.20","0.40"
"37","A","Ray","no",NA,NA,NA,"2.36","-0.12","0.28"
"38","H","Atl","no",NA,NA,NA,"2.70","-0.28","-0.00"
