"","HA","vs","played","Pts","GD","GS","ePts","sched","cumulative"
"1","H","Udi","yes",1,0,1,"1.88","-0.29","-0.29"
"2","A","Nap","yes",0,-3,0,"0.67","0.54","0.25"
"3","H","Emp","yes",1,0,1,"1.27","0.12","0.37"
"4","A","Com","yes",1,0,2,"1.92","-0.32","0.05"
"5","A","Mon","yes",3,1,2,"2.33","-0.60","-0.55"
"6","H","Ata","yes",1,0,1,"0.67","0.54","-0.01"
"7","H","Par","yes",1,0,0,"1.69","-0.16","-0.17"
"8","A","Gen","yes",1,0,2,"2.15","-0.48","-0.65"
"9","A","Cag","yes",3,2,2,"1.86","-0.28","-0.93"
"10","H","Lec","yes",3,1,1,"2.06","-0.42","-1.35"
"11","A","Rom","yes",3,1,3,"1.51","-0.04","-1.39"
"12","A","Laz","yes",0,-3,0,"0.41","0.72","-0.67"
"13","H","Ven","yes",3,3,3,"2.43","-0.67","-1.34"
"14","A","Juv","yes",1,0,2,"1.14","0.22","-1.13"
"15","H","Fir","no",NA,NA,NA,"0.82","0.44","-0.69"
"16","A","Tor","no",NA,NA,NA,"1.60","-0.10","-0.79"
"17","H","Ver","no",NA,NA,NA,"2.24","-0.54","-1.34"
"18","H","Rom","no",NA,NA,NA,"2.20","-0.52","-1.85"
"19","A","Int","no",NA,NA,NA,"0.64","0.56","-1.29"
"20","H","Mon","no",NA,NA,NA,"1.80","-0.24","-1.53"
"21","A","Emp","no",NA,NA,NA,"1.57","-0.08","-1.61"
"22","H","Com","no",NA,NA,NA,"2.10","-0.45","-2.06"
"23","A","Lec","no",NA,NA,NA,"1.56","-0.07","-2.13"
"24","H","Tor","no",NA,NA,NA,"1.83","-0.26","-2.39"
"25","A","Par","no",NA,NA,NA,"1.64","-0.13","-2.52"
"26","H","Cag","no",NA,NA,NA,"1.93","-0.33","-2.85"
"27","A","Ver","no",NA,NA,NA,"1.86","-0.28","-3.13"
"28","H","Laz","no",NA,NA,NA,"1.08","0.26","-2.87"
"29","A","Ven","no",NA,NA,NA,"2.11","-0.45","-3.32"
"30","H","Nap","no",NA,NA,NA,"0.72","0.51","-2.81"
"31","A","Ata","no",NA,NA,NA,"0.44","0.70","-2.11"
"32","H","Int","no",NA,NA,NA,"0.70","0.52","-1.59"
"33","A","Udi","no",NA,NA,NA,"1.21","0.17","-1.42"
"34","H","Juv","no",NA,NA,NA,"0.93","0.36","-1.06"
"35","A","Mil","no",NA,NA,NA,"0.95","0.35","-0.72"
"36","A","Fir","no",NA,NA,NA,"0.69","0.53","-0.19"
"37","H","Gen","no",NA,NA,NA,"1.39","0.05","-0.14"
"38","H","Mil","no",NA,NA,NA,"1.25","0.14","-0.00"
