"","HA","vs","played","Pts","GD","GS","ePts","sched","cumulative"
"1","H","Rom","yes",1,0,0,"1.84","-1.30","-1.30"
"2","H","Com","yes",1,0,1,"1.55","-0.94","-2.25"
"3","A","Lec","yes",0,-1,0,"0.69","0.13","-2.12"
"4","H","Nap","yes",0,-4,0,"0.30","0.62","-1.49"
"5","H","Emp","yes",0,-2,0,"0.76","0.05","-1.45"
"6","A","Par","yes",3,1,3,"0.93","-0.17","-1.62"
"7","A","Juv","yes",1,0,1,"0.53","0.33","-1.29"
"8","H","Tor","yes",3,1,3,"1.04","-0.30","-1.59"
"9","A","Udi","yes",0,-2,0,"0.49","0.39","-1.20"
"10","H","Bol","yes",0,-2,0,"0.63","0.21","-0.99"
"11","A","Laz","yes",0,-1,1,"0.19","0.76","-0.23"
"12","H","Mil","yes",1,0,3,"0.67","0.16","-0.07"
"13","A","Gen","yes",1,0,2,"1.32","-0.66","-0.73"
"14","H","Ver","yes",3,1,1,"1.44","-0.81","-1.54"
"15","A","Fir","yes",0,-1,0,"0.38","0.52","-1.02"
"16","H","Ata","yes",0,-1,0,"0.28","0.65","-0.36"
"17","A","Ven","yes",0,-1,1,"0.96","-0.20","-0.56"
"18","H","Int","no",NA,NA,NA,"0.23","0.71","0.15"
"19","A","Mon","no",NA,NA,NA,"1.67","-1.10","-0.95"
"20","A","Mil","no",NA,NA,NA,"0.36","0.55","-0.40"
"21","H","Lec","no",NA,NA,NA,"1.40","-0.75","-1.15"
"22","A","Tor","no",NA,NA,NA,"0.82","-0.03","-1.18"
"23","H","Laz","no",NA,NA,NA,"0.58","0.28","-0.90"
"24","H","Par","no",NA,NA,NA,"1.14","-0.43","-1.33"
"25","A","Ata","no",NA,NA,NA,"0.13","0.84","-0.49"
"26","H","Juv","no",NA,NA,NA,"0.49","0.39","-0.10"
"27","A","Bol","no",NA,NA,NA,"0.38","0.53","0.43"
"28","H","Gen","no",NA,NA,NA,"0.82","-0.03","0.40"
"29","A","Rom","no",NA,NA,NA,"0.49","0.38","0.78"
"30","H","Mon","no",NA,NA,NA,"1.39","-0.75","0.04"
"31","A","Emp","no",NA,NA,NA,"0.84","-0.06","-0.02"
"32","A","Int","no",NA,NA,NA,"0.18","0.77","0.75"
"33","H","Fir","no",NA,NA,NA,"0.58","0.27","1.02"
"34","A","Ver","no",NA,NA,NA,"0.98","-0.23","0.79"
"35","H","Udi","no",NA,NA,NA,"0.88","-0.10","0.69"
"36","A","Com","no",NA,NA,NA,"0.90","-0.13","0.56"
"37","H","Ven","no",NA,NA,NA,"1.82","-1.28","-0.72"
"38","A","Nap","no",NA,NA,NA,"0.22","0.72","0.00"
