"","HA","vs","played","Pts","GD","GS","ePts","sched","cumulative"
"1","A","Juv","yes",0,-3,0,"0.56","0.36","0.36"
"2","A","Cag","yes",1,0,1,"1.01","-0.15","0.22"
"3","A","Udi","yes",0,-1,0,"0.55","0.38","0.59"
"4","H","Bol","yes",1,0,2,"0.86","0.02","0.61"
"5","A","Ata","yes",3,1,3,"0.16","0.82","1.43"
"6","H","Ver","yes",3,1,3,"1.51","-0.73","0.70"
"7","A","Nap","yes",0,-2,1,"0.24","0.72","1.42"
"8","H","Par","yes",1,0,1,"1.19","-0.36","1.06"
"9","A","Tor","yes",0,-1,0,"0.76","0.13","1.19"
"10","H","Laz","yes",0,-4,1,"0.75","0.15","1.34"
"11","A","Emp","yes",0,-1,0,"0.89","-0.02","1.33"
"12","A","Gen","yes",1,0,1,"1.30","-0.48","0.84"
"13","H","Fir","yes",0,-2,0,"0.63","0.28","1.12"
"14","H","Mon","yes",1,0,1,"1.47","-0.68","0.44"
"15","A","Ven","yes",1,0,2,"1.20","-0.37","0.08"
"16","H","Rom","yes",3,2,2,"1.93","-1.21","-1.13"
"17","A","Int","no",NA,NA,NA,"0.21","0.76","-0.37"
"18","H","Lec","no",NA,NA,NA,"1.57","-0.79","-1.17"
"19","A","Laz","no",NA,NA,NA,"0.21","0.76","-0.40"
"20","H","Mil","no",NA,NA,NA,"0.89","-0.01","-0.41"
"21","H","Udi","no",NA,NA,NA,"1.31","-0.50","-0.91"
"22","H","Ata","no",NA,NA,NA,"0.35","0.60","-0.31"
"23","A","Bol","no",NA,NA,NA,"0.42","0.53","0.22"
"24","H","Juv","no",NA,NA,NA,"0.59","0.32","0.54"
"25","A","Fir","no",NA,NA,NA,"0.28","0.68","1.22"
"26","H","Nap","no",NA,NA,NA,"0.38","0.57","1.79"
"27","A","Rom","no",NA,NA,NA,"0.65","0.26","2.04"
"28","H","Ven","no",NA,NA,NA,"1.98","-1.27","0.78"
"29","A","Mil","no",NA,NA,NA,"0.41","0.54","1.32"
"30","H","Emp","no",NA,NA,NA,"0.85","0.03","1.35"
"31","A","Mon","no",NA,NA,NA,"1.71","-0.95","0.40"
"32","H","Tor","no",NA,NA,NA,"1.18","-0.35","0.05"
"33","A","Lec","no",NA,NA,NA,"0.61","0.30","0.35"
"34","H","Gen","no",NA,NA,NA,"0.99","-0.13","0.22"
"35","A","Par","no",NA,NA,NA,"0.96","-0.10","0.12"
"36","H","Cag","no",NA,NA,NA,"1.52","-0.74","-0.62"
"37","A","Ver","no",NA,NA,NA,"0.92","-0.05","-0.67"
"38","H","Int","no",NA,NA,NA,"0.29","0.67","-0.00"
