"","HA","vs","played","Pts","GD","GS","ePts","sched","cumulative"
"1","H","Mon","yes",1,0,0,"1.58","-0.15","-0.15"
"2","A","Rom","yes",3,1,2,"1.56","-0.14","-0.29"
"3","A","Bol","yes",1,0,1,"1.38","-0.00","-0.30"
"4","H","Juv","yes",1,0,0,"0.73","0.47","0.17"
"5","A","Cag","yes",3,2,2,"1.93","-0.41","-0.24"
"6","H","Fir","yes",1,0,0,"0.64","0.54","0.30"
"7","A","Laz","yes",0,-1,1,"0.44","0.68","0.98"
"8","H","Nap","yes",0,-1,0,"0.55","0.60","1.57"
"9","A","Par","yes",1,0,1,"1.69","-0.23","1.34"
"10","H","Int","yes",0,-3,0,"0.54","0.61","1.95"
"11","H","Com","yes",3,1,1,"1.89","-0.38","1.57"
"12","A","Lec","yes",1,0,1,"1.62","-0.18","1.38"
"13","H","Udi","yes",1,0,1,"1.51","-0.10","1.29"
"14","A","Mil","yes",0,-3,0,"1.00","0.27","1.56"
"15","A","Ver","yes",3,3,4,"1.93","-0.40","1.16"
"16","H","Tor","no",NA,NA,NA,"1.60","-0.16","0.99"
"17","A","Ata","no",NA,NA,NA,"0.46","0.66","1.65"
"18","H","Gen","no",NA,NA,NA,"1.15","0.16","1.81"
"19","A","Ven","no",NA,NA,NA,"2.15","-0.57","1.25"
"20","H","Lec","no",NA,NA,NA,"1.85","-0.34","0.90"
"21","A","Int","no",NA,NA,NA,"0.69","0.50","1.40"
"22","H","Bol","no",NA,NA,NA,"1.10","0.20","1.60"
"23","A","Juv","no",NA,NA,NA,"1.21","0.12","1.72"
"24","H","Mil","no",NA,NA,NA,"1.02","0.25","1.98"
"25","A","Udi","no",NA,NA,NA,"1.25","0.09","2.06"
"26","H","Ata","no",NA,NA,NA,"0.51","0.63","2.69"
"27","A","Gen","no",NA,NA,NA,"2.21","-0.61","2.08"
"28","H","Rom","no",NA,NA,NA,"2.03","-0.48","1.60"
"29","A","Tor","no",NA,NA,NA,"1.67","-0.22","1.39"
"30","A","Com","no",NA,NA,NA,"1.98","-0.44","0.94"
"31","H","Cag","no",NA,NA,NA,"1.71","-0.24","0.70"
"32","A","Nap","no",NA,NA,NA,"0.72","0.48","1.18"
"33","H","Ven","no",NA,NA,NA,"2.29","-0.67","0.51"
"34","A","Fir","no",NA,NA,NA,"0.74","0.46","0.97"
"35","H","Laz","no",NA,NA,NA,"0.87","0.36","1.33"
"36","H","Par","no",NA,NA,NA,"1.44","-0.05","1.28"
"37","A","Mon","no",NA,NA,NA,"2.45","-0.78","0.50"
"38","H","Ver","no",NA,NA,NA,"2.06","-0.50","-0.00"
