"","HA","vs","played","Pts","GD","GS","ePts","sched","cumulative"
"1","A","Par","yes",1,0,1,"2.14","-0.13","-0.13"
"2","H","Ven","yes",1,0,0,"2.68","-0.41","-0.54"
"3","H","Mon","yes",1,0,2,"2.44","-0.28","-0.82"
"4","A","Ata","yes",0,-1,2,"0.66","0.66","-0.16"
"5","H","Laz","yes",3,1,2,"1.85","0.03","-0.14"
"6","A","Emp","yes",1,0,0,"2.07","-0.09","-0.23"
"7","H","Mil","yes",3,1,2,"2.01","-0.05","-0.28"
"8","A","Lec","yes",3,6,6,"1.74","0.08","-0.20"
"9","H","Rom","yes",3,4,5,"2.66","-0.40","-0.60"
"10","A","Gen","yes",3,1,1,"2.39","-0.26","-0.85"
"11","A","Tor","yes",3,1,1,"1.94","-0.02","-0.87"
"12","H","Ver","yes",3,2,3,"2.46","-0.30","-1.16"
"13","A","Com","yes",3,2,2,"2.09","-0.10","-1.27"
"14","H","Cag","yes",3,1,1,"2.47","-0.30","-1.56"
"15","A","Bol","yes",0,-1,0,"1.39","0.27","-1.30"
"16","H","Udi","no",NA,NA,NA,"2.35","-0.23","-1.53"
"17","A","Juv","no",NA,NA,NA,"1.66","0.13","-1.40"
"18","H","Nap","no",NA,NA,NA,"1.24","0.35","-1.05"
"19","A","Mon","no",NA,NA,NA,"2.60","-0.37","-1.42"
"20","H","Tor","no",NA,NA,NA,"2.26","-0.19","-1.61"
"21","A","Laz","no",NA,NA,NA,"0.83","0.56","-1.04"
"22","H","Gen","no",NA,NA,NA,"2.10","-0.11","-1.15"
"23","A","Int","no",NA,NA,NA,"0.84","0.56","-0.59"
"24","H","Com","no",NA,NA,NA,"2.54","-0.34","-0.93"
"25","A","Ver","no",NA,NA,NA,"2.10","-0.10","-1.03"
"26","H","Lec","no",NA,NA,NA,"2.49","-0.31","-1.34"
"27","A","Nap","no",NA,NA,NA,"0.95","0.50","-0.84"
"28","H","Juv","no",NA,NA,NA,"1.64","0.14","-0.70"
"29","H","Ata","no",NA,NA,NA,"1.16","0.39","-0.31"
"30","A","Mil","no",NA,NA,NA,"1.37","0.28","-0.03"
"31","H","Par","no",NA,NA,NA,"2.26","-0.19","-0.22"
"32","A","Cag","no",NA,NA,NA,"2.18","-0.15","-0.37"
"33","H","Emp","no",NA,NA,NA,"1.97","-0.03","-0.40"
"34","A","Rom","no",NA,NA,NA,"1.80","0.05","-0.35"
"35","A","Ven","no",NA,NA,NA,"2.32","-0.22","-0.57"
"36","H","Bol","no",NA,NA,NA,"1.98","-0.04","-0.61"
"37","A","Udi","no",NA,NA,NA,"1.64","0.14","-0.47"
"38","H","Int","no",NA,NA,NA,"1.01","0.47","0.00"
