"","HA","vs","played","Pts","GD","GS","ePts","sched","cumulative"
"1","A","Gen","yes",1,0,2,"2.58","-0.21","-0.21"
"2","H","Lec","yes",3,2,2,"2.58","-0.21","-0.43"
"3","H","Ata","yes",3,4,4,"1.34","0.37","-0.06"
"4","A","Mon","yes",1,0,1,"2.73","-0.29","-0.35"
"5","H","Mil","yes",0,-1,1,"2.14","-0.01","-0.35"
"6","A","Udi","yes",3,1,3,"2.01","0.06","-0.30"
"7","H","Tor","yes",3,1,3,"2.38","-0.12","-0.42"
"8","A","Rom","yes",3,1,1,"2.14","-0.01","-0.42"
"9","H","Juv","yes",1,0,4,"1.83","0.14","-0.28"
"10","A","Emp","yes",3,3,3,"2.35","-0.11","-0.39"
"11","H","Ven","yes",3,1,1,"2.73","-0.29","-0.68"
"12","H","Nap","yes",1,0,1,"1.43","0.33","-0.35"
"13","A","Ver","yes",3,5,5,"2.37","-0.12","-0.47"
"14","H","Par","yes",3,2,3,"2.38","-0.12","-0.59"
"15","A","Laz","no",NA,NA,NA,"0.88","0.58","-0.01"
"16","H","Com","no",NA,NA,NA,"2.62","-0.23","-0.24"
"17","A","Cag","no",NA,NA,NA,"2.42","-0.14","-0.38"
"18","A","Ven","no",NA,NA,NA,"2.53","-0.19","-0.57"
"19","H","Bol","no",NA,NA,NA,"2.11","0.01","-0.56"
"20","H","Emp","no",NA,NA,NA,"2.11","0.01","-0.55"
"21","A","Lec","no",NA,NA,NA,"2.07","0.02","-0.53"
"22","A","Mil","no",NA,NA,NA,"1.74","0.18","-0.35"
"23","H","Fir","no",NA,NA,NA,"1.86","0.12","-0.22"
"24","A","Juv","no",NA,NA,NA,"2.00","0.06","-0.16"
"25","H","Gen","no",NA,NA,NA,"2.23","-0.05","-0.21"
"26","A","Nap","no",NA,NA,NA,"1.29","0.39","0.18"
"27","H","Mon","no",NA,NA,NA,"2.54","-0.19","-0.01"
"28","A","Ata","no",NA,NA,NA,"0.94","0.56","0.54"
"29","H","Udi","no",NA,NA,NA,"2.46","-0.16","0.39"
"30","A","Par","no",NA,NA,NA,"2.39","-0.13","0.26"
"31","H","Cag","no",NA,NA,NA,"2.55","-0.20","0.06"
"32","A","Bol","no",NA,NA,NA,"1.76","0.17","0.23"
"33","H","Rom","no",NA,NA,NA,"2.72","-0.28","-0.04"
"34","H","Ver","no",NA,NA,NA,"2.55","-0.20","-0.24"
"35","A","Tor","no",NA,NA,NA,"2.24","-0.05","-0.30"
"36","H","Laz","no",NA,NA,NA,"1.99","0.06","-0.23"
"37","A","Com","no",NA,NA,NA,"2.35","-0.11","-0.34"
"38","A","Fir","no",NA,NA,NA,"1.40","0.34","0.00"
