"","HA","vs","played","Pts","GD","GS","ePts","sched","cumulative"
"1","H","Com","yes",3,3,3,"2.14","-0.30","-0.30"
"2","A","Ver","yes",3,3,3,"2.15","-0.30","-0.60"
"3","H","Rom","yes",1,0,0,"2.34","-0.42","-1.03"
"4","A","Emp","yes",1,0,0,"2.12","-0.29","-1.32"
"5","H","Nap","yes",1,0,0,"0.68","0.59","-0.73"
"6","A","Gen","yes",3,3,3,"2.42","-0.47","-1.20"
"7","H","Cag","yes",1,0,1,"2.01","-0.22","-1.42"
"8","H","Laz","yes",3,1,1,"1.18","0.28","-1.13"
"9","A","Int","yes",1,0,4,"0.94","0.43","-0.70"
"10","H","Par","yes",1,0,2,"1.71","-0.04","-0.74"
"11","A","Udi","yes",3,2,2,"1.70","-0.04","-0.78"
"12","H","Tor","yes",3,2,2,"1.71","-0.04","-0.82"
"13","A","Mil","yes",1,0,0,"1.41","0.14","-0.67"
"14","A","Lec","yes",1,0,1,"1.78","-0.08","-0.75"
"15","H","Bol","yes",1,0,2,"1.33","0.19","-0.56"
"16","H","Ven","yes",1,0,2,"2.38","-0.44","-1.00"
"17","A","Mon","no",NA,NA,NA,"2.62","-0.59","-1.60"
"18","H","Fir","no",NA,NA,NA,"1.05","0.36","-1.23"
"19","A","Tor","no",NA,NA,NA,"1.98","-0.20","-1.43"
"20","A","Ata","no",NA,NA,NA,"0.68","0.59","-0.85"
"21","H","Mil","no",NA,NA,NA,"1.36","0.18","-0.67"
"22","A","Nap","no",NA,NA,NA,"0.98","0.40","-0.27"
"23","H","Emp","no",NA,NA,NA,"1.32","0.20","-0.07"
"24","A","Com","no",NA,NA,NA,"2.12","-0.29","-0.36"
"25","H","Int","no",NA,NA,NA,"0.75","0.54","0.18"
"26","A","Cag","no",NA,NA,NA,"2.21","-0.34","-0.16"
"27","H","Ver","no",NA,NA,NA,"2.00","-0.22","-0.37"
"28","H","Ata","no",NA,NA,NA,"0.62","0.62","0.25"
"29","A","Fir","no",NA,NA,NA,"1.08","0.34","0.59"
"30","H","Gen","no",NA,NA,NA,"1.48","0.10","0.70"
"31","A","Rom","no",NA,NA,NA,"1.86","-0.13","0.57"
"32","H","Lec","no",NA,NA,NA,"2.06","-0.25","0.31"
"33","A","Par","no",NA,NA,NA,"2.17","-0.32","-0.00"
"34","H","Mon","no",NA,NA,NA,"1.98","-0.20","-0.20"
"35","A","Bol","no",NA,NA,NA,"1.43","0.13","-0.07"
"36","A","Laz","no",NA,NA,NA,"0.64","0.61","0.54"
"37","H","Udi","no",NA,NA,NA,"1.83","-0.11","0.43"
"38","A","Ven","no",NA,NA,NA,"2.35","-0.43","-0.00"
