"","HA","vs","played","Pts","GD","GS","ePts","sched","cumulative"
"1","H","Ven","yes",3,2,3,"2.76","-0.40","-0.40"
"2","A","Udi","yes",0,-1,1,"1.51","0.23","-0.17"
"3","H","Mil","yes",1,0,2,"2.16","-0.09","-0.26"
"4","H","Ver","yes",3,1,2,"2.64","-0.34","-0.60"
"5","A","Fir","yes",0,-1,1,"1.30","0.34","-0.25"
"6","A","Tor","yes",3,1,3,"1.98","-0.00","-0.26"
"7","H","Emp","yes",3,1,2,"2.25","-0.14","-0.40"
"8","A","Juv","yes",0,-1,0,"1.60","0.19","-0.21"
"9","H","Gen","yes",3,3,3,"2.30","-0.17","-0.37"
"10","A","Com","yes",3,4,5,"2.06","-0.05","-0.42"
"11","H","Cag","yes",3,1,2,"2.69","-0.36","-0.78"
"12","A","Mon","yes",3,1,1,"2.58","-0.31","-1.08"
"13","H","Bol","yes",3,3,3,"2.12","-0.07","-1.16"
"14","A","Par","yes",0,-2,1,"2.10","-0.06","-1.22"
"15","A","Nap","yes",3,1,1,"0.86","0.56","-0.66"
"16","H","Int","yes",0,-6,0,"1.26","0.36","-0.30"
"17","A","Lec","yes",3,1,2,"1.83","0.07","-0.23"
"18","H","Ata","no",NA,NA,NA,"1.43","0.28","0.05"
"19","A","Rom","no",NA,NA,NA,"1.53","0.23","0.28"
"20","H","Com","no",NA,NA,NA,"2.68","-0.36","-0.08"
"21","A","Ver","no",NA,NA,NA,"2.14","-0.08","-0.16"
"22","H","Fir","no",NA,NA,NA,"2.05","-0.04","-0.20"
"23","A","Cag","no",NA,NA,NA,"2.16","-0.09","-0.30"
"24","H","Mon","no",NA,NA,NA,"2.62","-0.33","-0.62"
"25","H","Nap","no",NA,NA,NA,"1.50","0.24","-0.38"
"26","A","Ven","no",NA,NA,NA,"2.12","-0.07","-0.46"
"27","A","Mil","no",NA,NA,NA,"1.24","0.37","-0.09"
"28","H","Udi","no",NA,NA,NA,"2.35","-0.19","-0.28"
"29","A","Bol","no",NA,NA,NA,"1.28","0.35","0.07"
"30","H","Tor","no",NA,NA,NA,"2.45","-0.24","-0.17"
"31","A","Ata","no",NA,NA,NA,"0.52","0.74","0.57"
"32","H","Rom","no",NA,NA,NA,"2.77","-0.40","0.17"
"33","A","Gen","no",NA,NA,NA,"2.39","-0.21","-0.04"
"34","H","Par","no",NA,NA,NA,"2.51","-0.27","-0.32"
"35","A","Emp","no",NA,NA,NA,"2.01","-0.02","-0.33"
"36","H","Juv","no",NA,NA,NA,"1.91","0.03","-0.30"
"37","A","Int","no",NA,NA,NA,"0.73","0.63","0.33"
"38","H","Lec","no",NA,NA,NA,"2.62","-0.33","0.00"
