"","HA","vs","played","Pts","GD","GS","ePts","sched","cumulative"
"1","H","Ata","yes",0,-4,0,"0.46","0.54","0.54"
"2","A","Int","yes",0,-2,0,"0.24","0.76","1.30"
"3","H","Cag","yes",3,1,1,"1.73","-0.73","0.57"
"4","A","Tor","yes",1,0,0,"0.79","0.22","0.79"
"5","H","Par","yes",1,0,2,"1.44","-0.44","0.35"
"6","A","Mil","yes",0,-3,0,"0.38","0.62","0.97"
"7","A","Udi","yes",0,-1,0,"0.60","0.41","1.38"
"8","H","Fir","yes",0,-6,0,"0.65","0.36","1.73"
"9","A","Nap","yes",0,-1,0,"0.26","0.74","2.48"
"10","H","Ver","yes",3,1,1,"2.05","-1.04","1.43"
"11","A","Bol","yes",0,-1,0,"0.60","0.40","1.83"
"12","H","Emp","yes",1,0,1,"1.05","-0.05","1.79"
"13","A","Ven","yes",3,1,1,"1.26","-0.26","1.53"
"14","H","Juv","yes",1,0,1,"0.77","0.24","1.76"
"15","A","Rom","yes",0,-3,1,"0.71","0.29","2.05"
"16","H","Mon","no",NA,NA,NA,"1.59","-0.58","1.47"
"17","H","Laz","no",NA,NA,NA,"0.89","0.11","1.58"
"18","A","Com","no",NA,NA,NA,"1.13","-0.13","1.46"
"19","H","Gen","no",NA,NA,NA,"1.16","-0.15","1.30"
"20","A","Emp","no",NA,NA,NA,"0.93","0.07","1.38"
"21","A","Cag","no",NA,NA,NA,"1.08","-0.08","1.30"
"22","H","Int","no",NA,NA,NA,"0.55","0.45","1.75"
"23","A","Par","no",NA,NA,NA,"0.85","0.15","1.90"
"24","H","Bol","no",NA,NA,NA,"1.10","-0.10","1.80"
"25","A","Mon","no",NA,NA,NA,"1.73","-0.72","1.08"
"26","H","Udi","no",NA,NA,NA,"1.52","-0.52","0.57"
"27","A","Fir","no",NA,NA,NA,"0.28","0.72","1.29"
"28","H","Mil","no",NA,NA,NA,"1.01","-0.01","1.28"
"29","A","Gen","no",NA,NA,NA,"1.39","-0.38","0.90"
"30","H","Rom","no",NA,NA,NA,"2.03","-1.02","-0.11"
"31","H","Ven","no",NA,NA,NA,"2.17","-1.16","-1.28"
"32","A","Juv","no",NA,NA,NA,"0.59","0.41","-0.87"
"33","H","Com","no",NA,NA,NA,"1.91","-0.91","-1.77"
"34","A","Ata","no",NA,NA,NA,"0.16","0.84","-0.94"
"35","H","Nap","no",NA,NA,NA,"0.49","0.52","-0.42"
"36","A","Ver","no",NA,NA,NA,"1.03","-0.02","-0.44"
"37","H","Tor","no",NA,NA,NA,"1.40","-0.40","-0.84"
"38","A","Laz","no",NA,NA,NA,"0.16","0.84","0.00"
