"","HA","vs","played","Pts","GD","GS","ePts","sched","cumulative"
"1","H","Tor","yes",1,0,2,"1.99","-0.23","-0.23"
"2","A","Par","yes",0,-1,1,"1.85","-0.14","-0.37"
"3","A","Laz","yes",1,0,2,"0.42","0.74","0.37"
"4","H","Ven","yes",3,4,4,"2.54","-0.57","-0.21"
"5","A","Int","yes",3,1,2,"0.64","0.60","0.40"
"6","H","Lec","yes",3,3,3,"2.29","-0.42","-0.02"
"7","A","Fir","yes",0,-1,1,"0.76","0.53","0.51"
"8","H","Udi","yes",3,1,1,"2.10","-0.30","0.21"
"9","H","Nap","yes",0,-2,0,"0.92","0.43","0.64"
"10","A","Mon","yes",3,1,1,"2.44","-0.51","0.13"
"11","A","Cag","yes",1,0,3,"1.89","-0.17","-0.04"
"12","H","Juv","yes",1,0,0,"1.31","0.19","0.16"
"13","H","Emp","yes",3,3,3,"1.62","-0.00","0.15"
"14","A","Ata","yes",0,-1,1,"0.45","0.72","0.87"
"15","H","Gen","yes",1,0,0,"1.78","-0.10","0.77"
"16","A","Ver","no",NA,NA,NA,"1.82","-0.12","0.65"
"17","H","Rom","no",NA,NA,NA,"2.52","-0.56","0.09"
"18","H","Cag","no",NA,NA,NA,"2.25","-0.39","-0.30"
"19","A","Com","no",NA,NA,NA,"1.79","-0.11","-0.41"
"20","A","Juv","no",NA,NA,NA,"1.32","0.19","-0.22"
"21","H","Par","no",NA,NA,NA,"1.99","-0.23","-0.46"
"22","H","Int","no",NA,NA,NA,"1.01","0.37","-0.08"
"23","A","Emp","no",NA,NA,NA,"1.79","-0.11","-0.19"
"24","H","Ver","no",NA,NA,NA,"2.24","-0.39","-0.57"
"25","A","Tor","no",NA,NA,NA,"1.62","-0.00","-0.58"
"26","H","Laz","no",NA,NA,NA,"1.48","0.08","-0.49"
"27","A","Lec","no",NA,NA,NA,"1.41","0.13","-0.36"
"28","H","Com","no",NA,NA,NA,"2.36","-0.46","-0.82"
"29","A","Nap","no",NA,NA,NA,"0.68","0.58","-0.24"
"30","H","Fir","no",NA,NA,NA,"1.34","0.17","-0.07"
"31","A","Udi","no",NA,NA,NA,"1.33","0.18","0.11"
"32","H","Ata","no",NA,NA,NA,"0.85","0.47","0.58"
"33","A","Ven","no",NA,NA,NA,"2.07","-0.28","0.30"
"34","A","Gen","no",NA,NA,NA,"2.16","-0.34","-0.04"
"35","H","Bol","no",NA,NA,NA,"1.63","-0.01","-0.05"
"36","A","Rom","no",NA,NA,NA,"1.49","0.08","0.03"
"37","H","Mon","no",NA,NA,NA,"2.22","-0.37","-0.34"
"38","A","Bol","no",NA,NA,NA,"1.06","0.34","-0.00"
