"","HA","vs","played","Pts","GD","GS","ePts","sched","cumulative"
"1","A","Ver","yes",0,-3,0,"2.42","-0.15","-0.15"
"2","H","Bol","yes",3,3,3,"2.09","0.00","-0.15"
"3","H","Par","yes",3,1,2,"2.34","-0.12","-0.27"
"4","A","Cag","yes",3,4,4,"2.42","-0.15","-0.42"
"5","A","Juv","yes",1,0,0,"1.86","0.11","-0.31"
"6","H","Mon","yes",3,2,2,"2.43","-0.16","-0.47"
"7","H","Com","yes",3,2,3,"2.59","-0.23","-0.70"
"8","A","Emp","yes",3,1,1,"2.21","-0.05","-0.76"
"9","H","Lec","yes",3,1,1,"2.57","-0.22","-0.98"
"10","A","Mil","yes",3,2,2,"1.65","0.21","-0.77"
"11","H","Ata","yes",0,-3,0,"1.37","0.35","-0.42"
"12","A","Int","yes",1,0,1,"1.27","0.39","-0.03"
"13","H","Rom","yes",3,1,1,"2.65","-0.26","-0.29"
"14","A","Tor","yes",3,1,1,"2.25","-0.07","-0.37"
"15","H","Laz","yes",0,-1,0,"1.88","0.11","-0.26"
"16","A","Udi","no",NA,NA,NA,"1.90","0.09","-0.17"
"17","A","Gen","no",NA,NA,NA,"2.59","-0.24","-0.40"
"18","H","Ven","no",NA,NA,NA,"2.76","-0.32","-0.72"
"19","A","Fir","no",NA,NA,NA,"1.34","0.36","-0.36"
"20","H","Ver","no",NA,NA,NA,"2.66","-0.27","-0.63"
"21","A","Ata","no",NA,NA,NA,"0.93","0.56","-0.07"
"22","H","Juv","no",NA,NA,NA,"1.71","0.19","0.11"
"23","A","Rom","no",NA,NA,NA,"2.17","-0.03","0.08"
"24","H","Udi","no",NA,NA,NA,"2.38","-0.14","-0.06"
"25","A","Laz","no",NA,NA,NA,"0.90","0.57","0.52"
"26","A","Com","no",NA,NA,NA,"2.45","-0.17","0.35"
"27","H","Int","no",NA,NA,NA,"1.42","0.32","0.67"
"28","H","Fir","no",NA,NA,NA,"1.57","0.25","0.92"
"29","A","Ven","no",NA,NA,NA,"2.56","-0.22","0.70"
"30","H","Mil","no",NA,NA,NA,"2.02","0.03","0.74"
"31","A","Bol","no",NA,NA,NA,"2.02","0.04","0.77"
"32","H","Emp","no",NA,NA,NA,"2.04","0.03","0.80"
"33","A","Mon","no",NA,NA,NA,"2.72","-0.30","0.50"
"34","H","Tor","no",NA,NA,NA,"2.44","-0.16","0.34"
"35","A","Lec","no",NA,NA,NA,"2.21","-0.05","0.29"
"36","H","Gen","no",NA,NA,NA,"2.14","-0.02","0.27"
"37","A","Par","no",NA,NA,NA,"2.26","-0.08","0.19"
"38","H","Cag","no",NA,NA,NA,"2.50","-0.19","-0.00"
