"","HA","vs","played","Pts","GD","GS","ePts","sched","cumulative"
"1","A","Cag","yes",1,0,0,"0.87","0.11","0.11"
"2","H","Emp","yes",0,-1,1,"1.15","-0.19","-0.08"
"3","A","Juv","yes",1,0,0,"0.45","0.53","0.45"
"4","A","Gen","yes",1,0,1,"1.15","-0.18","0.27"
"5","H","Udi","yes",3,3,3,"1.63","-0.68","-0.40"
"6","H","Ven","yes",3,1,2,"2.25","-1.32","-1.72"
"7","A","Mon","yes",1,0,1,"1.48","-0.52","-2.25"
"8","H","Int","yes",0,-1,0,"0.62","0.36","-1.88"
"9","A","Fir","yes",0,-4,1,"0.21","0.78","-1.10"
"10","H","Tor","yes",3,1,1,"1.51","-0.56","-1.65"
"11","A","Ver","yes",0,-1,2,"0.82","0.16","-1.49"
"12","H","Bol","yes",0,-1,2,"1.21","-0.24","-1.74"
"13","A","Nap","yes",0,-1,0,"0.20","0.80","-0.94"
"14","H","Ata","yes",0,-2,0,"0.52","0.46","-0.48"
"15","H","Lec","yes",3,3,4,"1.93","-0.99","-1.46"
"16","A","Com","no",NA,NA,NA,"0.91","0.06","-1.40"
"17","H","Par","no",NA,NA,NA,"1.55","-0.60","-2.00"
"18","A","Mil","no",NA,NA,NA,"0.29","0.71","-1.29"
"19","H","Laz","no",NA,NA,NA,"0.99","-0.02","-1.31"
"20","A","Bol","no",NA,NA,NA,"0.46","0.53","-0.78"
"21","H","Gen","no",NA,NA,NA,"1.27","-0.30","-1.08"
"22","A","Udi","no",NA,NA,NA,"0.46","0.53","-0.56"
"23","H","Nap","no",NA,NA,NA,"0.55","0.44","-0.12"
"24","A","Ven","no",NA,NA,NA,"1.03","-0.06","-0.18"
"25","A","Par","no",NA,NA,NA,"0.67","0.31","0.13"
"26","H","Mon","no",NA,NA,NA,"1.70","-0.75","-0.61"
"27","H","Com","no",NA,NA,NA,"2.01","-1.07","-1.68"
"28","A","Emp","no",NA,NA,NA,"0.74","0.24","-1.44"
"29","H","Cag","no",NA,NA,NA,"1.84","-0.89","-2.33"
"30","A","Lec","no",NA,NA,NA,"0.61","0.37","-1.96"
"31","H","Juv","no",NA,NA,NA,"0.85","0.12","-1.84"
"32","A","Laz","no",NA,NA,NA,"0.12","0.87","-0.96"
"33","H","Ver","no",NA,NA,NA,"2.14","-1.20","-2.17"
"34","A","Int","no",NA,NA,NA,"0.18","0.81","-1.35"
"35","H","Fir","no",NA,NA,NA,"0.72","0.26","-1.10"
"36","A","Ata","no",NA,NA,NA,"0.12","0.87","-0.23"
"37","H","Mil","no",NA,NA,NA,"1.11","-0.14","-0.37"
"38","A","Tor","no",NA,NA,NA,"0.61","0.37","-0.00"
