"","HA","vs","played","Pts","GD","GS","ePts","sched","cumulative"
"1","A","Mil","yes",1,0,2,"0.81","0.26","0.26"
"2","H","Ata","yes",3,1,2,"0.37","0.66","0.92"
"3","A","Ven","yes",3,1,1,"1.52","-0.40","0.52"
"4","H","Lec","yes",1,0,0,"1.75","-0.61","-0.08"
"5","A","Ver","yes",3,1,3,"1.48","-0.36","-0.44"
"6","H","Laz","yes",0,-1,2,"0.68","0.37","-0.07"
"7","A","Int","yes",0,-1,2,"0.36","0.67","0.60"
"8","A","Cag","yes",0,-1,2,"1.54","-0.41","0.19"
"9","H","Com","yes",3,1,1,"1.71","-0.57","-0.39"
"10","A","Rom","yes",0,-1,0,"0.91","0.16","-0.23"
"11","H","Fir","yes",0,-1,0,"0.76","0.31","0.08"
"12","A","Juv","yes",0,-2,0,"0.97","0.11","0.19"
"13","H","Mon","yes",1,0,1,"1.68","-0.55","-0.35"
"14","H","Nap","yes",0,-1,0,"0.39","0.65","0.29"
"15","A","Gen","yes",1,0,0,"1.82","-0.67","-0.38"
"16","A","Emp","yes",3,1,1,"1.50","-0.38","-0.76"
"17","H","Bol","yes",0,-2,0,"0.78","0.28","-0.48"
"18","A","Udi","yes",1,0,2,"0.96","0.12","-0.36"
"19","H","Par","no",NA,NA,NA,"1.29","-0.19","-0.55"
"20","H","Juv","no",NA,NA,NA,"0.62","0.43","-0.11"
"21","A","Fir","no",NA,NA,NA,"0.70","0.36","0.24"
"22","H","Cag","no",NA,NA,NA,"1.73","-0.58","-0.34"
"23","A","Ata","no",NA,NA,NA,"0.24","0.78","0.44"
"24","H","Gen","no",NA,NA,NA,"0.84","0.23","0.66"
"25","A","Bol","no",NA,NA,NA,"0.93","0.15","0.81"
"26","H","Mil","no",NA,NA,NA,"0.81","0.26","1.07"
"27","A","Mon","no",NA,NA,NA,"2.18","-1.00","0.06"
"28","A","Par","no",NA,NA,NA,"1.31","-0.20","-0.14"
"29","H","Emp","no",NA,NA,NA,"0.95","0.13","-0.01"
"30","A","Laz","no",NA,NA,NA,"0.38","0.65","0.65"
"31","H","Ver","no",NA,NA,NA,"1.30","-0.19","0.45"
"32","A","Com","no",NA,NA,NA,"1.26","-0.15","0.30"
"33","H","Udi","no",NA,NA,NA,"1.08","0.00","0.30"
"34","A","Nap","no",NA,NA,NA,"0.42","0.61","0.92"
"35","H","Ven","no",NA,NA,NA,"2.03","-0.86","0.06"
"36","H","Int","no",NA,NA,NA,"0.27","0.75","0.81"
"37","A","Lec","no",NA,NA,NA,"1.19","-0.09","0.72"
"38","H","Rom","no",NA,NA,NA,"1.87","-0.72","0.00"
