"","HA","vs","played","Pts","GD","GS","ePts","sched","cumulative"
"1","A","Bol","yes",1,0,1,"0.77","0.38","0.38"
"2","H","Laz","yes",3,1,2,"1.21","0.03","0.42"
"3","H","Com","yes",3,1,1,"2.21","-0.76","-0.34"
"4","A","Par","yes",3,1,3,"1.04","0.17","-0.17"
"5","A","Rom","yes",0,-3,0,"0.92","0.27","0.09"
"6","H","Int","yes",0,-1,2,"0.80","0.36","0.46"
"7","H","Lec","yes",3,1,1,"2.17","-0.73","-0.28"
"8","A","Mil","yes",0,-1,0,"0.51","0.60","0.32"
"9","H","Cag","yes",3,2,2,"2.05","-0.64","-0.32"
"10","A","Ven","yes",0,-1,2,"1.54","-0.23","-0.54"
"11","H","Juv","yes",0,-2,0,"1.06","0.16","-0.38"
"12","A","Ata","yes",0,-1,1,"0.22","0.83","0.44"
"13","A","Emp","yes",1,0,1,"0.98","0.22","0.67"
"14","H","Gen","yes",0,-2,0,"1.52","-0.21","0.45"
"15","A","Mon","no",NA,NA,NA,"1.83","-0.46","-0.00"
"16","H","Nap","no",NA,NA,NA,"0.82","0.35","0.34"
"17","A","Fir","no",NA,NA,NA,"0.35","0.72","1.06"
"18","H","Tor","no",NA,NA,NA,"1.96","-0.56","0.50"
"19","A","Ver","no",NA,NA,NA,"1.25","0.00","0.50"
"20","H","Ata","no",NA,NA,NA,"0.77","0.39","0.89"
"21","A","Com","no",NA,NA,NA,"1.32","-0.05","0.84"
"22","H","Rom","no",NA,NA,NA,"2.30","-0.83","0.01"
"23","H","Ven","no",NA,NA,NA,"2.51","-1.00","-0.99"
"24","A","Nap","no",NA,NA,NA,"0.34","0.73","-0.26"
"25","H","Emp","no",NA,NA,NA,"1.41","-0.12","-0.38"
"26","A","Lec","no",NA,NA,NA,"0.96","0.23","-0.15"
"27","H","Par","no",NA,NA,NA,"1.82","-0.45","-0.60"
"28","A","Laz","no",NA,NA,NA,"0.20","0.84","0.24"
"29","H","Ver","no",NA,NA,NA,"2.34","-0.86","-0.62"
"30","A","Int","no",NA,NA,NA,"0.33","0.74","0.12"
"31","A","Gen","no",NA,NA,NA,"1.60","-0.27","-0.15"
"32","H","Mil","no",NA,NA,NA,"1.38","-0.10","-0.25"
"33","A","Tor","no",NA,NA,NA,"1.00","0.20","-0.05"
"34","H","Bol","no",NA,NA,NA,"1.46","-0.17","-0.22"
"35","A","Cag","no",NA,NA,NA,"1.26","-0.00","-0.22"
"36","H","Mon","no",NA,NA,NA,"1.92","-0.53","-0.75"
"37","A","Juv","no",NA,NA,NA,"0.63","0.50","-0.26"
"38","H","Fir","no",NA,NA,NA,"0.93","0.26","-0.00"
