"","HA","vs","played","Pts","GD","GS","ePts","sched","cumulative"
"1","H","Nap","yes",3,3,3,"0.38","0.51","0.51"
"2","H","Juv","yes",0,-3,0,"0.51","0.34","0.85"
"3","A","Gen","yes",3,2,2,"1.12","-0.44","0.40"
"4","A","Laz","yes",0,-1,1,"0.12","0.85","1.26"
"5","H","Tor","yes",0,-1,2,"1.25","-0.62","0.63"
"6","A","Com","yes",0,-1,2,"0.87","-0.12","0.51"
"7","H","Ven","yes",3,1,2,"2.00","-1.59","-1.08"
"8","H","Mon","yes",0,-3,0,"1.22","-0.58","-1.65"
"9","A","Ata","yes",0,-5,1,"0.12","0.84","-0.81"
"10","A","Lec","yes",0,-1,0,"0.59","0.23","-0.58"
"11","H","Rom","yes",3,1,3,"1.69","-1.19","-1.76"
"12","A","Fir","yes",0,-2,1,"0.20","0.74","-1.02"
"13","H","Int","yes",0,-5,0,"0.37","0.53","-0.50"
"14","A","Cag","yes",0,-1,0,"0.82","-0.06","-0.56"
"15","H","Emp","yes",0,-3,1,"0.75","0.03","-0.53"
"16","A","Par","no",NA,NA,NA,"0.65","0.16","-0.37"
"17","H","Mil","no",NA,NA,NA,"0.73","0.06","-0.32"
"18","A","Bol","no",NA,NA,NA,"0.46","0.40","0.09"
"19","H","Udi","no",NA,NA,NA,"1.30","-0.69","-0.60"
"20","A","Nap","no",NA,NA,NA,"0.19","0.75","0.15"
"21","H","Laz","no",NA,NA,NA,"0.61","0.21","0.36"
"22","A","Ven","no",NA,NA,NA,"1.06","-0.37","-0.02"
"23","A","Mon","no",NA,NA,NA,"1.35","-0.74","-0.76"
"24","H","Ata","no",NA,NA,NA,"0.35","0.55","-0.21"
"25","A","Mil","no",NA,NA,NA,"0.29","0.62","0.41"
"26","H","Fir","no",NA,NA,NA,"0.44","0.43","0.84"
"27","A","Juv","no",NA,NA,NA,"0.37","0.52","1.36"
"28","H","Bol","no",NA,NA,NA,"0.79","-0.03","1.34"
"29","A","Udi","no",NA,NA,NA,"0.40","0.48","1.82"
"30","H","Par","no",NA,NA,NA,"1.11","-0.43","1.39"
"31","A","Tor","no",NA,NA,NA,"0.62","0.20","1.58"
"32","H","Gen","no",NA,NA,NA,"0.84","-0.09","1.50"
"33","A","Rom","no",NA,NA,NA,"0.56","0.27","1.77"
"34","H","Cag","no",NA,NA,NA,"1.36","-0.77","1.00"
"35","A","Int","no",NA,NA,NA,"0.19","0.76","1.76"
"36","H","Lec","no",NA,NA,NA,"1.52","-0.96","0.80"
"37","H","Com","no",NA,NA,NA,"1.56","-1.02","-0.22"
"38","A","Emp","no",NA,NA,NA,"0.60","0.22","-0.00"
