"","HA","vs","played","Pts","GD","GS","ePts","sched","cumulative"
"1","A","Lut","yes",3,3,4,"2.08","-0.02","-0.02"
"2","H","Car","yes",3,5,5,"2.47","-0.21","-0.23"
"3","A","Sun","yes",0,-1,0,"1.36","0.33","0.10"
"4","H","Bbn","yes",1,0,1,"1.71","0.16","0.27"
"5","A","Lee","yes",3,1,1,"1.06","0.48","0.75"
"6","H","Por","yes",3,1,2,"2.38","-0.17","0.58"
"7","A","Oxf","yes",1,0,0,"2.24","-0.10","0.48"
"8","H","Ply","yes",3,1,1,"2.69","-0.32","0.16"
"9","H","PNE","yes",1,0,0,"2.36","-0.16","0.01"
"10","A","ShW","yes",3,2,2,"2.31","-0.13","-0.12"
"11","A","Hul","yes",1,0,1,"2.50","-0.22","-0.35"
"12","H","QPR","yes",1,0,0,"1.95","0.05","-0.30"
"13","A","Mil","yes",0,-1,0,"2.06","-0.01","-0.31"
"14","A","WBA","yes",1,0,0,"2.05","-0.01","-0.31"
"15","H","Swa","yes",3,1,1,"1.89","0.07","-0.24"
"16","A","Bri","yes",3,1,1,"2.23","-0.09","-0.33"
"17","H","Cov","yes",3,2,2,"2.13","-0.04","-0.37"
"18","A","Sto","yes",3,2,2,"2.48","-0.21","-0.58"
"19","H","Mid","yes",1,0,1,"1.59","0.22","-0.36"
"20","H","Der","yes",1,0,0,"2.20","-0.08","-0.44"
"21","A","Nor","yes",3,1,2,"2.04","0.00","-0.44"
"22","H","Wat","yes",3,1,2,"2.14","-0.05","-0.48"
"23","A","ShU","yes",3,2,2,"1.07","0.48","-0.00"
"24","A","Mid","no",NA,NA,NA,"2.05","-0.01","-0.01"
"25","H","Sto","no",NA,NA,NA,"2.22","-0.09","-0.10"
"26","A","Bbn","no",NA,NA,NA,"1.64","0.20","0.10"
"27","H","Sun","no",NA,NA,NA,"1.46","0.28","0.38"
"28","A","Ply","no",NA,NA,NA,"2.29","-0.12","0.26"
"29","H","Lee","no",NA,NA,NA,"1.50","0.27","0.53"
"30","A","Por","no",NA,NA,NA,"2.40","-0.17","0.36"
"31","H","Oxf","no",NA,NA,NA,"2.59","-0.27","0.09"
"32","H","Hul","no",NA,NA,NA,"2.33","-0.14","-0.05"
"33","A","PNE","no",NA,NA,NA,"2.22","-0.08","-0.13"
"34","H","ShW","no",NA,NA,NA,"1.58","0.23","0.09"
"35","A","Car","no",NA,NA,NA,"2.51","-0.23","-0.13"
"36","H","Lut","no",NA,NA,NA,"2.46","-0.21","-0.34"
"37","H","WBA","no",NA,NA,NA,"1.71","0.16","-0.17"
"38","A","Swa","no",NA,NA,NA,"2.31","-0.13","-0.30"
"39","H","Bri","no",NA,NA,NA,"1.95","0.05","-0.26"
"40","A","Cov","no",NA,NA,NA,"2.33","-0.14","-0.40"
"41","A","Der","no",NA,NA,NA,"2.10","-0.03","-0.43"
"42","H","Nor","no",NA,NA,NA,"2.27","-0.11","-0.54"
"43","A","Wat","no",NA,NA,NA,"1.03","0.50","-0.04"
"44","H","ShU","no",NA,NA,NA,"1.21","0.41","0.37"
"45","A","QPR","no",NA,NA,NA,"2.52","-0.23","0.13"
"46","H","Mil","no",NA,NA,NA,"2.31","-0.13","-0.00"
