"","HA","vs","played","Pts","GD","GS","ePts","sched","cumulative"
"1","H","Bri","yes",1,0,1,"0.73","0.14","0.14"
"2","A","Ply","yes",1,0,1,"0.90","-0.07","0.06"
"3","H","Mil","yes",1,0,0,"1.06","-0.26","-0.20"
"4","A","Lee","yes",0,-2,0,"0.23","0.72","0.52"
"5","H","ShU","yes",0,-2,0,"0.42","0.50","1.02"
"6","A","Sto","yes",3,2,3,"1.08","-0.29","0.73"
"7","H","Car","yes",3,3,4,"1.41","-0.68","0.05"
"8","A","QPR","yes",3,2,3,"1.51","-0.79","-0.74"
"9","A","Nor","yes",0,-4,0,"0.68","0.19","-0.55"
"10","H","Sun","yes",0,-1,0,"0.51","0.40","-0.16"
"11","H","Bur","yes",1,0,1,"0.38","0.55","0.39"
"12","A","Der","yes",1,0,1,"0.91","-0.08","0.31"
"13","H","Por","yes",1,0,1,"1.21","-0.44","-0.13"
"14","A","Oxf","yes",0,-1,0,"0.85","-0.01","-0.14"
"15","H","WBA","yes",0,-1,1,"0.53","0.37","0.23"
"16","A","Lut","yes",0,-1,0,"0.77","0.09","0.32"
"17","H","ShW","yes",0,-2,0,"0.61","0.28","0.60"
"18","A","Mid","yes",0,-2,1,"0.70","0.16","0.76"
"19","H","Bbn","yes",0,-1,0,"0.52","0.38","1.14"
"20","H","Wat","no",NA,NA,NA,"0.85","-0.01","1.13"
"21","A","Cov","no",NA,NA,NA,"1.13","-0.34","0.78"
"22","H","Swa","no",NA,NA,NA,"0.64","0.24","1.02"
"23","A","PNE","no",NA,NA,NA,"0.92","-0.10","0.92"
"24","A","Bbn","no",NA,NA,NA,"0.40","0.52","1.44"
"25","H","Mid","no",NA,NA,NA,"0.50","0.41","1.85"
"26","H","Lee","no",NA,NA,NA,"0.48","0.43","2.28"
"27","A","Mil","no",NA,NA,NA,"0.76","0.09","2.37"
"28","H","QPR","no",NA,NA,NA,"0.64","0.23","2.60"
"29","A","ShU","no",NA,NA,NA,"0.15","0.82","3.42"
"30","H","Sto","no",NA,NA,NA,"0.92","-0.10","3.32"
"31","A","Car","no",NA,NA,NA,"1.07","-0.28","3.04"
"32","A","Bur","no",NA,NA,NA,"0.54","0.36","3.40"
"33","H","Nor","no",NA,NA,NA,"1.12","-0.34","3.06"
"34","A","Sun","no",NA,NA,NA,"0.34","0.59","3.65"
"35","H","Ply","no",NA,NA,NA,"1.85","-1.21","2.45"
"36","A","Bri","no",NA,NA,NA,"0.92","-0.10","2.35"
"37","H","Oxf","no",NA,NA,NA,"1.48","-0.77","1.58"
"38","A","WBA","no",NA,NA,NA,"0.90","-0.08","1.51"
"39","H","Lut","no",NA,NA,NA,"1.31","-0.56","0.95"
"40","A","ShW","no",NA,NA,NA,"1.07","-0.28","0.67"
"41","A","Wat","no",NA,NA,NA,"0.24","0.72","1.39"
"42","H","Cov","no",NA,NA,NA,"0.80","0.04","1.44"
"43","A","Swa","no",NA,NA,NA,"1.00","-0.20","1.24"
"44","H","PNE","no",NA,NA,NA,"1.34","-0.59","0.64"
"45","H","Der","no",NA,NA,NA,"0.97","-0.15","0.49"
"46","A","Por","no",NA,NA,NA,"1.25","-0.49","-0.00"
