"","HA","vs","played","Pts","GD","GS","ePts","sched","cumulative"
"1","H","Bur","yes",0,-3,1,"0.88","0.19","0.19"
"2","A","Por","yes",1,0,0,"0.98","0.11","0.31"
"3","A","PNE","yes",0,-1,0,"0.69","0.38","0.68"
"4","H","QPR","yes",0,-1,1,"1.35","-0.23","0.45"
"5","A","Mil","yes",3,1,1,"0.62","0.44","0.89"
"6","H","ShW","yes",3,1,2,"1.30","-0.18","0.71"
"7","A","Ply","yes",0,-2,1,"0.67","0.39","1.10"
"8","H","Oxf","yes",1,0,2,"2.36","-1.15","-0.05"
"9","A","ShU","yes",0,-2,0,"0.11","0.90","0.85"
"10","H","Wat","yes",3,3,3,"1.70","-0.55","0.31"
"11","H","Sun","yes",0,-1,1,"1.14","-0.04","0.27"
"12","A","Cov","yes",0,-1,2,"0.90","0.18","0.45"
"13","H","WBA","yes",1,0,1,"1.12","-0.02","0.43"
"14","H","Car","yes",3,1,1,"2.17","-0.98","-0.55"
"15","A","Mid","yes",0,-4,1,"0.51","0.54","-0.01"
"16","H","Hul","yes",3,1,1,"1.84","-0.67","-0.69"
"17","A","Lee","yes",0,-3,0,"0.17","0.85","0.16"
"18","A","Nor","yes",0,-2,2,"0.50","0.55","0.71"
"19","H","Swa","yes",1,0,1,"1.32","-0.20","0.50"
"20","H","Sto","yes",3,1,2,"1.68","-0.53","-0.03"
"21","A","Bbn","no",NA,NA,NA,"0.29","0.74","0.71"
"22","H","Der","no",NA,NA,NA,"1.76","-0.60","0.11"
"23","A","Bri","no",NA,NA,NA,"0.71","0.35","0.46"
"24","A","Swa","no",NA,NA,NA,"0.76","0.31","0.77"
"25","H","Nor","no",NA,NA,NA,"1.90","-0.73","0.04"
"26","A","QPR","no",NA,NA,NA,"1.11","-0.01","0.03"
"27","H","PNE","no",NA,NA,NA,"1.92","-0.75","-0.71"
"28","A","Oxf","no",NA,NA,NA,"0.63","0.43","-0.28"
"29","H","Mil","no",NA,NA,NA,"1.85","-0.68","-0.96"
"30","A","ShW","no",NA,NA,NA,"0.82","0.25","-0.71"
"31","H","Ply","no",NA,NA,NA,"2.47","-1.25","-1.96"
"32","A","Sun","no",NA,NA,NA,"0.25","0.77","-1.19"
"33","H","ShU","no",NA,NA,NA,"0.86","0.21","-0.97"
"34","A","Wat","no",NA,NA,NA,"0.18","0.84","-0.13"
"35","H","Por","no",NA,NA,NA,"1.99","-0.81","-0.94"
"36","A","Bur","no",NA,NA,NA,"0.39","0.64","-0.30"
"37","A","Car","no",NA,NA,NA,"0.95","0.13","-0.16"
"38","H","Mid","no",NA,NA,NA,"1.10","-0.00","-0.17"
"39","A","Hul","no",NA,NA,NA,"1.16","-0.06","-0.22"
"40","H","Lee","no",NA,NA,NA,"1.09","0.01","-0.22"
"41","A","Sto","no",NA,NA,NA,"0.82","0.25","0.04"
"42","H","Bbn","no",NA,NA,NA,"1.16","-0.05","-0.02"
"43","A","Der","no",NA,NA,NA,"0.69","0.38","0.36"
"44","H","Bri","no",NA,NA,NA,"1.46","-0.33","0.03"
"45","H","Cov","no",NA,NA,NA,"1.65","-0.51","-0.47"
"46","A","WBA","no",NA,NA,NA,"0.58","0.47","0.00"
