"","HA","vs","played","Pts","GD","GS","ePts","sched","cumulative"
"1","H","Swa","yes",3,1,1,"1.52","0.08","0.08"
"2","A","Der","yes",0,-1,0,"1.76","-0.07","0.00"
"3","H","Por","yes",1,0,2,"2.12","-0.29","-0.28"
"4","A","Car","yes",3,2,2,"1.96","-0.19","-0.47"
"5","H","PNE","yes",1,0,1,"2.19","-0.33","-0.80"
"6","A","Sun","yes",0,-1,0,"0.86","0.48","-0.32"
"7","H","Sto","yes",3,2,2,"1.64","0.01","-0.32"
"8","A","WBA","yes",3,1,1,"1.78","-0.08","-0.40"
"9","A","Wat","yes",0,-1,1,"0.67","0.60","0.20"
"10","H","Bri","yes",0,-2,0,"1.41","0.14","0.34"
"11","H","ShU","yes",3,1,1,"1.00","0.39","0.73"
"12","A","Nor","yes",1,0,3,"1.47","0.10","0.83"
"13","H","Cov","yes",0,-3,0,"1.89","-0.15","0.68"
"14","A","QPR","yes",3,3,4,"2.47","-0.50","0.19"
"15","H","Lut","yes",3,4,5,"2.17","-0.32","-0.13"
"16","A","Oxf","yes",3,4,6,"1.70","-0.03","-0.17"
"17","H","Bbn","yes",0,-1,0,"1.43","0.13","-0.04"
"18","H","Hul","yes",3,2,3,"1.95","-0.18","-0.22"
"19","A","Bur","no",NA,NA,NA,"1.15","0.30","0.08"
"20","A","Lee","no",NA,NA,NA,"0.81","0.51","0.59"
"21","H","Mil","no",NA,NA,NA,"1.93","-0.17","0.42"
"22","A","Ply","no",NA,NA,NA,"1.66","-0.01","0.41"
"23","H","ShW","no",NA,NA,NA,"1.35","0.18","0.59"
"24","H","Bur","no",NA,NA,NA,"0.94","0.43","1.02"
"25","A","Hul","no",NA,NA,NA,"2.22","-0.35","0.67"
"26","H","Car","no",NA,NA,NA,"2.21","-0.35","0.32"
"27","A","Por","no",NA,NA,NA,"2.30","-0.40","-0.07"
"28","H","WBA","no",NA,NA,NA,"1.26","0.23","0.16"
"29","A","PNE","no",NA,NA,NA,"1.82","-0.10","0.06"
"30","H","Sun","no",NA,NA,NA,"1.22","0.26","0.32"
"31","A","Sto","no",NA,NA,NA,"1.95","-0.18","0.13"
"32","A","ShU","no",NA,NA,NA,"0.43","0.74","0.88"
"33","H","Wat","no",NA,NA,NA,"1.67","-0.02","0.86"
"34","A","Bri","no",NA,NA,NA,"1.80","-0.09","0.77"
"35","H","Der","no",NA,NA,NA,"1.83","-0.11","0.66"
"36","A","Swa","no",NA,NA,NA,"1.87","-0.13","0.52"
"37","H","QPR","no",NA,NA,NA,"1.45","0.12","0.64"
"38","A","Lut","no",NA,NA,NA,"1.72","-0.05","0.60"
"39","H","Oxf","no",NA,NA,NA,"2.32","-0.41","0.18"
"40","A","Bbn","no",NA,NA,NA,"1.04","0.37","0.56"
"41","H","Lee","no",NA,NA,NA,"1.15","0.30","0.86"
"42","A","Mil","no",NA,NA,NA,"1.44","0.12","0.98"
"43","H","Ply","no",NA,NA,NA,"2.52","-0.53","0.45"
"44","A","ShW","no",NA,NA,NA,"1.80","-0.09","0.36"
"45","H","Nor","no",NA,NA,NA,"1.83","-0.11","0.25"
"46","A","Cov","no",NA,NA,NA,"2.05","-0.25","-0.00"
