"","HA","vs","played","Pts","GD","GS","ePts","sched","cumulative"
"1","A","Oxf","yes",0,-2,0,"0.94","0.30","0.30"
"2","H","Bbn","yes",1,0,2,"1.52","-0.14","0.16"
"3","H","ShU","yes",1,0,1,"1.07","0.20","0.36"
"4","A","Cov","yes",3,1,1,"1.30","0.03","0.38"
"5","A","Swa","yes",0,-1,0,"1.10","0.18","0.57"
"6","H","Wat","yes",3,3,4,"1.76","-0.31","0.25"
"7","A","Der","yes",3,1,3,"1.00","0.25","0.50"
"8","H","Lee","yes",1,0,1,"1.22","0.09","0.59"
"9","H","Hul","yes",3,4,4,"2.02","-0.51","0.08"
"10","A","Sto","yes",1,0,1,"1.19","0.11","0.20"
"11","A","PNE","yes",1,0,2,"1.04","0.22","0.42"
"12","H","Mid","yes",1,0,3,"1.22","0.09","0.51"
"13","A","Car","yes",0,-1,1,"1.19","0.11","0.62"
"14","A","ShW","yes",0,-2,0,"1.11","0.17","0.79"
"15","H","Bri","yes",0,-2,0,"1.50","-0.12","0.67"
"16","A","WBA","yes",1,0,2,"1.01","0.24","0.91"
"17","H","Ply","yes",3,5,6,"2.57","-0.92","-0.01"
"18","H","Lut","yes",3,2,4,"2.23","-0.67","-0.68"
"19","A","QPR","no",NA,NA,NA,"1.88","-0.41","-1.08"
"20","A","Por","no",NA,NA,NA,"1.61","-0.20","-1.29"
"21","H","Bur","no",NA,NA,NA,"1.01","0.24","-1.05"
"22","A","Sun","no",NA,NA,NA,"0.33","0.75","-0.30"
"23","H","Mil","no",NA,NA,NA,"2.00","-0.49","-0.79"
"24","H","QPR","no",NA,NA,NA,"1.55","-0.16","-0.95"
"25","A","Lut","no",NA,NA,NA,"0.95","0.29","-0.66"
"26","H","Cov","no",NA,NA,NA,"1.96","-0.47","-1.12"
"27","A","ShU","no",NA,NA,NA,"0.17","0.87","-0.25"
"28","A","Lee","no",NA,NA,NA,"0.32","0.76","0.51"
"29","H","Swa","no",NA,NA,NA,"1.62","-0.21","0.30"
"30","A","Wat","no",NA,NA,NA,"0.28","0.79","1.09"
"31","H","Der","no",NA,NA,NA,"1.94","-0.45","0.64"
"32","H","PNE","no",NA,NA,NA,"2.23","-0.66","-0.02"
"33","A","Hul","no",NA,NA,NA,"1.51","-0.13","-0.15"
"34","H","Sto","no",NA,NA,NA,"1.77","-0.32","-0.47"
"35","A","Bbn","no",NA,NA,NA,"0.47","0.65","0.18"
"36","H","Oxf","no",NA,NA,NA,"2.38","-0.77","-0.60"
"37","H","ShW","no",NA,NA,NA,"1.45","-0.08","-0.68"
"38","A","Bri","no",NA,NA,NA,"1.03","0.23","-0.45"
"39","H","WBA","no",NA,NA,NA,"1.35","-0.01","-0.45"
"40","A","Ply","no",NA,NA,NA,"0.90","0.33","-0.12"
"41","H","Sun","no",NA,NA,NA,"1.29","0.03","-0.09"
"42","A","Bur","no",NA,NA,NA,"0.57","0.57","0.48"
"43","H","Por","no",NA,NA,NA,"2.18","-0.63","-0.15"
"44","A","Mil","no",NA,NA,NA,"0.72","0.46","0.31"
"45","A","Mid","no",NA,NA,NA,"0.81","0.39","0.71"
"46","H","Car","no",NA,NA,NA,"2.28","-0.71","0.00"
