"","HA","vs","played","Pts","GD","GS","ePts","sched","cumulative"
"1","H","WBA","yes",0,-2,1,"0.67","0.36","0.36"
"2","A","ShU","yes",1,0,2,"0.44","0.59","0.95"
"3","H","Ply","yes",1,0,1,"2.11","-1.00","-0.05"
"4","A","Lut","yes",3,1,2,"1.04","0.02","-0.03"
"5","A","ShW","yes",1,0,1,"1.33","-0.25","-0.28"
"6","H","Mil","yes",1,0,1,"1.29","-0.22","-0.50"
"7","A","Bbn","yes",0,-2,0,"0.81","0.24","-0.26"
"8","H","Hul","yes",0,-2,1,"1.12","-0.06","-0.32"
"9","A","Der","yes",0,-2,0,"1.11","-0.05","-0.38"
"10","H","Por","yes",0,-1,1,"1.49","-0.41","-0.78"
"11","H","Cov","yes",1,0,1,"1.07","-0.01","-0.80"
"12","A","Bur","yes",1,0,0,"0.75","0.29","-0.50"
"13","H","Sun","yes",1,0,0,"0.64","0.39","-0.11"
"14","H","Mid","yes",0,-3,1,"0.62","0.41","0.30"
"15","A","Lee","yes",0,-2,0,"0.34","0.68","0.98"
"16","H","Sto","yes",1,0,1,"1.18","-0.12","0.86"
"17","A","Car","yes",3,2,2,"1.64","-0.55","0.31"
"18","A","Wat","yes",1,0,0,"0.51","0.52","0.83"
"19","H","Nor","yes",3,3,3,"1.24","-0.18","0.65"
"20","H","Oxf","yes",3,2,2,"1.84","-0.74","-0.09"
"21","A","Bri","yes",1,0,1,"1.13","-0.07","-0.16"
"22","H","PNE","yes",3,1,2,"1.37","-0.29","-0.45"
"23","A","Swa","yes",0,-3,0,"1.25","-0.18","-0.64"
"24","A","Nor","yes",1,0,1,"1.03","0.02","-0.61"
"25","H","Wat","no",NA,NA,NA,"1.10","-0.04","-0.65"
"26","H","Lut","no",NA,NA,NA,"1.67","-0.58","-1.23"
"27","A","Ply","no",NA,NA,NA,"1.32","-0.25","-1.48"
"28","A","Hul","no",NA,NA,NA,"1.62","-0.54","-2.01"
"29","H","ShW","no",NA,NA,NA,"0.68","0.36","-1.66"
"30","A","Mil","no",NA,NA,NA,"1.04","0.02","-1.64"
"31","H","Bbn","no",NA,NA,NA,"0.72","0.32","-1.32"
"32","A","Cov","no",NA,NA,NA,"1.40","-0.33","-1.64"
"33","H","Der","no",NA,NA,NA,"1.18","-0.12","-1.76"
"34","A","Por","no",NA,NA,NA,"1.50","-0.42","-2.19"
"35","H","ShU","no",NA,NA,NA,"0.41","0.61","-1.57"
"36","A","WBA","no",NA,NA,NA,"0.98","0.07","-1.50"
"37","A","Mid","no",NA,NA,NA,"0.99","0.06","-1.45"
"38","H","Lee","no",NA,NA,NA,"0.48","0.55","-0.90"
"39","A","Sto","no",NA,NA,NA,"1.41","-0.34","-1.24"
"40","H","Car","no",NA,NA,NA,"1.30","-0.23","-1.47"
"41","A","Oxf","no",NA,NA,NA,"1.17","-0.11","-1.57"
"42","H","Bri","no",NA,NA,NA,"0.88","0.17","-1.41"
"43","A","PNE","no",NA,NA,NA,"1.06","-0.01","-1.42"
"44","H","Swa","no",NA,NA,NA,"0.84","0.20","-1.21"
"45","H","Bur","no",NA,NA,NA,"0.33","0.68","-0.53"
"46","A","Sun","no",NA,NA,NA,"0.49","0.53","0.00"
