"","HA","vs","played","Pts","GD","GS","ePts","sched","cumulative"
"1","H","Cov","yes",3,1,1,"1.17","-0.21","-0.21"
"2","A","Wat","yes",0,-3,0,"0.22","0.77","0.56"
"3","H","WBA","yes",0,-1,1,"0.75","0.22","0.78"
"4","A","Ply","yes",3,1,1,"0.99","-0.03","0.75"
"5","A","Oxf","yes",0,-1,0,"0.92","0.04","0.79"
"6","H","Hul","yes",0,-2,1,"1.44","-0.50","0.29"
"7","A","Mid","yes",0,-2,0,"0.73","0.24","0.53"
"8","H","Por","yes",3,5,6,"1.52","-0.59","-0.06"
"9","A","Swa","yes",1,0,0,"1.01","-0.05","-0.11"
"10","H","Nor","yes",1,0,1,"1.36","-0.41","-0.53"
"11","H","Bri","yes",1,0,2,"0.97","-0.01","-0.53"
"12","A","ShU","yes",0,-2,0,"0.23","0.76","0.23"
"13","H","Der","yes",3,1,2,"1.26","-0.31","-0.08"
"14","A","Bbn","yes",3,2,2,"0.45","0.53","0.45"
"15","H","Mil","yes",1,0,1,"1.42","-0.48","-0.03"
"16","A","QPR","yes",1,0,1,"1.37","-0.42","-0.45"
"17","H","PNE","yes",1,0,0,"1.49","-0.55","-1.01"
"18","H","Bur","yes",0,-2,0,"0.34","0.65","-0.35"
"19","A","Sun","yes",0,-1,1,"0.33","0.66","0.30"
"20","A","Lut","yes",0,-1,1,"0.75","0.22","0.52"
"21","H","Car","yes",1,0,2,"1.68","-0.75","-0.23"
"22","A","ShW","yes",0,-2,0,"1.01","-0.05","-0.28"
"23","H","Lee","yes",0,-2,0,"0.60","0.37","0.09"
"24","H","Sun","no",NA,NA,NA,"0.58","0.39","0.48"
"25","A","Bur","no",NA,NA,NA,"0.52","0.46","0.94"
"26","H","Ply","no",NA,NA,NA,"2.13","-1.22","-0.27"
"27","A","WBA","no",NA,NA,NA,"0.73","0.24","-0.03"
"28","A","Por","no",NA,NA,NA,"1.14","-0.19","-0.22"
"29","H","Oxf","no",NA,NA,NA,"1.90","-0.97","-1.19"
"30","A","Hul","no",NA,NA,NA,"1.32","-0.38","-1.57"
"31","H","Mid","no",NA,NA,NA,"0.67","0.31","-1.26"
"32","A","Bri","no",NA,NA,NA,"0.91","0.06","-1.20"
"33","H","Swa","no",NA,NA,NA,"0.91","0.05","-1.15"
"34","A","Nor","no",NA,NA,NA,"0.71","0.26","-0.89"
"35","H","Wat","no",NA,NA,NA,"1.18","-0.23","-1.12"
"36","A","Cov","no",NA,NA,NA,"1.04","-0.09","-1.21"
"37","H","Bbn","no",NA,NA,NA,"0.76","0.21","-1.00"
"38","A","Mil","no",NA,NA,NA,"0.73","0.24","-0.76"
"39","H","QPR","no",NA,NA,NA,"0.97","-0.01","-0.76"
"40","A","PNE","no",NA,NA,NA,"0.89","0.07","-0.69"
"41","H","Lut","no",NA,NA,NA,"1.66","-0.73","-1.42"
"42","A","Car","no",NA,NA,NA,"1.34","-0.40","-1.82"
"43","H","ShW","no",NA,NA,NA,"0.66","0.32","-1.50"
"44","A","Lee","no",NA,NA,NA,"0.23","0.76","-0.74"
"45","H","ShU","no",NA,NA,NA,"0.44","0.54","-0.20"
"46","A","Der","no",NA,NA,NA,"0.77","0.20","-0.00"
