"","HA","vs","played","Pts","GD","GS","ePts","sched","cumulative"
"1","A","Car","yes",3,2,2,"1.99","-0.05","-0.05"
"2","H","ShW","yes",3,4,4,"2.05","-0.09","-0.14"
"3","H","Bur","yes",3,1,1,"1.64","0.13","-0.02"
"4","A","Por","yes",3,2,3,"2.01","-0.07","-0.08"
"5","A","Ply","yes",0,-1,2,"1.66","0.12","0.04"
"6","H","Mid","yes",3,1,1,"1.87","0.01","0.04"
"7","A","Wat","yes",0,-1,1,"0.60","0.68","0.72"
"8","H","Der","yes",3,2,2,"2.38","-0.26","0.46"
"9","H","Lee","yes",1,0,2,"1.86","0.01","0.47"
"10","A","Hul","yes",3,1,1,"2.18","-0.15","0.32"
"11","A","Lut","yes",3,1,2,"1.52","0.19","0.51"
"12","H","Oxf","yes",3,2,2,"2.72","-0.44","0.07"
"13","A","QPR","yes",1,0,0,"2.13","-0.13","-0.06"
"14","A","PNE","yes",1,0,0,"1.68","0.11","0.05"
"15","H","Cov","yes",1,0,2,"2.32","-0.23","-0.18"
"16","A","Mil","yes",1,0,1,"1.58","0.16","-0.02"
"17","H","WBA","yes",1,0,0,"1.90","-0.01","-0.03"
"18","A","ShU","yes",0,-1,0,"0.38","0.80","0.77"
"19","H","Sto","yes",3,1,2,"2.34","-0.24","0.53"
"20","H","Bri","yes",1,0,1,"2.18","-0.15","0.38"
"21","A","Swa","no",NA,NA,NA,"1.77","0.06","0.44"
"22","H","Nor","no",NA,NA,NA,"2.47","-0.31","0.13"
"23","A","Bbn","no",NA,NA,NA,"0.92","0.51","0.64"
"24","A","Sto","no",NA,NA,NA,"1.85","0.02","0.66"
"25","H","ShU","no",NA,NA,NA,"1.62","0.14","0.80"
"26","H","Por","no",NA,NA,NA,"2.52","-0.34","0.46"
"27","A","Bur","no",NA,NA,NA,"1.17","0.38","0.84"
"28","A","Der","no",NA,NA,NA,"1.68","0.11","0.95"
"29","H","Ply","no",NA,NA,NA,"2.77","-0.47","0.48"
"30","A","Mid","no",NA,NA,NA,"1.40","0.26","0.74"
"31","H","Wat","no",NA,NA,NA,"2.35","-0.24","0.49"
"32","H","Lut","no",NA,NA,NA,"2.57","-0.36","0.13"
"33","A","Lee","no",NA,NA,NA,"0.57","0.70","0.82"
"34","H","Hul","no",NA,NA,NA,"2.43","-0.29","0.53"
"35","A","ShW","no",NA,NA,NA,"1.85","0.02","0.55"
"36","H","Car","no",NA,NA,NA,"2.62","-0.39","0.16"
"37","H","PNE","no",NA,NA,NA,"2.48","-0.32","-0.15"
"38","A","Cov","no",NA,NA,NA,"1.94","-0.03","-0.18"
"39","H","Mil","no",NA,NA,NA,"2.44","-0.29","-0.47"
"40","A","WBA","no",NA,NA,NA,"1.52","0.19","-0.28"
"41","A","Nor","no",NA,NA,NA,"1.38","0.27","-0.02"
"42","H","Swa","no",NA,NA,NA,"2.07","-0.10","-0.11"
"43","A","Bri","no",NA,NA,NA,"1.71","0.09","-0.02"
"44","H","Bbn","no",NA,NA,NA,"1.93","-0.02","-0.04"
"45","A","Oxf","no",NA,NA,NA,"1.60","0.15","0.11"
"46","H","QPR","no",NA,NA,NA,"2.09","-0.11","0.00"
