"","HA","vs","played","Pts","GD","GS","ePts","sched","cumulative"
"1","A","Mid","yes",0,-1,0,"1.05","0.15","0.15"
"2","H","PNE","yes",3,3,3,"1.81","-0.47","-0.32"
"3","H","Car","yes",1,0,1,"1.92","-0.55","-0.87"
"4","A","WBA","yes",0,-1,0,"1.32","-0.07","-0.94"
"5","H","Nor","yes",3,1,1,"1.61","-0.30","-1.25"
"6","A","Cov","yes",3,1,2,"1.57","-0.27","-1.52"
"7","H","Bri","yes",1,0,1,"1.20","0.03","-1.49"
"8","A","ShU","yes",0,-1,0,"0.24","0.80","-0.68"
"9","H","Sto","yes",1,0,0,"1.27","-0.03","-0.71"
"10","A","Bbn","yes",0,-1,0,"0.64","0.48","-0.23"
"11","A","ShW","yes",1,0,0,"1.42","-0.15","-0.39"
"12","H","Mil","yes",0,-1,0,"1.56","-0.26","-0.65"
"13","A","Oxf","yes",3,1,2,"1.23","0.00","-0.65"
"14","H","Wat","yes",3,1,1,"1.32","-0.07","-0.71"
"15","A","Bur","yes",0,-1,0,"0.75","0.39","-0.32"
"16","H","Lee","yes",0,-1,3,"0.82","0.34","0.02"
"17","A","Der","yes",3,1,2,"1.32","-0.07","-0.05"
"18","H","Por","yes",1,0,2,"1.69","-0.37","-0.42"
"19","A","Lut","yes",1,0,1,"1.26","-0.02","-0.45"
"20","A","Ply","no",NA,NA,NA,"1.14","0.07","-0.37"
"21","H","Sun","no",NA,NA,NA,"0.84","0.32","-0.05"
"22","A","Hul","no",NA,NA,NA,"1.87","-0.52","-0.57"
"23","H","QPR","no",NA,NA,NA,"1.06","0.14","-0.43"
"24","H","Lut","no",NA,NA,NA,"1.81","-0.47","-0.89"
"25","A","Por","no",NA,NA,NA,"1.63","-0.32","-1.21"
"26","H","WBA","no",NA,NA,NA,"0.88","0.29","-0.93"
"27","A","Car","no",NA,NA,NA,"1.49","-0.20","-1.13"
"28","H","ShU","no",NA,NA,NA,"0.67","0.46","-0.67"
"29","A","Nor","no",NA,NA,NA,"1.02","0.17","-0.50"
"30","H","Cov","no",NA,NA,NA,"1.25","-0.01","-0.51"
"31","A","Bri","no",NA,NA,NA,"1.32","-0.07","-0.57"
"32","H","ShW","no",NA,NA,NA,"0.99","0.19","-0.38"
"33","A","Sto","no",NA,NA,NA,"1.48","-0.20","-0.58"
"34","H","Bbn","no",NA,NA,NA,"0.96","0.22","-0.35"
"35","A","PNE","no",NA,NA,NA,"1.32","-0.07","-0.42"
"36","H","Mid","no",NA,NA,NA,"0.78","0.37","-0.06"
"37","A","Wat","no",NA,NA,NA,"0.38","0.69","0.63"
"38","H","Bur","no",NA,NA,NA,"0.65","0.47","1.11"
"39","A","Lee","no",NA,NA,NA,"0.43","0.65","1.76"
"40","H","Der","no",NA,NA,NA,"1.50","-0.22","1.54"
"41","H","Ply","no",NA,NA,NA,"2.28","-0.84","0.70"
"42","A","Sun","no",NA,NA,NA,"0.46","0.63","1.33"
"43","H","Hul","no",NA,NA,NA,"1.57","-0.27","1.06"
"44","A","QPR","no",NA,NA,NA,"1.90","-0.54","0.52"
"45","A","Mil","no",NA,NA,NA,"1.13","0.09","0.60"
"46","H","Oxf","no",NA,NA,NA,"1.98","-0.60","-0.00"
