"","HA","vs","played","Pts","GD","GS","ePts","sched","cumulative"
"1","A","Mil","yes",3,1,3,"0.99","0.44","0.44"
"2","H","Sto","yes",3,3,3,"2.54","-0.44","-0.01"
"3","H","Der","yes",3,1,2,"2.57","-0.46","-0.47"
"4","A","ShU","yes",0,-1,0,"0.21","0.88","0.42"
"5","H","Cov","yes",1,0,1,"2.47","-0.40","0.01"
"6","A","Nor","yes",0,-3,1,"0.89","0.49","0.51"
"7","H","Sun","yes",3,1,2,"2.19","-0.25","0.26"
"8","A","PNE","yes",0,-3,0,"1.17","0.33","0.59"
"9","H","Mid","yes",3,1,2,"2.18","-0.24","0.35"
"10","A","Lut","yes",0,-3,0,"0.99","0.43","0.79"
"11","A","Lee","yes",0,-1,1,"0.32","0.82","1.61"
"12","H","Bbn","yes",3,1,1,"2.21","-0.26","1.35"
"13","A","ShW","yes",3,4,6,"1.34","0.24","1.59"
"14","A","Swa","yes",0,-1,0,"1.26","0.28","1.87"
"15","H","Oxf","yes",3,1,1,"2.76","-0.57","1.30"
"16","A","Ply","yes",1,0,2,"1.15","0.35","1.65"
"17","H","Bri","yes",3,1,1,"2.42","-0.37","1.28"
"18","H","QPR","yes",1,0,0,"2.35","-0.33","0.94"
"19","A","Hul","no",NA,NA,NA,"1.72","0.02","0.96"
"20","H","WBA","no",NA,NA,NA,"2.22","-0.26","0.70"
"21","A","Bur","no",NA,NA,NA,"0.72","0.59","1.29"
"22","H","Por","no",NA,NA,NA,"2.67","-0.52","0.78"
"23","H","Car","no",NA,NA,NA,"2.74","-0.55","0.22"
"24","A","QPR","no",NA,NA,NA,"1.78","-0.01","0.21"
"25","H","ShU","no",NA,NA,NA,"2.07","-0.17","0.04"
"26","A","Der","no",NA,NA,NA,"1.16","0.34","0.38"
"27","H","PNE","no",NA,NA,NA,"2.71","-0.54","-0.16"
"28","A","Cov","no",NA,NA,NA,"1.40","0.21","0.05"
"29","H","Nor","no",NA,NA,NA,"2.64","-0.50","-0.45"
"30","A","Sun","no",NA,NA,NA,"0.47","0.73","0.28"
"31","H","Lee","no",NA,NA,NA,"2.16","-0.23","0.05"
"32","A","Mid","no",NA,NA,NA,"0.92","0.48","0.53"
"33","H","Lut","no",NA,NA,NA,"2.70","-0.54","-0.01"
"34","A","Sto","no",NA,NA,NA,"1.34","0.24","0.23"
"35","H","Mil","no",NA,NA,NA,"2.61","-0.48","-0.25"
"36","H","Swa","no",NA,NA,NA,"2.34","-0.33","-0.59"
"37","A","Oxf","no",NA,NA,NA,"1.09","0.38","-0.20"
"38","H","Ply","no",NA,NA,NA,"2.84","-0.62","-0.82"
"39","A","Bri","no",NA,NA,NA,"1.17","0.34","-0.49"
"40","H","Hul","no",NA,NA,NA,"2.61","-0.48","-0.97"
"41","A","WBA","no",NA,NA,NA,"1.15","0.35","-0.63"
"42","H","Bur","no",NA,NA,NA,"1.98","-0.13","-0.75"
"43","A","Por","no",NA,NA,NA,"1.52","0.13","-0.62"
"44","A","Bbn","no",NA,NA,NA,"0.54","0.69","0.07"
"45","H","ShW","no",NA,NA,NA,"2.31","-0.31","-0.24"
"46","A","Car","no",NA,NA,NA,"1.34","0.24","0.00"
