"","HA","vs","played","Pts","GD","GS","ePts","sched","cumulative"
"1","A","QPR","yes",3,2,3,"2.20","-0.52","-0.52"
"2","H","Lee","yes",1,0,0,"0.91","0.37","-0.14"
"3","A","Sto","yes",3,1,2,"1.83","-0.26","-0.41"
"4","H","Swa","yes",3,1,1,"1.29","0.11","-0.30"
"5","A","Por","yes",3,3,3,"1.97","-0.36","-0.65"
"6","H","Ply","yes",3,1,1,"2.35","-0.62","-1.28"
"7","A","ShW","yes",0,-1,2,"1.78","-0.23","-1.50"
"8","H","Mid","yes",0,-1,0,"0.87","0.40","-1.10"
"9","H","Mil","yes",1,0,0,"1.67","-0.15","-1.25"
"10","A","Oxf","yes",1,0,1,"1.59","-0.10","-1.35"
"11","A","Bbn","yes",1,0,0,"0.93","0.36","-0.99"
"12","H","Car","yes",1,0,0,"2.01","-0.39","-1.37"
"13","A","Lut","yes",1,0,1,"1.62","-0.12","-1.49"
"14","H","Bur","yes",1,0,0,"0.73","0.50","-1.00"
"15","A","Hul","yes",3,1,2,"2.18","-0.50","-1.50"
"16","H","Nor","yes",1,0,2,"1.71","-0.18","-1.68"
"17","A","Sun","yes",1,0,0,"0.67","0.54","-1.14"
"18","A","PNE","yes",1,0,1,"1.68","-0.16","-1.31"
"19","H","ShU","no",NA,NA,NA,"0.75","0.49","-0.82"
"20","H","Cov","no",NA,NA,NA,"1.36","0.07","-0.75"
"21","A","Wat","no",NA,NA,NA,"0.57","0.61","-0.15"
"22","H","Bri","no",NA,NA,NA,"1.30","0.10","-0.05"
"23","A","Der","no",NA,NA,NA,"1.68","-0.16","-0.21"
"24","A","ShU","no",NA,NA,NA,"0.37","0.75","0.54"
"25","H","PNE","no",NA,NA,NA,"1.91","-0.32","0.22"
"26","A","Swa","no",NA,NA,NA,"1.78","-0.23","-0.01"
"27","H","Sto","no",NA,NA,NA,"1.38","0.05","0.04"
"28","A","Mid","no",NA,NA,NA,"1.40","0.03","0.08"
"29","H","Por","no",NA,NA,NA,"1.80","-0.24","-0.16"
"30","A","Ply","no",NA,NA,NA,"1.50","-0.04","-0.20"
"31","H","ShW","no",NA,NA,NA,"1.09","0.25","0.05"
"32","H","Bbn","no",NA,NA,NA,"1.06","0.27","0.32"
"33","A","Mil","no",NA,NA,NA,"1.49","-0.03","0.29"
"34","H","Oxf","no",NA,NA,NA,"2.07","-0.43","-0.14"
"35","A","Lee","no",NA,NA,NA,"0.64","0.56","0.42"
"36","H","QPR","no",NA,NA,NA,"1.16","0.20","0.62"
"37","A","Bur","no",NA,NA,NA,"1.06","0.27","0.89"
"38","H","Hul","no",NA,NA,NA,"1.67","-0.15","0.74"
"39","A","Nor","no",NA,NA,NA,"1.37","0.06","0.80"
"40","H","Sun","no",NA,NA,NA,"0.93","0.36","1.16"
"41","A","Bri","no",NA,NA,NA,"1.68","-0.16","1.00"
"42","H","Wat","no",NA,NA,NA,"1.42","0.02","1.02"
"43","A","Cov","no",NA,NA,NA,"1.91","-0.32","0.70"
"44","H","Der","no",NA,NA,NA,"1.61","-0.11","0.59"
"45","A","Car","no",NA,NA,NA,"1.84","-0.27","0.32"
"46","H","Lut","no",NA,NA,NA,"1.91","-0.32","-0.00"
