"","HA","vs","played","Pts","GD","GS","ePts","sched","cumulative"
"1","A","Bra","yes",1,0,1,"0.47","0.44","0.44"
"2","H","Fam","yes",0,-3,0,"0.96","-0.14","0.30"
"3","A","Ben","yes",0,-1,0,"0.02","0.97","1.27"
"4","H","Cas","yes",0,-1,0,"0.89","-0.06","1.22"
"5","H","Boa","yes",1,0,2,"1.15","-0.37","0.85"
"6","A","Cla","yes",0,-1,0,"0.09","0.89","1.74"
"7","H","Mor","yes",3,1,2,"1.81","-1.14","0.60"
"8","A","Gil","yes",0,-3,0,"0.37","0.56","1.16"
"9","H","Vit","yes",1,0,2,"1.05","-0.25","0.91"
"10","A","Spo","yes",0,-4,1,"0.06","0.93","1.85"
"11","H","Nac","yes",3,2,2,"2.18","-1.59","0.26"
"12","A","Far","yes",0,-1,0,"1.15","-0.37","-0.11"
"13","H","Aro","yes",3,1,2,"1.79","-1.13","-1.24"
"14","A","Pto","no",NA,NA,NA,"0.03","0.97","-0.27"
"15","H","Rio","no",NA,NA,NA,"1.79","-1.13","-1.40"
"16","A","AVS","no",NA,NA,NA,"0.66","0.21","-1.18"
"17","H","Est","no",NA,NA,NA,"2.05","-1.44","-2.62"
"18","H","Bra","no",NA,NA,NA,"0.47","0.45","-2.17"
"19","A","Fam","no",NA,NA,NA,"0.33","0.61","-1.56"
"20","H","Ben","no",NA,NA,NA,"0.61","0.27","-1.28"
"21","A","Cas","no",NA,NA,NA,"0.65","0.23","-1.06"
"22","A","Boa","no",NA,NA,NA,"1.56","-0.84","-1.90"
"23","H","Cla","no",NA,NA,NA,"0.60","0.29","-1.62"
"24","A","Mor","no",NA,NA,NA,"0.10","0.88","-0.74"
"25","H","Gil","no",NA,NA,NA,"1.31","-0.55","-1.30"
"26","A","Vit","no",NA,NA,NA,"0.18","0.78","-0.51"
"27","H","Spo","no",NA,NA,NA,"0.17","0.79","0.28"
"28","A","Nac","no",NA,NA,NA,"0.32","0.62","0.90"
"29","H","Far","no",NA,NA,NA,"2.24","-1.65","-0.75"
"30","A","Aro","no",NA,NA,NA,"0.62","0.27","-0.49"
"31","H","Pto","no",NA,NA,NA,"0.20","0.76","0.28"
"32","A","Rio","no",NA,NA,NA,"0.43","0.49","0.77"
"33","H","AVS","no",NA,NA,NA,"1.80","-1.13","-0.36"
"34","A","Est","no",NA,NA,NA,"0.54","0.36","-0.00"
