"","HA","vs","played","Pts","GD","GS","ePts","sched","cumulative"
"1","A","Fam","yes",0,-2,0,"2.08","0.14","0.14"
"2","H","Cas","yes",3,3,3,"2.90","-0.20","-0.06"
"3","H","Ama","yes",3,1,1,"2.96","-0.23","-0.29"
"4","A","Mor","yes",1,0,1,"0.97","0.60","0.31"
"5","H","Cla","yes",3,3,4,"2.64","-0.09","0.21"
"6","A","Boa","yes",3,3,3,"2.84","-0.17","0.04"
"7","H","Gil","yes",3,4,5,"2.91","-0.20","-0.16"
"8","H","Rio","yes",3,5,5,"2.95","-0.22","-0.39"
"9","A","Far","yes",3,1,2,"2.74","-0.14","-0.52"
"10","H","Pto","yes",3,3,4,"2.41","0.00","-0.52"
"11","A","Aro","yes",3,2,2,"2.70","-0.12","-0.64"
"12","H","Vit","yes",3,1,1,"2.90","-0.20","-0.84"
"13","A","AVS","no",NA,NA,NA,"2.58","-0.07","-0.91"
"14","A","Nac","no",NA,0,0,"2.04","0.16","-0.75"
"15","H","Est","no",NA,NA,NA,"2.96","-0.23","-0.98"
"16","A","Spo","no",NA,NA,NA,"0.64","0.74","-0.24"
"17","H","Bra","no",NA,NA,NA,"2.77","-0.15","-0.39"
"18","H","Fam","no",NA,NA,NA,"2.87","-0.19","-0.58"
"19","A","Cas","no",NA,NA,NA,"2.54","-0.05","-0.63"
"20","A","Ama","no",NA,NA,NA,"2.48","-0.03","-0.65"
"21","H","Mor","no",NA,NA,NA,"2.95","-0.22","-0.87"
"22","A","Cla","no",NA,NA,NA,"0.93","0.62","-0.26"
"23","H","Boa","no",NA,NA,NA,"2.90","-0.20","-0.46"
"24","A","Gil","no",NA,NA,NA,"2.25","0.07","-0.39"
"25","H","Nac","no",NA,NA,NA,"2.97","-0.23","-0.62"
"26","A","Rio","no",NA,NA,NA,"2.34","0.03","-0.59"
"27","H","Far","no",NA,NA,NA,"2.97","-0.23","-0.82"
"28","A","Pto","no",NA,NA,NA,"0.33","0.86","0.04"
"29","H","Aro","no",NA,NA,NA,"2.95","-0.22","-0.18"
"30","A","Vit","no",NA,NA,NA,"1.68","0.31","0.12"
"31","H","AVS","no",NA,NA,NA,"2.95","-0.22","-0.10"
"32","A","Est","no",NA,NA,NA,"2.32","0.04","-0.06"
"33","H","Spo","no",NA,NA,NA,"2.32","0.04","-0.02"
"34","A","Bra","no",NA,NA,NA,"2.37","0.02","-0.00"
