"","HA","vs","played","Pts","GD","GS","ePts","sched","cumulative"
"1","H","Boa","yes",0,-1,0,"0.97","0.15","0.15"
"2","A","Ben","yes",0,-3,0,"0.06","0.94","1.09"
"3","H","Cla","yes",0,-2,0,"0.28","0.76","1.85"
"4","A","Ama","yes",3,1,1,"1.55","-0.36","1.48"
"5","H","Mor","yes",3,2,3,"1.50","-0.33","1.16"
"6","A","Gil","yes",1,0,1,"1.25","-0.11","1.05"
"7","H","Vit","yes",1,0,1,"0.94","0.17","1.22"
"8","A","Spo","yes",0,-2,0,"0.20","0.83","2.05"
"9","H","Nac","yes",3,1,1,"2.10","-0.85","1.20"
"10","A","Rio","yes",1,0,2,"1.30","-0.14","1.05"
"11","H","Far","yes",1,0,1,"2.05","-0.81","0.24"
"12","A","Pto","yes",0,-2,0,"0.09","0.92","1.16"
"13","H","AVS","yes",1,0,1,"1.71","-0.51","0.66"
"14","A","Est","no",NA,NA,NA,"1.34","-0.18","0.48"
"15","H","Aro","no",NA,NA,NA,"1.69","-0.49","-0.01"
"16","A","Bra","no",NA,NA,NA,"1.34","-0.19","-0.20"
"17","H","Fam","no",NA,NA,NA,"0.78","0.31","0.11"
"18","A","Boa","no",NA,NA,NA,"2.43","-1.14","-1.03"
"19","H","Ben","no",NA,NA,NA,"0.31","0.73","-0.30"
"20","A","Cla","no",NA,NA,NA,"0.28","0.75","0.45"
"21","H","Ama","no",NA,NA,NA,"1.92","-0.69","-0.25"
"22","A","Mor","no",NA,NA,NA,"0.30","0.73","0.49"
"23","H","Gil","no",NA,NA,NA,"1.29","-0.14","0.35"
"24","A","Vit","no",NA,NA,NA,"0.66","0.42","0.77"
"25","H","Spo","no",NA,NA,NA,"0.13","0.88","1.65"
"26","A","Nac","no",NA,NA,NA,"1.14","-0.01","1.65"
"27","H","Rio","no",NA,NA,NA,"1.60","-0.41","1.23"
"28","A","Far","no",NA,NA,NA,"2.08","-0.83","0.40"
"29","H","Pto","no",NA,NA,NA,"0.15","0.86","1.27"
"30","A","AVS","no",NA,NA,NA,"1.79","-0.57","0.69"
"31","H","Est","no",NA,NA,NA,"1.81","-0.60","0.10"
"32","A","Aro","no",NA,NA,NA,"2.06","-0.81","-0.72"
"33","H","Bra","no",NA,NA,NA,"0.43","0.62","-0.10"
"34","A","Fam","no",NA,NA,NA,"1.02","0.10","0.00"
