"","HA","vs","played","Pts","GD","GS","ePts","sched","cumulative"
"1","H","Cla","yes",0,-3,1,"0.42","0.56","0.56"
"2","A","Vit","yes",0,-1,0,"0.23","0.77","1.33"
"3","H","Gil","yes",1,0,0,"1.66","-0.72","0.60"
"4","A","Boa","yes",1,0,0,"1.65","-0.72","-0.11"
"5","H","Nac","yes",3,1,1,"2.37","-1.46","-1.57"
"6","A","Rio","yes",1,0,2,"0.52","0.46","-1.11"
"7","H","Spo","yes",0,-3,0,"0.21","0.79","-0.33"
"8","A","Far","yes",0,-1,0,"1.17","-0.21","-0.54"
"9","H","Aro","yes",3,3,4,"2.03","-1.11","-1.64"
"10","A","Pto","yes",0,-4,0,"0.03","0.97","-0.68"
"11","H","AVS","yes",1,0,0,"2.05","-1.12","-1.80"
"12","H","Fam","yes",3,1,2,"1.11","-0.15","-1.95"
"13","A","Bra","yes",1,0,2,"0.55","0.43","-1.52"
"14","H","Cas","no",NA,NA,NA,"1.32","-0.37","-1.90"
"15","A","Ben","no",NA,NA,NA,"0.02","0.97","-0.92"
"16","H","Mor","no",NA,NA,NA,"1.87","-0.93","-1.86"
"17","A","Ama","no",NA,NA,NA,"0.68","0.29","-1.57"
"18","A","Cla","no",NA,NA,NA,"0.10","0.90","-0.67"
"19","H","Vit","no",NA,NA,NA,"1.30","-0.34","-1.01"
"20","A","Gil","no",NA,NA,NA,"0.50","0.48","-0.53"
"21","H","Boa","no",NA,NA,NA,"1.32","-0.37","-0.90"
"22","A","Nac","no",NA,NA,NA,"0.44","0.54","-0.35"
"23","H","Rio","no",NA,NA,NA,"1.95","-1.03","-1.38"
"24","A","Spo","no",NA,NA,NA,"0.07","0.93","-0.45"
"25","H","Far","no",NA,NA,NA,"2.33","-1.42","-1.87"
"26","A","Aro","no",NA,NA,NA,"1.15","-0.19","-2.06"
"27","H","Pto","no",NA,NA,NA,"0.24","0.75","-1.31"
"28","A","AVS","no",NA,NA,NA,"0.87","0.09","-1.22"
"29","A","Fam","no",NA,NA,NA,"0.38","0.60","-0.61"
"30","H","Bra","no",NA,NA,NA,"0.64","0.33","-0.28"
"31","A","Cas","no",NA,NA,NA,"0.79","0.19","-0.09"
"32","H","Ben","no",NA,NA,NA,"0.47","0.51","0.41"
"33","A","Mor","no",NA,NA,NA,"0.10","0.89","1.31"
"34","H","Ama","no",NA,NA,NA,"2.23","-1.31","0.00"
