"","HA","vs","played","Pts","GD","GS","ePts","sched","cumulative"
"1","H","Ben","yes",3,2,2,"0.60","0.47","0.47"
"2","A","Ama","yes",3,3,3,"1.41","-0.24","0.24"
"3","H","Boa","yes",3,1,1,"1.21","-0.07","0.17"
"4","A","Vit","yes",0,-1,1,"0.94","0.18","0.35"
"5","H","Gil","yes",1,0,1,"1.46","-0.28","0.07"
"6","A","Mor","yes",1,0,0,"0.82","0.28","0.35"
"7","H","Nac","yes",1,0,0,"2.08","-0.83","-0.48"
"8","A","Rio","yes",1,0,1,"1.04","0.08","-0.40"
"9","H","Spo","yes",0,-3,0,"0.31","0.73","0.33"
"10","A","AVS","yes",3,1,3,"1.62","-0.43","-0.10"
"11","H","Aro","yes",1,0,0,"1.67","-0.46","-0.56"
"12","A","Est","yes",0,-1,1,"1.35","-0.19","-0.75"
"13","H","Pto","yes",1,0,1,"0.50","0.56","-0.19"
"14","A","Bra","yes",1,0,3,"1.22","-0.07","-0.26"
"15","H","Far","yes",0,-1,1,"1.65","-0.45","-0.71"
"16","H","Cla","yes",0,-1,1,"0.64","0.43","-0.27"
"17","A","Cas","yes",1,0,1,"1.32","-0.16","-0.43"
"18","A","Ben","yes",0,-4,0,"0.15","0.87","0.44"
"19","H","Ama","no",NA,NA,NA,"1.99","-0.75","-0.31"
"20","A","Boa","no",NA,NA,NA,"2.30","-1.02","-1.34"
"21","H","Vit","no",NA,NA,NA,"1.24","-0.09","-1.43"
"22","A","Gil","no",NA,NA,NA,"0.79","0.31","-1.12"
"23","H","Mor","no",NA,NA,NA,"1.79","-0.57","-1.68"
"24","A","Nac","no",NA,NA,NA,"0.66","0.42","-1.27"
"25","H","Rio","no",NA,NA,NA,"1.82","-0.60","-1.86"
"26","A","Spo","no",NA,NA,NA,"0.20","0.82","-1.04"
"27","H","AVS","no",NA,NA,NA,"1.83","-0.60","-1.64"
"28","A","Aro","no",NA,NA,NA,"1.35","-0.19","-1.83"
"29","H","Est","no",NA,NA,NA,"1.32","-0.16","-1.99"
"30","A","Pto","no",NA,NA,NA,"0.06","0.95","-1.04"
"31","H","Bra","no",NA,NA,NA,"0.16","0.86","-0.18"
"32","A","Far","no",NA,NA,NA,"1.82","-0.60","-0.78"
"33","A","Cla","no",NA,NA,NA,"0.76","0.34","-0.44"
"34","H","Cas","no",NA,NA,NA,"0.64","0.44","-0.00"
