"","HA","vs","played","Pts","GD","GS","ePts","sched","cumulative"
"1","H","Gil","yes",3,3,3,"2.87","-0.12","-0.12"
"2","A","Cla","yes",3,2,2,"1.57","0.39","0.27"
"3","H","Rio","yes",3,2,2,"2.93","-0.14","0.13"
"4","A","Spo","yes",0,-2,0,"1.19","0.53","0.66"
"5","H","Far","yes",3,1,2,"2.96","-0.15","0.51"
"6","A","Vit","yes",3,3,3,"2.26","0.12","0.63"
"7","H","Aro","yes",3,4,4,"2.93","-0.14","0.49"
"8","H","Bra","yes",3,1,2,"2.67","-0.04","0.45"
"9","A","AVS","yes",3,5,5,"2.79","-0.09","0.36"
"10","H","Est","yes",3,4,4,"2.94","-0.15","0.22"
"11","A","Ben","yes",0,-3,1,"0.50","0.81","1.02"
"12","H","Cas","yes",3,2,2,"2.86","-0.11","0.91"
"13","A","Fam","yes",1,0,1,"2.52","0.02","0.93"
"14","H","Ama","no",NA,NA,NA,"2.95","-0.15","0.78"
"15","A","Mor","no",NA,NA,NA,"1.62","0.37","1.15"
"16","H","Boa","no",NA,NA,NA,"2.86","-0.11","1.04"
"17","A","Nac","no",NA,NA,NA,"2.49","0.03","1.07"
"18","A","Gil","no",NA,NA,NA,"2.62","-0.02","1.05"
"19","H","Cla","no",NA,NA,NA,"2.50","0.03","1.08"
"20","A","Rio","no",NA,NA,NA,"2.67","-0.04","1.04"
"21","H","Spo","no",NA,NA,NA,"2.08","0.19","1.23"
"22","A","Far","no",NA,NA,NA,"2.87","-0.12","1.11"
"23","H","Vit","no",NA,NA,NA,"2.86","-0.11","1.00"
"24","A","Aro","no",NA,NA,NA,"2.85","-0.11","0.89"
"25","A","Bra","no",NA,NA,NA,"2.68","-0.04","0.85"
"26","H","AVS","no",NA,NA,NA,"2.93","-0.14","0.71"
"27","A","Est","no",NA,NA,NA,"2.65","-0.03","0.67"
"28","H","Ben","no",NA,NA,NA,"2.58","-0.00","0.67"
"29","A","Cas","no",NA,NA,NA,"2.77","-0.08","0.59"
"30","H","Fam","no",NA,NA,NA,"2.82","-0.10","0.49"
"31","A","Ama","no",NA,NA,NA,"2.74","-0.07","0.43"
"32","H","Mor","no",NA,NA,NA,"2.93","-0.14","0.29"
"33","A","Boa","no",NA,NA,NA,"2.92","-0.14","0.15"
"34","H","Nac","no",NA,NA,NA,"2.96","-0.15","-0.00"
