"","HA","vs","played","Pts","GD","GS","ePts","sched","cumulative"
"1","H","Rio","yes",3,2,3,"2.85","-0.14","-0.14"
"2","A","Nac","yes",3,5,6,"2.56","-0.02","-0.16"
"3","A","Far","yes",3,5,5,"2.88","-0.15","-0.31"
"4","H","Pto","yes",3,2,2,"1.62","0.35","0.04"
"5","A","Aro","yes",3,3,3,"2.76","-0.10","-0.06"
"6","H","AVS","yes",3,3,3,"2.85","-0.14","-0.20"
"7","A","Est","yes",3,3,3,"2.73","-0.09","-0.29"
"8","H","Cas","yes",3,2,2,"2.60","-0.04","-0.33"
"9","A","Fam","yes",3,3,3,"2.57","-0.03","-0.36"
"10","H","Ama","yes",3,4,5,"2.90","-0.16","-0.51"
"11","A","Bra","yes",3,2,4,"2.69","-0.08","-0.59"
"12","H","Cla","yes",0,-1,0,"2.41","0.04","-0.55"
"13","A","Mor","yes",0,-1,1,"1.90","0.24","-0.31"
"14","H","Boa","yes",3,1,3,"2.70","-0.08","-0.39"
"15","A","Gil","no",NA,NA,NA,"2.61","-0.04","-0.44"
"16","H","Ben","no",NA,NA,NA,"2.42","0.03","-0.40"
"17","A","Vit","no",NA,NA,NA,"2.29","0.08","-0.32"
"18","A","Rio","no",NA,NA,NA,"2.66","-0.06","-0.39"
"19","H","Nac","no",NA,NA,NA,"2.90","-0.16","-0.55"
"20","H","Far","no",NA,NA,NA,"2.91","-0.16","-0.71"
"21","A","Pto","no",NA,NA,NA,"0.73","0.71","-0.00"
"22","H","Aro","no",NA,NA,NA,"2.85","-0.14","-0.14"
"23","A","AVS","no",NA,NA,NA,"2.78","-0.11","-0.25"
"24","H","Est","no",NA,NA,NA,"2.89","-0.15","-0.41"
"25","A","Cas","no",NA,NA,NA,"2.77","-0.11","-0.51"
"26","H","Fam","no",NA,NA,NA,"2.63","-0.05","-0.57"
"27","A","Ama","no",NA,NA,NA,"2.73","-0.09","-0.66"
"28","H","Bra","no",NA,NA,NA,"2.26","0.10","-0.56"
"29","A","Cla","no",NA,NA,NA,"1.78","0.29","-0.27"
"30","H","Mor","no",NA,NA,NA,"2.85","-0.14","-0.41"
"31","A","Boa","no",NA,NA,NA,"2.92","-0.17","-0.58"
"32","H","Gil","no",NA,NA,NA,"2.75","-0.10","-0.68"
"33","A","Ben","no",NA,NA,NA,"0.63","0.75","0.07"
"34","H","Vit","no",NA,NA,NA,"2.67","-0.07","-0.00"
