"","HA","vs","played","Pts","GD","GS","ePts","sched","cumulative"
"1","H","AVS","yes",3,2,3,"2.88","-1.23","-1.23"
"2","A","Spo","yes",0,-6,0,"0.00","1.00","-0.23"
"3","H","Rio","yes",1,0,3,"1.10","0.15","-0.08"
"4","A","Vit","yes",1,0,1,"1.56","-0.21","-0.29"
"5","H","Cas","yes",0,-2,0,"0.65","0.50","0.20"
"6","A","Nac","yes",3,1,2,"1.81","-0.40","-0.20"
"7","H","Pto","yes",0,-4,0,"0.00","1.00","0.80"
"8","H","Fam","no",NA,NA,NA,"0.77","0.40","1.20"
"9","A","Ben","no",NA,NA,NA,"0.67","0.48","1.68"
"10","H","Mor","no",NA,NA,NA,"0.19","0.85","2.53"
"11","A","Est","no",NA,NA,NA,"2.51","-0.95","1.58"
"12","H","Bra","no",NA,NA,NA,"1.13","0.12","1.71"
"13","A","Ama","no",NA,NA,NA,"2.44","-0.89","0.82"
"14","H","Alv","no",NA,NA,NA,"2.01","-0.56","0.26"
"15","A","Cla","no",NA,NA,NA,"2.09","-0.62","-0.36"
"16","H","Gil","no",NA,NA,NA,"0.42","0.67","0.31"
"17","A","Ton","no",NA,NA,NA,"2.48","-0.92","-0.61"
"18","A","AVS","no",NA,NA,NA,"2.93","-1.27","-1.88"
"19","H","Spo","no",NA,NA,NA,"0.00","1.00","-0.88"
"20","A","Rio","no",NA,NA,NA,"1.53","-0.18","-1.07"
"21","H","Vit","no",NA,NA,NA,"1.34","-0.04","-1.10"
"22","A","Cas","no",NA,NA,NA,"1.47","-0.14","-1.24"
"23","H","Nac","no",NA,NA,NA,"0.70","0.45","-0.79"
"24","A","Pto","no",NA,NA,NA,"0.00","1.00","0.21"
"25","A","Fam","no",NA,NA,NA,"0.99","0.23","0.44"
"26","H","Ben","no",NA,NA,NA,"0.26","0.80","1.23"
"27","A","Mor","no",NA,NA,NA,"0.14","0.89","2.12"
"28","H","Est","no",NA,NA,NA,"2.33","-0.81","1.32"
"29","A","Bra","no",NA,NA,NA,"2.05","-0.59","0.73"
"30","H","Ama","no",NA,NA,NA,"2.18","-0.69","0.04"
"31","A","Alv","no",NA,NA,NA,"1.66","-0.29","-0.25"
"32","H","Cla","no",NA,NA,NA,"1.33","-0.03","-0.29"
"33","A","Gil","no",NA,NA,NA,"0.18","0.86","0.58"
"34","H","Ton","no",NA,NA,NA,"2.04","-0.58","-0.00"
