"","HA","vs","played","Pts","GD","GS","ePts","sched","cumulative"
"1","A","Ama","yes",3,1,1,"2.86","-0.42","-0.42"
"2","H","Ton","yes",3,3,3,"2.71","-0.35","-0.77"
"3","A","Alv","yes",3,1,2,"2.57","-0.28","-1.05"
"4","H","Cla","yes",1,0,1,"2.36","-0.17","-1.22"
"5","A","AVS","yes",3,3,3,"2.99","-0.48","-1.70"
"6","H","Rio","yes",1,0,1,"2.19","-0.09","-1.79"
"7","H","Gil","yes",3,1,2,"1.33","0.34","-1.45"
"8","A","Pto","no",NA,NA,NA,"0.00","1.00","-0.45"
"9","H","Aro","no",NA,NA,NA,"2.04","-0.01","-0.47"
"10","A","Vit","no",NA,NA,NA,"2.52","-0.25","-0.72"
"11","H","Cas","no",NA,NA,NA,"1.72","0.15","-0.58"
"12","A","Nac","no",NA,NA,NA,"2.63","-0.31","-0.89"
"13","H","Spo","no",NA,NA,NA,"0.00","1.00","0.11"
"14","A","Mor","no",NA,NA,NA,"0.60","0.70","0.82"
"15","H","Fam","no",NA,NA,NA,"1.87","0.07","0.89"
"16","A","Bra","no",NA,NA,NA,"2.73","-0.36","0.53"
"17","H","Est","no",NA,NA,NA,"2.82","-0.40","0.13"
"18","A","Rio","no",NA,NA,NA,"2.51","-0.25","-0.12"
"19","H","Ama","no",NA,NA,NA,"2.77","-0.38","-0.50"
"20","A","Ton","no",NA,NA,NA,"2.87","-0.43","-0.92"
"21","H","Alv","no",NA,NA,NA,"2.70","-0.34","-1.27"
"22","A","Cla","no",NA,NA,NA,"2.74","-0.36","-1.63"
"23","H","AVS","no",NA,NA,NA,"2.97","-0.48","-2.11"
"24","A","Gil","no",NA,NA,NA,"0.71","0.65","-1.46"
"25","H","Pto","no",NA,NA,NA,"0.00","1.00","-0.46"
"26","A","Aro","no",NA,NA,NA,"2.57","-0.28","-0.74"
"27","H","Vit","no",NA,NA,NA,"2.36","-0.17","-0.91"
"28","A","Cas","no",NA,NA,NA,"2.48","-0.23","-1.14"
"29","H","Nac","no",NA,NA,NA,"1.79","0.11","-1.03"
"30","A","Spo","no",NA,NA,NA,"0.00","1.00","-0.03"
"31","H","Mor","no",NA,NA,NA,"0.72","0.64","0.61"
"32","A","Fam","no",NA,NA,NA,"2.16","-0.07","0.53"
"33","H","Bra","no",NA,NA,NA,"2.22","-0.10","0.43"
"34","A","Est","no",NA,NA,NA,"2.88","-0.43","-0.00"
