"","HA","vs","played","Pts","GD","GS","ePts","sched","cumulative"
"1","H","Ton","yes",3,3,3,"1.57","-0.49","-0.49"
"2","A","Alv","yes",3,3,3,"1.42","-0.34","-0.83"
"3","H","AVS","yes",1,0,2,"2.75","-1.60","-2.44"
"4","A","Rio","yes",1,0,2,"1.28","-0.22","-2.65"
"5","H","Gil","yes",0,-1,0,"0.25","0.77","-1.89"
"6","A","Vit","yes",1,0,1,"1.31","-0.25","-2.13"
"7","H","Nac","yes",0,-1,0,"0.42","0.60","-1.53"
"8","A","Spo","no",NA,NA,NA,"0.00","1.00","-0.53"
"9","H","Cas","no",NA,NA,NA,"0.39","0.63","0.10"
"10","A","Pto","no",NA,NA,NA,"0.00","1.00","1.10"
"11","H","Mor","no",NA,NA,NA,"0.11","0.89","1.99"
"12","A","Aro","no",NA,NA,NA,"1.41","-0.34","1.66"
"13","A","Fam","no",NA,NA,NA,"0.79","0.25","1.91"
"14","H","Cla","no",NA,NA,NA,"0.89","0.15","2.06"
"15","A","Est","no",NA,NA,NA,"2.36","-1.24","0.82"
"16","H","Ben","no",NA,NA,NA,"0.15","0.86","1.68"
"17","A","Ama","no",NA,NA,NA,"2.28","-1.16","0.52"
"18","A","Ton","no",NA,NA,NA,"2.32","-1.20","-0.68"
"19","H","Alv","no",NA,NA,NA,"1.54","-0.46","-1.14"
"20","A","AVS","no",NA,NA,NA,"2.91","-1.75","-2.89"
"21","H","Rio","no",NA,NA,NA,"0.70","0.33","-2.56"
"22","A","Gil","no",NA,NA,NA,"0.13","0.87","-1.69"
"23","H","Vit","no",NA,NA,NA,"0.90","0.15","-1.54"
"24","A","Nac","no",NA,NA,NA,"1.57","-0.49","-2.03"
"25","H","Spo","no",NA,NA,NA,"0.00","1.00","-1.03"
"26","A","Cas","no",NA,NA,NA,"1.23","-0.16","-1.19"
"27","H","Pto","no",NA,NA,NA,"0.00","1.00","-0.19"
"28","A","Mor","no",NA,NA,NA,"0.11","0.90","0.71"
"29","H","Aro","no",NA,NA,NA,"0.58","0.45","1.16"
"30","H","Fam","no",NA,NA,NA,"0.47","0.56","1.72"
"31","A","Cla","no",NA,NA,NA,"1.87","-0.77","0.95"
"32","H","Est","no",NA,NA,NA,"1.91","-0.81","0.13"
"33","A","Ben","no",NA,NA,NA,"0.52","0.51","0.65"
"34","H","Ama","no",NA,NA,NA,"1.74","-0.65","-0.00"
