"","HA","vs","played","Pts","GD","GS","ePts","sched","cumulative"
"1","H","Spo","yes",0,-2,0,"0.04","0.95","0.95"
"2","A","AVS","yes",3,2,2,"2.89","-2.21","-1.26"
"3","A","Pto","yes",0,-4,0,"0.05","0.94","-0.31"
"4","H","Nac","yes",0,-2,0,"0.45","0.50","0.19"
"5","A","Aro","yes",3,2,2,"1.21","-0.34","-0.15"
"6","H","Fam","yes",1,0,1,"0.62","0.31","0.16"
"7","A","Mor","yes",0,-1,1,"0.16","0.82","0.98"
"8","H","Est","yes",1,0,2,"1.60","-0.78","0.20"
"9","A","Bra","yes",0,-4,0,"0.98","-0.09","0.12"
"10","H","Ama","no",NA,NA,NA,"1.65","-0.83","-0.71"
"11","A","Ben","no",NA,NA,NA,"0.21","0.76","0.06"
"12","H","Alv","no",NA,NA,NA,"1.36","-0.51","-0.46"
"13","A","Cla","no",NA,NA,NA,"1.56","-0.73","-1.19"
"14","H","Gil","no",NA,NA,NA,"0.15","0.83","-0.36"
"15","A","Ton","no",NA,NA,NA,"2.01","-1.24","-1.59"
"16","H","Vit","no",NA,NA,NA,"0.84","0.06","-1.53"
"17","A","Rio","no",NA,NA,NA,"0.68","0.24","-1.28"
"18","A","Spo","no",NA,NA,NA,"0.14","0.84","-0.44"
"19","H","AVS","no",NA,NA,NA,"2.77","-2.07","-2.51"
"20","H","Pto","no",NA,NA,NA,"0.02","0.98","-1.53"
"21","A","Nac","no",NA,NA,NA,"0.74","0.18","-1.35"
"22","H","Aro","no",NA,NA,NA,"0.52","0.43","-0.93"
"23","A","Fam","no",NA,NA,NA,"0.48","0.47","-0.46"
"24","H","Mor","no",NA,NA,NA,"0.46","0.49","0.03"
"25","A","Est","no",NA,NA,NA,"1.90","-1.10","-1.07"
"26","H","Bra","no",NA,NA,NA,"0.38","0.57","-0.50"
"27","A","Ama","no",NA,NA,NA,"2.03","-1.26","-1.75"
"28","H","Ben","no",NA,NA,NA,"0.08","0.92","-0.84"
"29","A","Alv","no",NA,NA,NA,"1.01","-0.12","-0.96"
"30","H","Cla","no",NA,NA,NA,"0.89","0.01","-0.95"
"31","A","Gil","no",NA,NA,NA,"0.15","0.83","-0.12"
"32","H","Ton","no",NA,NA,NA,"1.44","-0.60","-0.71"
"33","A","Vit","no",NA,NA,NA,"0.67","0.25","-0.46"
"34","H","Rio","no",NA,NA,NA,"0.49","0.46","-0.00"
