"","HA","vs","played","Pts","GD","GS","ePts","sched","cumulative"
"1","A","Fam","yes",0,-3,0,"0.62","0.35","0.35"
"2","H","Mor","yes",0,-1,0,"0.11","0.89","1.25"
"3","H","Ama","yes",1,0,0,"1.68","-0.75","0.49"
"4","A","Est","yes",3,1,1,"2.18","-1.27","-0.78"
"5","A","Ben","yes",1,0,1,"0.40","0.58","-0.19"
"6","H","Alv","yes",3,1,2,"1.49","-0.55","-0.74"
"7","H","Ton","yes",0,-1,1,"1.52","-0.58","-1.33"
"8","A","Vit","no",NA,NA,NA,"1.09","-0.14","-1.46"
"9","H","AVS","no",NA,NA,NA,"2.72","-1.83","-3.30"
"10","A","Gil","no",NA,NA,NA,"0.10","0.89","-2.40"
"11","H","Spo","no",NA,NA,NA,"0.00","1.00","-1.40"
"12","A","Rio","no",NA,NA,NA,"1.06","-0.10","-1.51"
"13","H","Cas","no",NA,NA,NA,"0.37","0.62","-0.89"
"14","A","Bra","no",NA,NA,NA,"1.60","-0.66","-1.55"
"15","H","Aro","no",NA,NA,NA,"0.54","0.43","-1.12"
"16","A","Nac","no",NA,NA,NA,"1.34","-0.39","-1.51"
"17","H","Pto","no",NA,NA,NA,"0.00","1.00","-0.51"
"18","H","Fam","no",NA,NA,NA,"0.44","0.54","0.03"
"19","A","Mor","no",NA,NA,NA,"0.08","0.91","0.94"
"20","H","Est","no",NA,NA,NA,"1.86","-0.93","0.01"
"21","A","Ama","no",NA,NA,NA,"2.09","-1.17","-1.16"
"22","H","Ben","no",NA,NA,NA,"0.14","0.85","-0.31"
"23","A","Alv","no",NA,NA,NA,"1.19","-0.24","-0.55"
"24","A","Ton","no",NA,NA,NA,"2.14","-1.23","-1.77"
"25","H","Vit","no",NA,NA,NA,"0.86","0.11","-1.67"
"26","A","AVS","no",NA,NA,NA,"2.87","-1.98","-3.65"
"27","H","Gil","no",NA,NA,NA,"0.23","0.76","-2.89"
"28","A","Spo","no",NA,NA,NA,"0.00","1.00","-1.89"
"29","H","Rio","no",NA,NA,NA,"0.67","0.31","-1.59"
"30","A","Cas","no",NA,NA,NA,"1.01","-0.05","-1.63"
"31","H","Bra","no",NA,NA,NA,"0.69","0.28","-1.36"
"32","A","Aro","no",NA,NA,NA,"1.18","-0.23","-1.58"
"33","H","Nac","no",NA,NA,NA,"0.40","0.58","-1.00"
"34","A","Pto","no",NA,NA,NA,"0.00","1.00","-0.00"
