"","HA","vs","played","Pts","GD","GS","ePts","sched","cumulative"
"1","H","Cla","yes",3,3,3,"2.04","-0.27","-0.27"
"2","A","Ton","yes",3,1,1,"2.58","-0.61","-0.88"
"3","H","Gil","yes",1,0,0,"0.92","0.43","-0.45"
"4","A","AVS","yes",3,1,1,"2.95","-0.83","-1.28"
"5","H","Spo","yes",0,-1,1,"0.00","1.00","-0.28"
"6","A","Cas","yes",1,0,1,"1.68","-0.04","-0.32"
"7","H","Rio","yes",1,0,0,"1.82","-0.13","-0.46"
"8","A","Aro","no",NA,NA,NA,"1.85","-0.15","-0.61"
"9","H","Vit","no",NA,NA,NA,"2.05","-0.27","-0.88"
"10","A","Nac","no",NA,NA,NA,"2.00","-0.24","-1.13"
"11","H","Pto","no",NA,NA,NA,"0.00","1.00","-0.13"
"12","A","Mor","no",NA,NA,NA,"0.18","0.89","0.76"
"13","H","Bra","no",NA,NA,NA,"1.86","-0.16","0.61"
"14","H","Est","no",NA,NA,NA,"2.71","-0.69","-0.08"
"15","A","Ben","no",NA,NA,NA,"0.83","0.49","0.41"
"16","H","Ama","no",NA,NA,NA,"2.63","-0.64","-0.23"
"17","A","Alv","no",NA,NA,NA,"1.86","-0.16","-0.39"
"18","A","Cla","no",NA,NA,NA,"2.25","-0.40","-0.78"
"19","H","Ton","no",NA,NA,NA,"2.55","-0.58","-1.36"
"20","A","Gil","no",NA,NA,NA,"0.22","0.86","-0.50"
"21","H","AVS","no",NA,NA,NA,"2.96","-0.84","-1.34"
"22","A","Spo","no",NA,NA,NA,"0.00","1.00","-0.34"
"23","H","Cas","no",NA,NA,NA,"1.29","0.20","-0.14"
"24","A","Rio","no",NA,NA,NA,"1.73","-0.08","-0.22"
"25","H","Aro","no",NA,NA,NA,"1.64","-0.02","-0.24"
"26","A","Vit","no",NA,NA,NA,"1.76","-0.10","-0.34"
"27","H","Nac","no",NA,NA,NA,"1.37","0.15","-0.18"
"28","A","Pto","no",NA,NA,NA,"0.00","1.00","0.82"
"29","H","Mor","no",NA,NA,NA,"0.45","0.72","1.53"
"30","A","Bra","no",NA,NA,NA,"2.21","-0.38","1.16"
"31","A","Est","no",NA,NA,NA,"2.61","-0.62","0.53"
"32","H","Ben","no",NA,NA,NA,"0.61","0.62","1.16"
"33","A","Ama","no",NA,NA,NA,"2.55","-0.59","0.57"
"34","H","Alv","no",NA,NA,NA,"2.53","-0.57","0.00"
