"","HA","vs","played","Pts","GD","GS","ePts","sched","cumulative"
"1","H","Alv","yes",3,1,2,"2.92","-0.24","-0.24"
"2","A","Cla","yes",3,1,1,"2.79","-0.18","-0.42"
"3","H","Vit","yes",3,2,2,"2.83","-0.20","-0.62"
"4","A","Gil","yes",0,-2,0,"0.92","0.61","-0.01"
"5","H","Rio","yes",3,2,3,"2.80","-0.19","-0.20"
"6","A","Spo","yes",0,-3,0,"0.00","1.00","0.80"
"7","H","Cas","yes",3,1,2,"2.73","-0.16","0.64"
"8","A","Nac","no",NA,NA,NA,"2.73","-0.16","0.48"
"9","H","Pto","no",NA,NA,NA,"0.00","1.00","1.48"
"10","A","Aro","no",NA,NA,NA,"2.69","-0.14","1.34"
"11","A","Bra","no",NA,NA,NA,"2.79","-0.18","1.16"
"12","H","Fam","no",NA,NA,NA,"2.74","-0.16","1.00"
"13","A","Est","no",NA,NA,NA,"2.89","-0.22","0.78"
"14","H","Ben","no",NA,NA,NA,"2.18","0.07","0.85"
"15","A","Ama","no",NA,NA,NA,"2.88","-0.22","0.63"
"16","H","Ton","no",NA,NA,NA,"2.93","-0.24","0.39"
"17","A","AVS","no",NA,NA,NA,"2.99","-0.27","0.12"
"18","A","Alv","no",NA,NA,NA,"2.65","-0.12","-0.00"
"19","H","Cla","no",NA,NA,NA,"2.83","-0.20","-0.20"
"20","A","Vit","no",NA,NA,NA,"2.61","-0.11","-0.31"
"21","H","Gil","no",NA,NA,NA,"2.47","-0.05","-0.36"
"22","A","Rio","no",NA,NA,NA,"2.63","-0.12","-0.47"
"23","H","Spo","no",NA,NA,NA,"0.00","1.00","0.53"
"24","A","Cas","no",NA,NA,NA,"2.75","-0.17","0.36"
"25","H","Nac","no",NA,NA,NA,"2.71","-0.15","0.21"
"26","A","Pto","no",NA,NA,NA,"0.00","1.00","1.21"
"27","H","Aro","no",NA,NA,NA,"2.76","-0.17","1.04"
"28","H","Bra","no",NA,NA,NA,"2.80","-0.19","0.86"
"29","A","Fam","no",NA,NA,NA,"2.37","-0.00","0.85"
"30","H","Est","no",NA,NA,NA,"2.95","-0.25","0.60"
"31","A","Ben","no",NA,NA,NA,"2.03","0.14","0.74"
"32","H","Ama","no",NA,NA,NA,"2.94","-0.25","0.49"
"33","A","Ton","no",NA,NA,NA,"2.89","-0.23","0.27"
"34","H","AVS","no",NA,NA,NA,"2.99","-0.27","-0.00"
