"","HA","vs","played","Pts","GD","GS","ePts","sched","cumulative"
"1","H","Gil","yes",0,-2,0,"0.33","0.74","0.74"
"2","A","Rio","yes",1,0,1,"1.71","-0.35","0.39"
"3","H","Spo","yes",0,-3,1,"0.00","1.00","1.39"
"4","A","Cas","yes",3,2,2,"2.05","-0.62","0.77"
"5","A","Pto","yes",0,-1,0,"0.00","1.00","1.77"
"6","H","Aro","yes",0,-1,1,"0.76","0.40","2.17"
"7","A","Bra","yes",3,1,1,"2.16","-0.70","1.47"
"8","H","Mor","no",NA,NA,NA,"0.15","0.88","2.35"
"9","A","Est","no",NA,NA,NA,"2.51","-0.99","1.36"
"10","H","Fam","no",NA,NA,NA,"0.70","0.45","1.81"
"11","A","Ama","no",NA,NA,NA,"2.49","-0.96","0.85"
"12","H","Ben","no",NA,NA,NA,"0.19","0.85","1.70"
"13","A","Alv","no",NA,NA,NA,"1.76","-0.39","1.30"
"14","H","Ton","no",NA,NA,NA,"1.76","-0.39","0.91"
"15","A","AVS","no",NA,NA,NA,"2.94","-1.32","-0.41"
"16","H","Cla","no",NA,NA,NA,"1.06","0.17","-0.24"
"17","A","Vit","no",NA,NA,NA,"1.65","-0.31","-0.55"
"18","A","Gil","no",NA,NA,NA,"0.21","0.83","0.28"
"19","H","Rio","no",NA,NA,NA,"0.91","0.28","0.56"
"20","A","Spo","no",NA,NA,NA,"0.00","1.00","1.56"
"21","H","Cas","no",NA,NA,NA,"0.68","0.46","2.02"
"22","H","Pto","no",NA,NA,NA,"0.00","1.00","3.02"
"23","A","Aro","no",NA,NA,NA,"1.86","-0.47","2.55"
"24","H","Bra","no",NA,NA,NA,"0.90","0.29","2.84"
"25","A","Mor","no",NA,NA,NA,"0.18","0.86","3.70"
"26","H","Est","no",NA,NA,NA,"1.96","-0.55","3.15"
"27","A","Fam","no",NA,NA,NA,"1.18","0.07","3.22"
"28","H","Ama","no",NA,NA,NA,"1.90","-0.50","2.72"
"29","A","Ben","no",NA,NA,NA,"0.77","0.39","3.12"
"30","H","Alv","no",NA,NA,NA,"1.72","-0.36","2.76"
"31","A","Ton","no",NA,NA,NA,"2.52","-0.99","1.76"
"32","H","AVS","no",NA,NA,NA,"2.81","-1.22","0.55"
"33","A","Cla","no",NA,NA,NA,"2.16","-0.71","-0.16"
"34","H","Vit","no",NA,NA,NA,"1.06","0.16","-0.00"
