"","HA","vs","played","Pts","GD","GS","ePts","sched","cumulative"
"1","H","Vit","yes",3,3,3,"2.90","-0.03","-0.03"
"2","A","Gil","yes",3,2,2,"2.69","0.05","0.02"
"3","H","Cas","yes",3,4,4,"2.91","-0.03","-0.01"
"4","A","Spo","yes",3,1,2,"2.67","0.06","0.05"
"5","H","Nac","yes",3,1,1,"2.82","0.00","0.05"
"6","A","Rio","yes",3,3,3,"2.92","-0.03","0.02"
"7","A","Aro","yes",3,4,4,"2.96","-0.05","-0.03"
"8","H","Ben","yes",1,0,0,"2.14","0.24","0.22"
"9","A","Mor","no",NA,NA,NA,"2.71","0.04","0.26"
"10","H","Bra","no",NA,NA,NA,"2.79","0.01","0.27"
"11","A","Fam","no",NA,NA,NA,"2.89","-0.02","0.25"
"12","H","Est","no",NA,NA,NA,"2.96","-0.05","0.20"
"13","A","Ton","no",NA,NA,NA,"2.98","-0.06","0.15"
"14","H","Ama","no",NA,NA,NA,"2.97","-0.05","0.10"
"15","A","Alv","no",NA,NA,NA,"2.94","-0.04","0.05"
"16","H","AVS","no",NA,NA,NA,"3.00","-0.06","-0.01"
"17","A","Cla","no",NA,NA,NA,"2.97","-0.05","-0.06"
"18","A","Vit","no",NA,NA,NA,"2.92","-0.03","-0.09"
"19","H","Gil","no",NA,NA,NA,"2.53","0.11","0.02"
"20","A","Cas","no",NA,NA,NA,"2.97","-0.05","-0.03"
"21","H","Spo","no",NA,NA,NA,"1.71","0.39","0.36"
"22","A","Nac","no",NA,NA,NA,"2.92","-0.03","0.33"
"23","H","Rio","no",NA,NA,NA,"2.83","-0.00","0.32"
"24","H","Aro","no",NA,NA,NA,"2.84","-0.00","0.32"
"25","A","Ben","no",NA,NA,NA,"2.77","0.02","0.34"
"26","H","Mor","no",NA,NA,NA,"2.82","0.00","0.34"
"27","A","Bra","no",NA,NA,NA,"2.94","-0.04","0.30"
"28","H","Fam","no",NA,NA,NA,"2.86","-0.01","0.29"
"29","A","Est","no",NA,NA,NA,"2.98","-0.05","0.23"
"30","H","Ton","no",NA,NA,NA,"2.95","-0.05","0.19"
"31","A","Ama","no",NA,NA,NA,"2.98","-0.06","0.13"
"32","H","Alv","no",NA,NA,NA,"2.95","-0.04","0.09"
"33","A","AVS","no",NA,NA,NA,"3.00","-0.06","0.03"
"34","H","Cla","no",NA,NA,NA,"2.91","-0.03","-0.00"
