"","HA","vs","played","Pts","GD","GS","ePts","sched","cumulative"
"1","H","Nac","yes",1,0,1,"0.81","0.36","0.36"
"2","A","Aro","yes",1,0,3,"1.45","-0.14","0.22"
"3","H","Bra","yes",1,0,2,"1.27","0.00","0.22"
"4","A","Mor","yes",0,-2,1,"0.11","0.91","1.13"
"5","H","Pto","yes",0,-3,0,"0.00","1.00","2.13"
"6","A","Ben","yes",1,0,1,"0.54","0.58","2.70"
"7","A","Fam","yes",1,0,0,"0.82","0.36","3.06"
"8","H","Ton","no",NA,NA,NA,"2.16","-0.70","2.36"
"9","A","Ama","no",NA,NA,NA,"2.30","-0.82","1.54"
"10","H","Est","no",NA,NA,NA,"2.43","-0.91","0.63"
"11","A","Alv","no",NA,NA,NA,"1.46","-0.15","0.48"
"12","H","Cla","no",NA,NA,NA,"1.48","-0.16","0.32"
"13","A","AVS","no",NA,NA,NA,"2.91","-1.29","-0.98"
"14","H","Vit","no",NA,NA,NA,"1.48","-0.17","-1.14"
"15","A","Gil","no",NA,NA,NA,"0.14","0.89","-0.25"
"16","A","Spo","no",NA,NA,NA,"0.00","1.00","0.75"
"17","H","Cas","no",NA,NA,NA,"0.75","0.41","1.15"
"18","H","Ben","no",NA,NA,NA,"0.31","0.76","1.91"
"19","A","Nac","no",NA,NA,NA,"1.61","-0.27","1.64"
"20","H","Aro","no",NA,NA,NA,"1.05","0.17","1.81"
"21","A","Bra","no",NA,NA,NA,"1.86","-0.47","1.34"
"22","H","Mor","no",NA,NA,NA,"0.23","0.82","2.16"
"23","A","Pto","no",NA,NA,NA,"0.00","1.00","3.16"
"24","H","Fam","no",NA,NA,NA,"0.89","0.30","3.46"
"25","A","Ton","no",NA,NA,NA,"2.35","-0.85","2.61"
"26","H","Ama","no",NA,NA,NA,"2.29","-0.81","1.81"
"27","A","Est","no",NA,NA,NA,"2.39","-0.88","0.92"
"28","H","Alv","no",NA,NA,NA,"2.13","-0.68","0.24"
"29","A","Cla","no",NA,NA,NA,"1.91","-0.50","-0.26"
"30","H","AVS","no",NA,NA,NA,"2.90","-1.29","-1.55"
"31","A","Vit","no",NA,NA,NA,"1.35","-0.07","-1.61"
"32","H","Gil","no",NA,NA,NA,"0.50","0.61","-1.00"
"33","H","Spo","no",NA,NA,NA,"0.00","1.00","-0.00"
"34","A","Cas","no",NA,NA,NA,"1.26","0.00","-0.00"
