"","HA","vs","played","Pts","GD","GS","ePts","sched","cumulative"
"1","A","Cas","yes",3,2,2,"2.89","-0.15","-0.15"
"2","H","Aro","yes",3,6,6,"2.52","-0.00","-0.16"
"3","A","Nac","yes",3,3,4,"2.73","-0.09","-0.24"
"4","H","Pto","yes",0,-1,1,"0.24","0.91","0.66"
"5","A","Fam","yes",3,1,2,"2.71","-0.08","0.58"
"6","H","Mor","yes",3,3,3,"2.48","0.01","0.59"
"7","A","Est","yes",3,1,1,"2.96","-0.18","0.41"
"8","H","Bra","yes",1,0,1,"2.47","0.01","0.43"
"9","A","Ton","no",NA,NA,NA,"2.96","-0.18","0.25"
"10","H","Alv","no",NA,NA,NA,"2.86","-0.14","0.11"
"11","A","Cla","no",NA,NA,NA,"2.91","-0.16","-0.06"
"12","H","Ama","no",NA,NA,NA,"2.92","-0.16","-0.22"
"13","A","Ben","no",NA,NA,NA,"2.28","0.09","-0.13"
"14","H","AVS","no",NA,NA,NA,"2.99","-0.19","-0.32"
"15","A","Vit","no",NA,NA,NA,"2.74","-0.09","-0.41"
"16","H","Rio","no",NA,NA,NA,"2.53","-0.01","-0.42"
"17","A","Gil","no",NA,NA,NA,"2.08","0.17","-0.24"
"18","H","Cas","no",NA,NA,NA,"2.58","-0.03","-0.27"
"19","A","Aro","no",NA,NA,NA,"2.85","-0.13","-0.40"
"20","H","Nac","no",NA,NA,NA,"2.29","0.09","-0.32"
"21","A","Pto","no",NA,NA,NA,"1.00","0.60","0.28"
"22","H","Fam","no",NA,NA,NA,"2.63","-0.05","0.24"
"23","A","Mor","no",NA,NA,NA,"1.98","0.21","0.45"
"24","H","Est","no",NA,NA,NA,"2.92","-0.16","0.29"
"25","A","Bra","no",NA,NA,NA,"2.89","-0.15","0.13"
"26","H","Ton","no",NA,NA,NA,"2.89","-0.15","-0.02"
"27","A","Alv","no",NA,NA,NA,"2.83","-0.13","-0.15"
"28","H","Cla","no",NA,NA,NA,"2.77","-0.10","-0.25"
"29","A","Ama","no",NA,NA,NA,"2.96","-0.18","-0.43"
"30","H","Ben","no",NA,NA,NA,"1.19","0.53","0.10"
"31","A","AVS","no",NA,NA,NA,"3.00","-0.19","-0.10"
"32","H","Vit","no",NA,NA,NA,"2.68","-0.07","-0.16"
"33","A","Rio","no",NA,NA,NA,"2.73","-0.09","-0.25"
"34","H","Gil","no",NA,NA,NA,"1.88","0.25","0.00"
