"","HA","vs","played","Pts","GD","GS","ePts","sched","cumulative"
"1","A","Pto","yes",0,-3,0,"0.00","1.00","1.00"
"2","H","Est","yes",3,1,3,"2.41","-1.07","-0.07"
"3","A","Mor","yes",0,-2,0,"0.08","0.93","0.86"
"4","H","Aro","yes",1,0,1,"1.02","0.12","0.98"
"5","A","Ama","yes",3,2,2,"2.08","-0.79","0.19"
"6","H","Bra","yes",1,0,1,"1.23","-0.06","0.12"
"7","A","Alv","yes",0,-2,0,"1.18","-0.02","0.11"
"8","H","Cla","no",NA,NA,NA,"1.44","-0.24","-0.13"
"9","A","Fam","no",NA,NA,NA,"0.61","0.47","0.34"
"10","H","Ben","no",NA,NA,NA,"0.30","0.74","1.08"
"11","A","Ton","no",NA,NA,NA,"2.13","-0.84","0.24"
"12","H","AVS","no",NA,NA,NA,"2.90","-1.50","-1.25"
"13","H","Gil","no",NA,NA,NA,"0.48","0.59","-0.66"
"14","A","Rio","no",NA,NA,NA,"1.05","0.09","-0.57"
"15","H","Spo","no",NA,NA,NA,"0.00","1.00","0.43"
"16","A","Cas","no",NA,NA,NA,"1.00","0.14","0.57"
"17","H","Nac","no",NA,NA,NA,"0.78","0.32","0.89"
"18","H","Pto","no",NA,NA,NA,"0.00","1.00","1.89"
"19","A","Est","no",NA,NA,NA,"2.18","-0.88","1.01"
"20","H","Mor","no",NA,NA,NA,"0.22","0.81","1.83"
"21","A","Aro","no",NA,NA,NA,"1.17","-0.01","1.81"
"22","H","Ama","no",NA,NA,NA,"2.27","-0.95","0.86"
"23","A","Bra","no",NA,NA,NA,"1.59","-0.37","0.49"
"24","H","Alv","no",NA,NA,NA,"2.10","-0.81","-0.32"
"25","A","Cla","no",NA,NA,NA,"1.64","-0.41","-0.73"
"26","H","Fam","no",NA,NA,NA,"0.86","0.26","-0.47"
"27","A","Ben","no",NA,NA,NA,"0.40","0.66","0.19"
"28","H","Ton","no",NA,NA,NA,"2.13","-0.83","-0.64"
"29","A","AVS","no",NA,NA,NA,"2.87","-1.47","-2.11"
"30","A","Gil","no",NA,NA,NA,"0.10","0.91","-1.20"
"31","H","Rio","no",NA,NA,NA,"1.20","-0.03","-1.23"
"32","A","Spo","no",NA,NA,NA,"0.00","1.00","-0.23"
"33","H","Cas","no",NA,NA,NA,"0.73","0.37","0.15"
"34","A","Nac","no",NA,NA,NA,"1.33","-0.15","-0.00"
