"","HA","vs","played","Pts","GD","GS","ePts","sched","cumulative"
"1","H","WBA","yes",3,1,2,"1.05","-0.00","-0.00"
"2","A","Rot","yes",1,0,2,"1.60","-0.52","-0.53"
"3","H","Hul","yes",0,-1,1,"0.76","0.28","-0.25"
"4","A","Wat","yes",3,1,1,"1.37","-0.31","-0.56"
"5","A","Ply","yes",0,-3,0,"1.05","0.00","-0.56"
"6","H","Mid","yes",3,1,2,"0.91","0.14","-0.42"
"7","H","Sun","yes",0,-2,1,"1.50","-0.42","-0.84"
"8","A","Ips","yes",0,-1,3,"0.32","0.70","-0.15"
"9","H","Lei","yes",0,-3,1,"0.35","0.66","0.51"
"10","A","Cov","yes",0,-1,0,"0.81","0.23","0.75"
"11","A","QPR","yes",3,4,4,"1.48","-0.41","0.33"
"12","H","Cdf","yes",3,1,1,"1.07","-0.02","0.31"
"13","A","Mil","yes",3,1,2,"1.31","-0.25","0.07"
"14","H","Swa","yes",0,-1,0,"1.12","-0.07","-0.00"
"15","A","Nor","yes",3,2,3,"0.47","0.55","0.55"
"16","H","PNE","yes",0,-1,1,"0.96","0.08","0.63"
"17","A","Sto","yes",3,3,3,"1.24","-0.18","0.45"
"18","H","Bir","yes",3,2,4,"1.70","-0.62","-0.17"
"19","A","ShW","yes",0,-2,1,"1.13","-0.07","-0.24"
"20","H","Lee","yes",0,-2,0,"0.63","0.40","0.16"
"21","H","BrC","yes",3,1,2,"1.30","-0.23","-0.08"
"22","A","Sot","yes",0,-4,0,"0.51","0.52","0.44"
"23","H","Wat","yes",0,-1,1,"1.03","0.02","0.46"
"24","A","Hud","yes",0,-3,0,"1.27","-0.21","0.25"
"25","A","Hul","yes",0,-1,2,"1.01","0.04","0.29"
"26","H","Rot","yes",1,0,2,"2.37","-1.26","-0.96"
"27","A","WBA","yes",0,-3,1,"0.41","0.61","-0.35"
"28","H","Hud","yes",1,0,1,"1.48","-0.41","-0.76"
"29","H","QPR","yes",0,-1,1,"1.18","-0.12","-0.88"
"30","H","Sto","yes",3,2,3,"1.35","-0.28","-1.16"
"31","A","Bir","yes",0,-1,0,"1.06","-0.00","-1.17"
"32","A","PNE","yes",1,0,2,"0.83","0.21","-0.96"
"33","A","Cdf","yes",1,0,0,"0.94","0.11","-0.85"
"34","H","Nor","yes",1,0,1,"1.30","-0.24","-1.08"
"35","A","Swa","yes",0,-1,1,"1.16","-0.10","-1.19"
"36","H","Mil","yes",1,0,1,"1.18","-0.12","-1.31"
"37","H","Ply","yes",1,0,1,"1.65","-0.57","-1.88"
"38","A","Mid","yes",1,0,0,"1.14","-0.08","-1.96"
"39","H","Ips","no",NA,NA,NA,"0.61","0.42","-1.54"
"40","A","Sun","no",NA,NA,NA,"0.82","0.22","-1.31"
"41","H","Sot","no",NA,NA,NA,"0.62","0.41","-0.90"
"42","A","BrC","no",NA,NA,NA,"1.00","0.05","-0.86"
"43","A","Lee","no",NA,NA,NA,"0.23","0.78","-0.08"
"44","H","ShW","no",NA,NA,NA,"1.65","-0.57","-0.64"
"45","H","Cov","no",NA,NA,NA,"1.01","0.04","-0.60"
"46","A","Lei","no",NA,NA,NA,"0.42","0.60","-0.00"
