"","HA","vs","played","Pts","GD","GS","ePts","sched","cumulative"
"1","A","Swa","yes",1,0,1,"0.88","0.16","0.16"
"2","H","Lee","yes",3,1,1,"0.81","0.22","0.38"
"3","A","BrC","yes",3,2,2,"0.75","0.28","0.66"
"4","H","Ply","yes",3,1,2,"1.88","-0.80","-0.14"
"5","H","Mil","yes",1,0,1,"1.42","-0.36","-0.50"
"6","A","Wat","yes",0,-2,0,"1.08","-0.03","-0.53"
"7","A","PNE","yes",0,-1,1,"0.61","0.42","-0.11"
"8","H","QPR","yes",1,0,0,"1.42","-0.36","-0.47"
"9","A","Nor","yes",0,-2,0,"0.33","0.68","0.22"
"10","H","Hud","yes",3,3,4,"1.72","-0.65","-0.43"
"11","H","WBA","yes",3,2,3,"1.29","-0.23","-0.67"
"12","A","Mid","yes",0,-1,0,"0.86","0.17","-0.50"
"13","H","Hul","yes",0,-2,0,"0.96","0.08","-0.42"
"14","A","Sot","yes",0,-2,1,"0.36","0.66","0.24"
"15","H","Ips","yes",1,0,2,"0.78","0.25","0.49"
"16","A","Sun","yes",0,-2,1,"0.60","0.43","0.92"
"17","H","ShW","yes",3,1,2,"1.88","-0.80","0.12"
"18","A","Bbn","yes",0,-2,2,"0.99","0.06","0.18"
"19","H","Rot","yes",1,0,0,"2.51","-1.40","-1.22"
"20","A","Cov","yes",0,-2,0,"0.59","0.44","-0.79"
"21","A","Cdf","yes",3,1,1,"0.69","0.34","-0.45"
"22","H","Lei","yes",0,-1,2,"0.47","0.55","0.10"
"23","A","Ply","yes",1,0,3,"0.79","0.24","0.34"
"24","H","Sto","yes",0,-2,1,"1.59","-0.52","-0.18"
"25","H","BrC","yes",1,0,0,"1.54","-0.48","-0.65"
"26","A","Lee","yes",0,-3,0,"0.16","0.84","0.19"
"27","H","Swa","yes",1,0,2,"1.36","-0.30","-0.11"
"28","A","Sto","yes",3,1,2,"0.96","0.08","-0.03"
"29","A","WBA","yes",0,-1,0,"0.29","0.72","0.69"
"30","A","ShW","yes",0,-2,0,"0.86","0.18","0.87"
"31","H","Bbn","yes",3,1,1,"1.66","-0.59","0.28"
"32","H","Sun","yes",3,1,2,"1.74","-0.66","-0.38"
"33","A","Ips","yes",0,-2,1,"0.22","0.78","0.40"
"34","H","Sot","yes",0,-1,3,"0.80","0.24","0.64"
"35","A","Hul","yes",1,0,1,"0.75","0.28","0.92"
"36","A","Mil","yes",0,-1,0,"1.02","0.03","0.94"
"37","H","Mid","yes",0,-1,0,"1.13","-0.08","0.86"
"38","H","Wat","yes",0,-1,0,"1.26","-0.21","0.65"
"39","A","QPR","no",NA,NA,NA,"1.18","-0.13","0.52"
"40","H","PNE","no",NA,NA,NA,"1.19","-0.14","0.38"
"41","A","Lei","no",NA,NA,NA,"0.29","0.72","1.10"
"42","H","Cdf","no",NA,NA,NA,"1.31","-0.26","0.85"
"43","H","Cov","no",NA,NA,NA,"1.24","-0.19","0.66"
"44","A","Rot","no",NA,NA,NA,"1.30","-0.24","0.42"
"45","A","Hud","no",NA,NA,NA,"0.98","0.06","0.48"
"46","H","Nor","no",NA,NA,NA,"1.54","-0.48","-0.00"
