"","HA","vs","played","Pts","GD","GS","ePts","sched","cumulative"
"1","A","Lei","yes",0,-1,1,"0.73","0.53","0.53"
"2","H","Mid","yes",3,3,3,"1.42","0.08","0.61"
"3","A","Swa","yes",1,0,1,"1.68","-0.09","0.52"
"4","H","Sun","yes",1,0,0,"1.92","-0.24","0.28"
"5","H","Wat","yes",1,0,3,"1.56","-0.01","0.27"
"6","A","Hul","yes",1,0,1,"1.60","-0.03","0.23"
"7","A","Cdf","yes",0,-1,2,"1.53","0.01","0.24"
"8","H","Hud","yes",1,0,1,"2.01","-0.30","-0.06"
"9","A","QPR","yes",3,2,3,"1.91","-0.23","-0.29"
"10","H","Bbn","yes",3,1,1,"1.96","-0.27","-0.56"
"11","H","Nor","yes",1,0,1,"1.84","-0.19","-0.75"
"12","A","BrC","yes",0,-1,0,"1.39","0.10","-0.65"
"13","A","Rot","yes",0,-2,0,"2.07","-0.34","-0.99"
"14","H","WBA","yes",0,-2,0,"1.63","-0.06","-1.04"
"15","A","PNE","yes",0,-1,2,"1.28","0.17","-0.87"
"16","H","Sto","yes",1,0,0,"1.79","-0.16","-1.03"
"17","A","Mil","yes",3,3,3,"1.82","-0.18","-1.21"
"18","H","Ply","yes",3,1,1,"2.16","-0.40","-1.61"
"19","A","Ips","yes",0,-1,1,"0.58","0.62","-0.98"
"20","H","Bir","yes",3,2,2,"2.24","-0.45","-1.43"
"21","H","Sot","yes",1,0,1,"1.06","0.32","-1.11"
"22","A","Lee","yes",1,0,1,"0.43","0.72","-0.39"
"23","A","Sun","yes",3,3,3,"1.29","0.16","-0.23"
"24","H","ShW","yes",3,2,2,"2.14","-0.39","-0.61"
"25","H","Swa","yes",1,0,2,"1.69","-0.09","-0.70"
"26","A","Mid","yes",3,2,3,"1.65","-0.07","-0.77"
"27","H","Lei","yes",3,2,3,"0.76","0.51","-0.26"
"28","A","ShW","yes",3,1,2,"1.66","-0.08","-0.34"
"29","H","BrC","yes",1,0,2,"1.84","-0.19","-0.53"
"30","A","Nor","yes",0,-1,1,"0.79","0.49","-0.04"
"31","H","Mil","yes",3,1,2,"1.72","-0.12","-0.16"
"32","A","Ply","yes",1,0,2,"1.56","-0.01","-0.17"
"33","A","Sto","yes",3,1,1,"1.75","-0.13","-0.30"
"34","H","PNE","yes",0,-3,0,"1.50","0.03","-0.27"
"35","A","WBA","yes",0,-1,1,"0.73","0.53","0.25"
"36","H","Rot","yes",3,5,5,"2.65","-0.72","-0.46"
"37","A","Wat","yes",3,1,2,"1.86","-0.21","-0.67"
"38","A","Hud","yes",3,2,3,"1.83","-0.18","-0.85"
"39","H","Cdf","no",NA,NA,NA,"1.62","-0.05","-0.90"
"40","H","Lee","no",NA,NA,NA,"1.14","0.26","-0.64"
"41","A","Sot","no",NA,NA,NA,"0.92","0.40","-0.24"
"42","A","Bir","no",NA,NA,NA,"1.57","-0.02","-0.26"
"43","H","Hul","no",NA,NA,NA,"1.25","0.19","-0.06"
"44","A","Bbn","no",NA,NA,NA,"1.82","-0.18","-0.24"
"45","H","Ips","no",NA,NA,NA,"1.00","0.35","0.11"
"46","H","QPR","no",NA,NA,NA,"1.71","-0.11","-0.00"
