"","HA","vs","played","Pts","GD","GS","ePts","sched","cumulative"
"1","A","Nor","yes",0,-1,1,"1.03","0.33","0.33"
"2","H","ShW","yes",3,2,4,"1.91","-0.24","0.09"
"3","A","Bbn","yes",3,1,2,"2.02","-0.31","-0.23"
"4","H","BrC","yes",1,0,1,"1.57","-0.02","-0.25"
"5","A","Lei","yes",3,1,1,"0.93","0.40","0.15"
"6","H","Cov","yes",1,0,1,"1.29","0.16","0.31"
"7","H","Lee","yes",1,0,0,"0.85","0.45","0.75"
"8","A","Sto","yes",3,2,3,"1.92","-0.25","0.51"
"9","H","Ply","yes",1,0,1,"1.93","-0.25","0.25"
"10","A","Ips","yes",0,-3,0,"0.77","0.50","0.75"
"11","A","Mil","yes",1,0,2,"2.05","-0.33","0.42"
"12","H","Sot","yes",0,-1,1,"0.83","0.46","0.88"
"13","A","Bir","yes",3,2,2,"1.73","-0.13","0.75"
"14","H","PNE","yes",3,1,1,"1.33","0.14","0.89"
"15","A","WBA","yes",0,-2,1,"0.96","0.38","1.26"
"16","H","Hud","yes",3,1,1,"1.74","-0.13","1.13"
"17","A","Swa","yes",1,0,2,"2.00","-0.30","0.83"
"18","H","Rot","yes",3,3,4,"2.53","-0.64","0.19"
"19","H","Wat","yes",0,-1,1,"1.39","0.09","0.28"
"20","A","QPR","yes",0,-2,0,"2.18","-0.42","-0.14"
"21","A","Mid","yes",3,1,2,"1.86","-0.21","-0.35"
"22","H","Cdf","yes",3,3,3,"1.27","0.17","-0.17"
"23","A","BrC","yes",0,-1,2,"1.76","-0.14","-0.32"
"24","H","Sun","yes",0,-1,0,"1.78","-0.16","-0.47"
"25","H","Bbn","yes",3,1,3,"1.71","-0.11","-0.58"
"26","A","ShW","yes",0,-2,1,"1.88","-0.22","-0.81"
"27","H","Nor","yes",0,-1,1,"1.69","-0.10","-0.91"
"28","A","Sun","yes",3,1,1,"1.51","0.02","-0.89"
"29","H","Mil","yes",3,1,1,"1.45","0.06","-0.83"
"30","H","Swa","yes",0,-1,0,"1.41","0.08","-0.75"
"31","A","Rot","yes",3,1,2,"2.27","-0.47","-1.22"
"32","A","Hud","yes",3,1,2,"2.01","-0.31","-1.53"
"33","A","Sot","yes",3,1,2,"1.08","0.30","-1.23"
"34","H","WBA","yes",1,0,1,"1.34","0.13","-1.11"
"35","A","PNE","yes",1,0,0,"1.56","-0.01","-1.12"
"36","H","Bir","yes",1,0,1,"1.97","-0.28","-1.40"
"37","H","Lei","yes",1,0,2,"0.50","0.68","-0.72"
"38","H","Sto","no",NA,NA,NA,"1.63","-0.06","-0.78"
"39","A","Lee","no",NA,NA,NA,"0.59","0.62","-0.16"
"40","A","Cdf","no",NA,NA,NA,"1.68","-0.09","-0.26"
"41","H","Mid","no",NA,NA,NA,"1.17","0.24","-0.02"
"42","H","QPR","no",NA,NA,NA,"1.46","0.05","0.03"
"43","A","Wat","no",NA,NA,NA,"2.10","-0.36","-0.34"
"44","A","Cov","no",NA,NA,NA,"1.54","0.00","-0.34"
"45","H","Ips","no",NA,NA,NA,"0.82","0.47","0.13"
"46","A","Ply","no",NA,NA,NA,"1.74","-0.13","0.00"
