"","HA","vs","played","Pts","GD","GS","ePts","sched","cumulative"
"1","A","Mid","yes",3,1,1,"1.41","-0.22","-0.22"
"2","H","BrC","yes",0,-1,0,"1.26","-0.09","-0.31"
"3","A","Nor","yes",0,-2,1,"0.64","0.45","0.14"
"4","H","Sto","yes",3,1,1,"1.31","-0.13","0.01"
"5","A","Bir","yes",1,0,1,"1.32","-0.14","-0.14"
"6","H","Lee","yes",0,-3,0,"0.61","0.47","0.34"
"7","H","Rot","yes",3,3,3,"2.35","-1.03","-0.69"
"8","A","WBA","yes",1,0,0,"0.56","0.52","-0.17"
"9","H","Swa","yes",0,-3,0,"1.09","0.06","-0.12"
"10","A","Ply","yes",3,2,2,"1.32","-0.14","-0.25"
"11","H","Hul","yes",1,0,2,"0.73","0.37","0.11"
"12","A","PNE","yes",1,0,1,"1.07","0.07","0.18"
"13","H","Bbn","yes",0,-1,1,"1.39","-0.20","-0.01"
"14","A","Wat","yes",1,0,2,"1.65","-0.43","-0.44"
"15","H","Sot","yes",0,-1,0,"0.60","0.48","0.05"
"16","A","ShW","yes",3,4,4,"1.40","-0.21","-0.17"
"17","H","Cov","yes",0,-3,0,"0.98","0.15","-0.01"
"18","A","Ips","yes",0,-2,1,"0.44","0.62","0.61"
"19","H","Sun","yes",1,0,1,"1.46","-0.26","0.35"
"20","A","Cdf","yes",0,-1,0,"1.20","-0.03","0.31"
"21","A","Lei","yes",0,-1,2,"0.57","0.51","0.83"
"22","H","Hud","yes",1,0,1,"1.45","-0.25","0.58"
"23","A","Sto","yes",1,0,0,"1.52","-0.31","0.26"
"24","H","QPR","yes",3,2,2,"1.14","0.01","0.28"
"25","H","Nor","yes",3,1,1,"1.26","-0.09","0.18"
"26","A","BrC","yes",3,1,1,"1.27","-0.09","0.09"
"27","H","Mid","yes",0,-2,1,"0.88","0.24","0.33"
"28","A","QPR","yes",0,-2,0,"1.76","-0.52","-0.18"
"29","H","PNE","yes",1,0,1,"0.93","0.19","0.01"
"30","A","Hul","yes",0,-1,0,"1.27","-0.10","-0.09"
"31","A","Cov","yes",0,-1,1,"1.05","0.09","0.00"
"32","H","Ips","yes",0,-4,0,"0.58","0.49","0.50"
"33","H","ShW","yes",0,-2,0,"1.61","-0.39","0.10"
"34","A","Sot","yes",3,1,2,"0.68","0.41","0.52"
"35","H","Wat","yes",3,1,1,"1.00","0.14","0.65"
"36","A","Bbn","yes",1,0,1,"1.55","-0.34","0.31"
"37","H","Bir","yes",3,1,1,"1.67","-0.44","-0.13"
"38","A","Lee","no",NA,NA,NA,"0.34","0.71","0.58"
"39","H","WBA","no",NA,NA,NA,"1.02","0.12","0.70"
"40","A","Rot","no",NA,NA,NA,"1.87","-0.61","0.08"
"41","A","Hud","no",NA,NA,NA,"1.55","-0.34","-0.26"
"42","H","Lei","no",NA,NA,NA,"0.34","0.70","0.45"
"43","H","Cdf","no",NA,NA,NA,"1.04","0.10","0.55"
"44","A","Sun","no",NA,NA,NA,"1.06","0.09","0.63"
"45","H","Ply","no",NA,NA,NA,"1.61","-0.39","0.24"
"46","A","Swa","no",NA,NA,NA,"1.43","-0.24","-0.00"
