"","HA","vs","played","Pts","GD","GS","ePts","sched","cumulative"
"1","H","Hul","yes",3,1,2,"1.77","-0.15","-0.15"
"2","A","Sot","yes",1,0,4,"0.52","0.67","0.52"
"3","H","Mil","yes",3,2,3,"2.17","-0.40","0.11"
"4","A","Hud","yes",3,4,4,"1.30","0.16","0.27"
"5","A","Rot","yes",0,-1,1,"1.63","-0.05","0.22"
"6","H","Sto","yes",3,1,1,"2.30","-0.49","-0.27"
"7","H","Lei","yes",0,-2,0,"1.09","0.29","0.03"
"8","A","Ply","yes",0,-4,2,"1.01","0.34","0.37"
"9","H","Bir","yes",3,2,2,"2.51","-0.62","-0.25"
"10","A","Swa","yes",0,-1,1,"1.29","0.17","-0.09"
"11","A","Cov","yes",1,0,1,"0.83","0.46","0.37"
"12","H","Lee","yes",0,-1,2,"1.60","-0.03","0.34"
"13","H","Mid","yes",0,-1,1,"1.94","-0.26","0.08"
"14","A","Sun","yes",0,-2,1,"0.81","0.48","0.56"
"15","H","Bbn","yes",0,-2,1,"2.35","-0.52","0.04"
"16","A","Cdf","yes",3,1,3,"0.96","0.38","0.42"
"17","H","QPR","yes",3,1,1,"2.18","-0.41","0.01"
"18","A","Wat","yes",0,-1,2,"1.40","0.10","0.10"
"19","A","BrC","yes",3,1,2,"1.03","0.34","0.44"
"20","H","PNE","yes",1,0,0,"2.07","-0.34","0.09"
"21","H","ShW","yes",3,2,3,"2.48","-0.60","-0.51"
"22","A","Ips","yes",1,0,2,"0.34","0.78","0.27"
"23","H","Hud","yes",3,2,2,"2.37","-0.54","-0.26"
"24","A","WBA","yes",0,-1,0,"0.44","0.71","0.45"
"25","A","Mil","yes",0,-1,0,"1.34","0.13","0.58"
"26","H","Sot","yes",1,0,1,"1.58","-0.02","0.56"
"27","A","Hul","yes",3,1,2,"1.04","0.33","0.89"
"28","H","WBA","yes",3,2,2,"2.09","-0.35","0.54"
"29","A","Lee","yes",0,-1,0,"0.25","0.84","1.38"
"30","H","Cov","yes",3,1,2,"2.05","-0.32","1.05"
"31","A","QPR","yes",1,0,2,"1.51","0.03","1.08"
"32","H","Wat","yes",3,2,4,"2.13","-0.38","0.70"
"33","H","Cdf","yes",3,3,4,"2.03","-0.31","0.39"
"34","A","Bbn","yes",1,0,1,"1.30","0.16","0.55"
"35","H","Sun","yes",3,1,1,"2.40","-0.55","-0.00"
"36","A","Mid","yes",0,-2,1,"1.13","0.27","0.27"
"37","H","Rot","yes",3,5,5,"2.79","-0.80","-0.54"
"38","A","Sto","no",NA,NA,NA,"1.19","0.23","-0.31"
"39","H","Ply","no",NA,NA,NA,"2.48","-0.61","-0.92"
"40","A","Lei","no",NA,NA,NA,"0.43","0.72","-0.20"
"41","H","Ips","no",NA,NA,NA,"1.56","-0.01","-0.20"
"42","A","ShW","no",NA,NA,NA,"1.15","0.26","0.05"
"43","A","PNE","no",NA,NA,NA,"0.85","0.45","0.50"
"44","H","BrC","no",NA,NA,NA,"2.26","-0.46","0.04"
"45","H","Swa","no",NA,NA,NA,"2.14","-0.39","-0.35"
"46","A","Bir","no",NA,NA,NA,"1.01","0.35","-0.00"
