"","HA","vs","played","Pts","GD","GS","ePts","sched","cumulative"
"1","A","BrC","yes",1,0,1,"1.41","0.05","0.05"
"2","H","Sun","yes",3,1,2,"1.98","-0.34","-0.29"
"3","A","ShW","yes",3,1,1,"1.54","-0.04","-0.33"
"4","H","Swa","yes",3,1,2,"1.63","-0.11","-0.44"
"5","A","Sto","yes",3,2,2,"1.58","-0.07","-0.51"
"6","H","Ply","yes",3,1,2,"2.11","-0.43","-0.94"
"7","H","Bir","yes",3,1,2,"2.16","-0.46","-1.40"
"8","A","Rot","yes",1,0,1,"1.99","-0.35","-1.75"
"9","H","WBA","yes",0,-4,0,"1.56","-0.06","-1.80"
"10","A","Lei","yes",0,-3,0,"0.65","0.56","-1.25"
"11","A","Ips","yes",0,-2,2,"0.53","0.64","-0.60"
"12","H","Mil","yes",1,0,1,"1.67","-0.13","-0.73"
"13","H","Sot","yes",1,0,2,"1.03","0.31","-0.43"
"14","A","Hul","yes",0,-1,0,"1.41","0.04","-0.38"
"15","H","Cov","yes",3,1,3,"1.52","-0.03","-0.41"
"16","A","Bbn","yes",3,1,2,"1.69","-0.14","-0.56"
"17","H","Cdf","yes",0,-1,1,"1.49","-0.01","-0.57"
"18","A","Mid","yes",0,-4,0,"1.52","-0.03","-0.59"
"19","H","QPR","yes",0,-2,0,"1.68","-0.14","-0.73"
"20","A","Nor","yes",1,0,0,"0.74","0.50","-0.23"
"21","A","Hud","yes",3,2,3,"1.69","-0.14","-0.37"
"22","H","Wat","yes",0,-4,1,"1.62","-0.09","-0.46"
"23","A","Swa","yes",0,-1,1,"1.68","-0.13","-0.60"
"24","H","Lee","yes",3,1,2,"1.05","0.29","-0.30"
"25","H","ShW","yes",0,-1,0,"2.10","-0.42","-0.73"
"26","A","Sun","yes",0,-2,0,"1.16","0.22","-0.51"
"27","H","BrC","yes",3,2,2,"1.79","-0.21","-0.72"
"28","A","Lee","yes",0,-1,1,"0.40","0.73","0.01"
"29","A","Mil","yes",1,0,1,"1.73","-0.17","-0.15"
"30","H","Ips","yes",3,1,3,"1.01","0.32","0.16"
"31","A","Cdf","yes",3,2,2,"1.33","0.10","0.26"
"32","H","Mid","yes",3,1,2,"1.39","0.06","0.32"
"33","H","Bbn","yes",1,0,2,"1.92","-0.30","0.02"
"34","A","Cov","yes",3,3,3,"1.19","0.20","0.22"
"35","H","Hul","yes",1,0,0,"1.22","0.18","0.40"
"36","H","Sto","yes",0,-1,1,"1.84","-0.25","0.15"
"37","A","Ply","no",NA,NA,NA,"1.39","0.06","0.21"
"38","H","Rot","no",NA,NA,NA,"2.62","-0.77","-0.56"
"39","A","Bir","no",NA,NA,NA,"1.38","0.06","-0.50"
"40","A","Wat","no",NA,NA,NA,"1.78","-0.21","-0.71"
"41","H","Hud","no",NA,NA,NA,"1.95","-0.32","-1.02"
"42","H","Nor","no",NA,NA,NA,"1.90","-0.29","-1.31"
"43","A","Sot","no",NA,NA,NA,"0.78","0.47","-0.84"
"44","A","QPR","no",NA,NA,NA,"1.88","-0.27","-1.11"
"45","H","Lei","no",NA,NA,NA,"0.63","0.57","-0.54"
"46","A","WBA","no",NA,NA,NA,"0.68","0.54","-0.00"
