"","HA","vs","played","Pts","GD","GS","ePts","sched","cumulative"
"1","A","Wat","yes",0,-4,0,"1.64","-0.53","-0.53"
"2","A","Cdf","yes",3,1,2,"1.18","-0.11","-0.64"
"3","H","Ips","yes",0,-1,0,"0.48","0.56","-0.08"
"4","A","Sot","yes",0,-1,1,"0.67","0.37","0.29"
"5","A","Mid","yes",3,2,2,"1.40","-0.31","-0.02"
"6","H","Sun","yes",0,-2,1,"1.27","-0.19","-0.21"
"7","H","Swa","yes",1,0,1,"0.92","0.14","-0.07"
"8","A","Bir","yes",1,0,0,"1.31","-0.23","-0.29"
"9","H","Cov","yes",0,-2,1,"0.82","0.23","-0.06"
"10","A","Lee","yes",0,-1,0,"0.31","0.71","0.64"
"11","H","Bbn","yes",0,-4,0,"1.20","-0.12","0.52"
"12","A","Hud","yes",0,-1,1,"1.54","-0.44","0.09"
"13","A","WBA","yes",0,-2,0,"0.55","0.48","0.57"
"14","H","Lei","yes",0,-1,1,"0.27","0.74","1.31"
"15","A","Rot","yes",1,0,1,"1.86","-0.74","0.58"
"16","H","BrC","yes",1,0,0,"1.08","-0.01","0.56"
"17","A","Nor","yes",0,-1,0,"0.63","0.41","0.98"
"18","H","Sto","yes",3,2,4,"1.13","-0.05","0.92"
"19","A","PNE","yes",3,2,2,"1.06","0.01","0.93"
"20","H","Hul","yes",3,2,2,"0.60","0.44","1.36"
"21","H","Ply","yes",1,0,0,"1.43","-0.33","1.03"
"22","A","ShW","yes",0,-1,1,"1.39","-0.30","0.73"
"23","H","Sot","yes",0,-1,0,"0.49","0.54","1.27"
"24","A","Mil","yes",0,-2,0,"1.57","-0.47","0.80"
"25","A","Ips","yes",1,0,0,"0.43","0.59","1.40"
"26","H","Cdf","yes",0,-1,1,"0.88","0.18","1.58"
"27","H","Wat","yes",0,-1,1,"0.84","0.22","1.79"
"28","H","Mil","yes",3,2,2,"0.97","0.09","1.88"
"29","H","Hud","yes",1,0,1,"1.26","-0.18","1.71"
"30","A","Bbn","yes",3,1,2,"1.54","-0.44","1.27"
"31","H","Nor","yes",1,0,2,"1.08","-0.01","1.25"
"32","A","Sto","yes",0,-1,0,"1.51","-0.41","0.84"
"33","A","BrC","yes",3,1,1,"1.25","-0.17","0.67"
"34","H","Rot","yes",3,1,2,"2.22","-1.08","-0.40"
"35","A","Lei","yes",3,1,2,"0.56","0.48","0.07"
"36","H","WBA","yes",1,0,2,"0.86","0.20","0.27"
"37","H","Mid","yes",0,-2,0,"0.73","0.32","0.59"
"38","A","Sun","yes",1,0,0,"1.05","0.02","0.61"
"39","H","Bir","no",NA,NA,NA,"1.48","-0.39","0.22"
"40","A","Swa","no",NA,NA,NA,"1.42","-0.33","-0.10"
"41","H","ShW","no",NA,NA,NA,"1.43","-0.33","-0.44"
"42","A","Ply","no",NA,NA,NA,"1.31","-0.22","-0.66"
"43","A","Hul","no",NA,NA,NA,"1.26","-0.18","-0.84"
"44","H","PNE","no",NA,NA,NA,"0.78","0.27","-0.57"
"45","H","Lee","no",NA,NA,NA,"0.50","0.54","-0.03"
"46","A","Cov","no",NA,NA,NA,"1.04","0.03","-0.00"
