"","HA","vs","played","Pts","GD","GS","ePts","sched","cumulative"
"1","A","Sto","yes",0,-3,1,"0.35","0.37","0.37"
"2","H","Bbn","yes",1,0,2,"1.07","-0.95","-0.57"
"3","A","Sun","yes",0,-1,1,"0.21","0.62","0.04"
"4","H","Lei","yes",0,-1,1,"0.24","0.57","0.61"
"5","H","Nor","yes",3,1,2,"1.06","-0.93","-0.32"
"6","A","Hud","yes",0,-2,0,"0.39","0.29","-0.02"
"7","A","Mil","yes",0,-3,0,"0.41","0.26","0.23"
"8","H","PNE","yes",1,0,1,"0.75","-0.36","-0.13"
"9","A","Cdf","yes",0,-2,0,"0.26","0.53","0.40"
"10","H","BrC","yes",0,-1,1,"0.95","-0.72","-0.32"
"11","A","Sot","yes",1,0,1,"0.13","0.77","0.45"
"12","H","Cov","yes",3,2,2,"0.72","-0.31","0.13"
"13","A","ShW","yes",0,-2,0,"0.33","0.40","0.54"
"14","H","QPR","yes",1,0,1,"0.85","-0.55","-0.01"
"15","H","Ips","yes",1,0,2,"0.41","0.25","0.24"
"16","A","Wat","yes",0,-5,0,"0.44","0.21","0.44"
"17","H","Lee","yes",1,0,1,"0.43","0.22","0.66"
"18","A","Hul","yes",0,-3,1,"0.29","0.48","1.14"
"19","A","Bir","yes",1,0,0,"0.28","0.50","1.64"
"20","H","Swa","yes",0,-1,1,"0.81","-0.48","1.16"
"21","H","WBA","yes",0,-2,0,"0.76","-0.38","0.79"
"22","A","Ply","yes",0,-1,2,"0.28","0.50","1.28"
"23","A","Lei","yes",0,-3,0,"0.11","0.81","2.09"
"24","H","Mid","yes",3,1,1,"0.64","-0.16","1.93"
"25","H","Sun","yes",1,0,1,"1.14","-1.08","0.85"
"26","A","Bbn","yes",1,0,2,"0.39","0.29","1.14"
"27","H","Sto","yes",0,-1,0,"1.00","-0.82","0.32"
"28","A","Mid","yes",1,0,1,"0.32","0.42","0.74"
"29","H","Sot","yes",0,-2,0,"0.42","0.24","0.98"
"30","A","Lee","yes",0,-3,0,"0.06","0.88","1.86"
"31","H","Hul","yes",0,-1,1,"0.53","0.04","1.91"
"32","H","Wat","yes",0,-1,0,"0.80","-0.45","1.45"
"33","A","Ips","yes",0,-1,3,"0.08","0.85","2.30"
"34","A","QPR","yes",0,-1,1,"0.49","0.10","2.40"
"35","H","ShW","yes",0,-1,0,"1.28","-1.33","1.07"
"36","A","Cov","yes",0,-5,0,"0.22","0.60","1.68"
"37","A","Nor","yes",0,-5,0,"0.12","0.78","2.46"
"38","H","Hud","no",NA,NA,NA,"1.10","-1.01","1.45"
"39","A","PNE","no",NA,NA,NA,"0.22","0.59","2.04"
"40","H","Mil","no",NA,NA,NA,"0.84","-0.53","1.51"
"41","H","Ply","no",NA,NA,NA,"1.30","-1.36","0.15"
"42","A","WBA","no",NA,NA,NA,"0.11","0.80","0.95"
"43","A","Swa","no",NA,NA,NA,"0.39","0.30","1.25"
"44","H","Bir","no",NA,NA,NA,"1.35","-1.45","-0.20"
"45","A","BrC","no",NA,NA,NA,"0.28","0.49","0.28"
"46","H","Cdf","no",NA,NA,NA,"0.71","-0.28","0.00"
