"","HA","vs","played","Pts","GD","GS","ePts","sched","cumulative"
"1","H","Rot","yes",3,3,4,"2.39","-1.17","-1.17"
"2","A","Ips","yes",0,-2,0,"0.35","0.68","-0.49"
"3","H","Wat","yes",3,1,1,"1.06","0.04","-0.45"
"4","A","Mil","yes",0,-1,0,"1.39","-0.26","-0.71"
"5","H","PNE","yes",0,-2,0,"1.00","0.09","-0.62"
"6","A","Nor","yes",0,-1,0,"0.51","0.53","-0.08"
"7","A","Hud","yes",1,0,2,"1.35","-0.23","-0.31"
"8","H","Hul","yes",0,-2,1,"0.79","0.28","-0.03"
"9","A","BrC","yes",3,1,3,"1.07","0.02","-0.00"
"10","H","Sot","yes",0,-1,0,"0.65","0.41","0.41"
"11","A","Lei","yes",0,-2,0,"0.45","0.59","1.00"
"12","H","Sun","yes",3,1,2,"1.53","-0.39","0.61"
"13","H","Lee","yes",3,1,1,"0.66","0.40","1.02"
"14","A","Mid","yes",3,2,2,"1.21","-0.10","0.91"
"15","H","Cdf","yes",1,0,0,"1.11","-0.01","0.91"
"16","A","Cov","yes",1,0,0,"0.87","0.21","1.11"
"17","H","Bbn","yes",0,-3,0,"1.46","-0.32","0.79"
"18","A","QPR","yes",0,-2,2,"1.56","-0.42","0.37"
"19","A","Ply","yes",0,-1,1,"1.13","-0.02","0.35"
"20","H","ShW","yes",0,-1,0,"1.68","-0.53","-0.17"
"21","H","Swa","yes",1,0,1,"1.16","-0.05","-0.22"
"22","A","WBA","yes",1,0,1,"0.45","0.59","0.37"
"23","H","Mil","yes",1,0,0,"1.20","-0.09","0.28"
"24","A","Bir","yes",3,2,3,"1.13","-0.03","0.25"
"25","A","Wat","yes",1,0,1,"1.45","-0.32","-0.07"
"26","H","Ips","yes",1,0,0,"0.63","0.43","0.36"
"27","A","Rot","yes",3,1,1,"1.68","-0.53","-0.16"
"28","H","Bir","yes",0,-1,1,"1.74","-0.58","-0.74"
"29","A","Sun","yes",0,-2,1,"0.88","0.20","-0.54"
"30","H","Lei","yes",0,-5,0,"0.37","0.66","0.12"
"31","A","Bbn","yes",0,-2,1,"1.36","-0.23","-0.11"
"32","H","QPR","yes",3,1,1,"1.21","-0.10","-0.21"
"33","H","Cov","yes",0,-1,0,"1.05","0.05","-0.16"
"34","A","Cdf","yes",0,-1,1,"1.01","0.08","-0.07"
"35","H","Mid","yes",3,2,2,"0.94","0.15","0.07"
"36","A","Lee","yes",0,-1,0,"0.27","0.76","0.83"
"37","A","PNE","yes",3,1,2,"0.90","0.19","1.02"
"38","H","Nor","yes",0,-3,0,"1.34","-0.21","0.81"
"39","A","Hul","no",NA,NA,NA,"1.08","0.02","0.82"
"40","H","Hud","no",NA,NA,NA,"1.52","-0.38","0.45"
"41","H","WBA","no",NA,NA,NA,"1.09","0.01","0.46"
"42","A","Swa","no",NA,NA,NA,"1.24","-0.12","0.33"
"43","A","ShW","no",NA,NA,NA,"1.21","-0.10","0.24"
"44","H","Ply","no",NA,NA,NA,"1.68","-0.53","-0.29"
"45","A","Sot","no",NA,NA,NA,"0.55","0.50","0.21"
"46","H","BrC","no",NA,NA,NA,"1.33","-0.21","-0.00"
