"","HA","vs","played","Pts","GD","GS","ePts","sched","cumulative"
"1","H","QPR","yes",3,4,4,"1.07","0.07","0.07"
"2","H","Ply","yes",1,0,0,"1.54","-0.34","-0.26"
"3","A","Sto","yes",0,-1,0,"1.51","-0.31","-0.57"
"4","H","Bbn","yes",0,-1,0,"1.31","-0.13","-0.70"
"5","A","Cov","yes",1,0,3,"1.12","0.03","-0.67"
"6","H","Bir","yes",3,2,2,"1.60","-0.38","-1.05"
"7","H","WBA","yes",1,0,2,"0.96","0.17","-0.88"
"8","A","Lee","yes",0,-3,0,"0.37","0.68","-0.20"
"9","H","Mid","yes",0,-1,2,"0.82","0.29","0.09"
"10","A","Sun","yes",0,-2,0,"1.09","0.06","0.15"
"11","A","Cdf","yes",1,0,1,"1.26","-0.09","0.06"
"12","H","ShW","yes",3,1,1,"1.53","-0.32","-0.26"
"13","A","Swa","yes",3,1,1,"1.61","-0.39","-0.65"
"14","H","Mil","yes",1,0,2,"1.06","0.09","-0.57"
"15","A","Hud","yes",1,0,0,"1.62","-0.40","-0.97"
"16","H","Rot","yes",3,5,5,"2.30","-0.99","-1.95"
"17","A","Lei","yes",0,-2,0,"0.61","0.47","-1.48"
"18","H","Nor","yes",3,1,3,"1.30","-0.12","-1.60"
"19","A","Hul","yes",3,1,2,"1.34","-0.16","-1.76"
"20","H","Sot","yes",1,0,1,"0.55","0.52","-1.24"
"21","H","Ips","yes",0,-1,1,"0.54","0.53","-0.71"
"22","A","PNE","yes",3,4,5,"1.14","0.02","-0.69"
"23","A","Bbn","yes",3,1,2,"1.62","-0.40","-1.10"
"24","H","BrC","yes",0,-3,1,"1.17","-0.02","-1.11"
"25","H","Sto","yes",1,0,1,"1.23","-0.07","-1.18"
"26","A","Ply","yes",1,0,3,"1.32","-0.14","-1.32"
"27","A","QPR","yes",3,1,2,"1.82","-0.57","-1.89"
"28","A","BrC","yes",1,0,1,"1.34","-0.16","-2.05"
"29","A","ShW","yes",1,0,0,"1.47","-0.27","-2.32"
"30","H","Cdf","yes",0,-1,0,"0.90","0.22","-2.10"
"31","H","Lei","yes",0,-1,1,"0.32","0.73","-1.37"
"32","A","Nor","yes",0,-2,2,"0.69","0.41","-0.97"
"33","A","Rot","yes",3,1,1,"1.93","-0.67","-1.63"
"34","H","Hud","yes",0,-1,1,"1.35","-0.16","-1.80"
"35","A","Mil","yes",0,-1,0,"1.66","-0.44","-2.23"
"36","H","Swa","yes",1,0,1,"1.03","0.11","-2.12"
"37","H","Cov","yes",0,-1,1,"0.92","0.20","-1.92"
"38","A","Bir","no",NA,NA,NA,"1.31","-0.14","-2.05"
"39","H","Lee","no",NA,NA,NA,"0.56","0.51","-1.54"
"40","A","WBA","no",NA,NA,NA,"0.63","0.46","-1.09"
"41","H","PNE","no",NA,NA,NA,"0.95","0.18","-0.91"
"42","A","Ips","no",NA,NA,NA,"0.49","0.58","-0.33"
"43","A","Sot","no",NA,NA,NA,"0.73","0.37","0.04"
"44","H","Hul","no",NA,NA,NA,"0.68","0.41","0.45"
"45","H","Sun","no",NA,NA,NA,"1.39","-0.20","0.25"
"46","A","Mid","no",NA,NA,NA,"1.45","-0.25","-0.00"
