"","HA","vs","played","Pts","GD","GS","ePts","sched","cumulative"
"1","A","Bbn","yes",0,-1,1,"1.67","0.05","0.05"
"2","H","Swa","yes",3,1,3,"2.24","-0.27","-0.22"
"3","A","Lee","yes",1,0,1,"0.39","0.78","0.56"
"4","H","Mid","yes",3,2,4,"2.05","-0.16","0.40"
"5","H","Hud","yes",0,-1,1,"2.46","-0.40","-0.00"
"6","A","BrC","yes",1,0,0,"1.39","0.21","0.21"
"7","A","Wat","yes",1,0,2,"1.77","-0.00","0.21"
"8","H","Mil","yes",1,0,0,"2.27","-0.29","-0.08"
"9","A","PNE","yes",3,4,4,"1.19","0.33","0.25"
"10","H","ShW","yes",3,1,1,"2.55","-0.44","-0.20"
"11","A","Bir","yes",0,-2,1,"1.45","0.18","-0.02"
"12","H","Ply","yes",1,0,0,"2.55","-0.44","-0.46"
"13","H","QPR","yes",3,2,2,"2.28","-0.29","-0.75"
"14","A","Cov","yes",3,2,2,"1.16","0.34","-0.41"
"15","H","Hul","yes",3,2,3,"1.89","-0.07","-0.49"
"16","A","Sot","yes",0,-1,1,"0.77","0.56","0.08"
"17","H","Ips","yes",3,2,2,"1.69","0.04","0.12"
"18","A","Cdf","yes",3,1,1,"1.31","0.25","0.37"
"19","H","Lei","yes",0,-1,1,"1.21","0.31","0.69"
"20","A","Sun","yes",0,-1,1,"1.17","0.33","1.02"
"21","A","Rot","yes",3,2,2,"1.98","-0.12","0.90"
"22","H","Sto","yes",1,0,1,"2.39","-0.35","0.54"
"23","A","Mid","yes",0,-1,0,"1.53","0.13","0.67"
"24","H","Nor","yes",3,1,1,"2.36","-0.34","0.34"
"25","H","Lee","yes",3,1,1,"1.72","0.02","0.36"
"26","A","Swa","yes",0,-1,0,"1.56","0.12","0.48"
"27","H","Bbn","yes",3,3,4,"2.43","-0.38","0.10"
"28","A","Nor","yes",0,-2,0,"0.72","0.59","0.69"
"29","H","Bir","yes",3,1,1,"2.57","-0.46","0.23"
"30","A","Ips","yes",1,0,2,"0.50","0.71","0.94"
"31","H","Cdf","yes",3,2,2,"2.20","-0.25","0.69"
"32","H","Sot","yes",0,-2,0,"1.71","0.03","0.72"
"33","A","Ply","yes",3,3,3,"1.44","0.18","0.91"
"34","A","Hul","yes",1,0,1,"1.39","0.21","1.12"
"35","H","Cov","yes",3,1,2,"2.15","-0.22","0.90"
"36","A","QPR","yes",1,0,2,"1.87","-0.06","0.84"
"37","A","Hud","yes",3,3,4,"1.67","0.05","0.89"
"38","H","BrC","yes",3,2,2,"2.36","-0.34","0.55"
"39","A","Mil","no",NA,NA,NA,"1.71","0.03","0.58"
"40","H","Wat","no",NA,NA,NA,"2.16","-0.23","0.36"
"41","A","Sto","no",NA,NA,NA,"1.64","0.07","0.43"
"42","H","Rot","no",NA,NA,NA,"2.82","-0.60","-0.17"
"43","H","Sun","no",NA,NA,NA,"2.47","-0.40","-0.57"
"44","A","Lei","no",NA,NA,NA,"0.64","0.63","0.06"
"45","A","ShW","no",NA,NA,NA,"1.52","0.13","0.20"
"46","H","PNE","no",NA,NA,NA,"2.11","-0.20","-0.00"
