"","HA","vs","played","Pts","GD","ePts","sched","cumulative"
"1","H","Sal","yes",3,1,"2.14","-0.61","-0.61"
"2","A","Ata","yes",1,0,"1.35","-0.01","-0.63"
"3","H","Ver","yes",3,1,"1.80","-0.36","-0.99"
"4","A","Int","yes",0,-5,"0.40","0.69","-0.29"
"5","H","Gen","yes",1,0,"1.95","-0.47","-0.76"
"6","A","Emp","yes",0,-2,"1.58","-0.19","-0.95"
"7","H","Laz","yes",3,3,"1.60","-0.21","-1.16"
"8","A","Udi","yes",1,0,"1.33","-0.00","-1.16"
"9","H","Mil","yes",0,-2,"0.66","0.50","-0.66"
"10","A","Nap","yes",0,-3,"0.90","0.32","-0.34"
"11","H","Cag","yes",3,2,"1.81","-0.36","-0.70"
"12","A","Sam","yes",3,1,"1.67","-0.26","-0.97"
"13","H","Ven","yes",0,-1,"1.89","-0.42","-1.39"
"14","A","Spe","yes",3,1,"1.71","-0.29","-1.68"
"15","H","Rom","yes",3,1,"1.60","-0.20","-1.88"
"16","H","Fir","yes",0,-1,"1.44","-0.08","-1.97"
"17","A","Tor","yes",0,-1,"0.81","0.39","-1.58"
"18","H","Juv","yes",0,-2,"0.97","0.27","-1.31"
"19","A","Sas","yes",3,3,"1.51","-0.14","-1.45"
"20","A","Cag","no",NA,NA,"1.96","-0.48","-1.93"
"21","H","Nap","no",NA,NA,"0.73","0.45","-1.48"
"22","A","Ver","no",NA,NA,"0.88","0.33","-1.15"
"23","H","Emp","no",NA,NA,"1.00","0.25","-0.90"
"24","A","Laz","no",NA,NA,"0.77","0.42","-0.48"
"25","H","Spe","no",NA,NA,"1.85","-0.39","-0.88"
"26","A","Sal","no",NA,NA,"1.90","-0.43","-1.30"
"27","H","Tor","no",NA,NA,"2.00","-0.51","-1.81"
"28","A","Fir","no",NA,NA,"0.69","0.48","-1.33"
"29","H","Ata","no",NA,NA,"0.43","0.67","-0.65"
"30","A","Mil","no",NA,NA,"0.71","0.46","-0.19"
"31","H","Sam","no",NA,NA,"1.57","-0.18","-0.37"
"32","A","Juv","no",NA,NA,"0.87","0.34","-0.03"
"33","H","Udi","no",NA,NA,"1.66","-0.25","-0.28"
"34","A","Rom","no",NA,NA,"0.69","0.48","0.20"
"35","A","Ven","no",NA,NA,"1.78","-0.34","-0.14"
"36","H","Sas","no",NA,NA,"1.22","0.08","-0.07"
"37","A","Gen","no",NA,NA,"1.94","-0.46","-0.52"
"38","H","Int","no",NA,NA,"0.63","0.52","-0.00"
