"","HA","vs","played","Pts","GD","ePts","sched","cumulative"
"1","A","Rom","yes",0,-2,"0.59","0.61","0.61"
"2","H","Tor","yes",3,1,"2.06","-0.35","0.26"
"3","A","Ata","yes",3,1,"1.66","-0.09","0.17"
"4","A","Gen","yes",3,1,"1.94","-0.28","-0.11"
"5","H","Int","yes",0,-2,"1.09","0.29","0.18"
"6","A","Udi","yes",3,1,"1.51","0.01","0.19"
"7","H","Nap","yes",0,-1,"0.72","0.53","0.72"
"8","A","Ven","yes",0,-1,"1.58","-0.04","0.68"
"9","H","Cag","yes",3,3,"2.13","-0.40","0.28"
"10","A","Laz","yes",0,-1,"0.59","0.61","0.89"
"11","H","Spe","yes",3,3,"2.14","-0.41","0.48"
"12","A","Juv","yes",0,-1,"1.08","0.29","0.77"
"13","H","Mil","no",NA,NA,"0.64","0.58","1.35"
"14","A","Emp","no",NA,NA,"2.09","-0.37","0.98"
"15","H","Sam","no",NA,NA,"2.18","-0.43","0.55"
"16","A","Bol","no",NA,NA,"0.95","0.37","0.92"
"17","H","Sal","no",NA,NA,"2.21","-0.45","0.47"
"18","H","Sas","no",NA,NA,"1.80","-0.18","0.29"
"19","A","Ver","no",NA,NA,"1.00","0.34","0.63"
"20","H","Udi","no",NA,NA,"1.89","-0.24","0.39"
"21","A","Tor","no",NA,NA,"1.29","0.15","0.54"
"22","H","Gen","no",NA,NA,"2.14","-0.41","0.13"
"23","A","Cag","no",NA,NA,"1.98","-0.30","-0.16"
"24","H","Laz","no",NA,NA,"2.00","-0.31","-0.48"
"25","A","Spe","no",NA,NA,"1.60","-0.05","-0.53"
"26","H","Ata","no",NA,NA,"0.85","0.44","-0.09"
"27","A","Sas","no",NA,NA,"1.64","-0.07","-0.16"
"28","H","Ver","no",NA,NA,"2.10","-0.38","-0.54"
"29","H","Bol","no",NA,NA,"2.09","-0.37","-0.92"
"30","A","Int","no",NA,NA,"0.86","0.43","-0.48"
"31","H","Emp","no",NA,NA,"0.98","0.35","-0.13"
"32","A","Nap","no",NA,NA,"0.70","0.54","0.41"
"33","H","Ven","no",NA,NA,"2.23","-0.47","-0.05"
"34","A","Sal","no",NA,NA,"1.79","-0.18","-0.23"
"35","A","Mil","no",NA,NA,"0.52","0.66","0.43"
"36","H","Rom","no",NA,NA,"1.94","-0.27","0.16"
"37","A","Sam","no",NA,NA,"1.70","-0.11","0.04"
"38","H","Juv","no",NA,NA,"1.59","-0.04","-0.00"
