"","HA","vs","played","Pts","GD","ePts","sched","cumulative"
"1","A","Int","yes",0,-4,"0.34","0.58","0.58"
"2","H","Nap","yes",0,-1,"0.27","0.67","1.25"
"3","A","Cag","yes",3,1,"1.50","-0.86","0.39"
"4","H","Fir","yes",0,-1,"0.84","-0.04","0.34"
"5","A","Bol","yes",1,0,"0.80","0.01","0.35"
"6","H","Ver","yes",1,0,"1.24","-0.54","-0.19"
"7","A","Sal","yes",0,-1,"1.49","-0.85","-1.04"
"8","H","Sas","yes",1,0,"0.75","0.07","-0.96"
"9","A","Tor","yes",0,-1,"0.67","0.17","-0.79"
"10","A","Spe","yes",1,0,"1.11","-0.38","-1.17"
"11","H","Ven","yes",1,0,"0.96","-0.19","-1.36"
"12","A","Emp","yes",1,0,"1.32","-0.64","-1.99"
"13","H","Rom","yes",0,-2,"0.79","0.02","-1.98"
"14","A","Udi","no",NA,NA,"1.02","-0.26","-2.24"
"15","H","Mil","no",NA,NA,"0.27","0.66","-1.57"
"16","A","Juv","no",NA,NA,"0.76","0.05","-1.52"
"17","H","Sam","no",NA,NA,"0.92","-0.14","-1.66"
"18","A","Laz","no",NA,NA,"0.48","0.40","-1.25"
"19","H","Ata","no",NA,NA,"0.18","0.78","-0.48"
"20","A","Sas","no",NA,NA,"1.18","-0.47","-0.94"
"21","H","Spe","no",NA,NA,"1.18","-0.46","-1.40"
"22","A","Fir","no",NA,NA,"0.51","0.37","-1.03"
"23","H","Udi","no",NA,NA,"0.87","-0.08","-1.12"
"24","A","Rom","no",NA,NA,"0.41","0.50","-0.62"
"25","H","Sal","no",NA,NA,"1.25","-0.54","-1.16"
"26","A","Ven","no",NA,NA,"1.13","-0.40","-1.56"
"27","H","Int","no",NA,NA,"0.32","0.60","-0.96"
"28","H","Emp","no",NA,NA,"0.41","0.50","-0.46"
"29","A","Ata","no",NA,NA,"1.06","-0.32","-0.78"
"30","H","Tor","no",NA,NA,"0.99","-0.22","-1.00"
"31","A","Ver","no",NA,NA,"0.47","0.42","-0.58"
"32","H","Laz","no",NA,NA,"0.87","-0.08","-0.67"
"33","A","Mil","no",NA,NA,"0.36","0.56","-0.11"
"34","H","Cag","no",NA,NA,"1.13","-0.40","-0.51"
"35","A","Sam","no",NA,NA,"1.09","-0.35","-0.85"
"36","H","Juv","no",NA,NA,"0.42","0.48","-0.37"
"37","A","Nap","no",NA,NA,"0.38","0.53","0.16"
"38","H","Bol","no",NA,NA,"0.94","-0.16","-0.00"
