"","HA","vs","played","Pts","GD","ePts","sched","cumulative"
"1","A","Emp","yes",3,2,"1.72","-0.15","-0.15"
"2","H","Spe","yes",3,5,"2.43","-0.62","-0.77"
"3","A","Mil","yes",0,-2,"0.42","0.72","-0.05"
"4","H","Cag","yes",1,0,"2.39","-0.59","-0.64"
"5","A","Tor","yes",1,0,"0.92","0.39","-0.25"
"6","H","Rom","yes",3,1,"2.22","-0.48","-0.73"
"7","A","Bol","yes",0,-3,"0.92","0.39","-0.34"
"8","H","Int","yes",3,2,"1.41","0.06","-0.28"
"9","A","Ver","yes",0,-3,"0.70","0.53","0.25"
"10","H","Fir","yes",3,1,"2.00","-0.33","-0.09"
"11","A","Ata","yes",1,0,"1.18","0.21","0.12"
"12","H","Sal","yes",3,3,"2.44","-0.63","-0.50"
"13","H","Juv","yes",0,-2,"1.62","-0.08","-0.58"
"14","A","Nap","no",NA,NA,"0.44","0.70","0.12"
"15","H","Udi","no",NA,NA,"2.12","-0.41","-0.29"
"16","A","Sam","no",NA,NA,"1.38","0.08","-0.21"
"17","A","Sas","no",NA,NA,"1.31","0.12","-0.09"
"18","H","Gen","no",NA,NA,"2.37","-0.58","-0.67"
"19","A","Ven","no",NA,NA,"1.26","0.16","-0.50"
"20","H","Emp","no",NA,NA,"1.31","0.13","-0.38"
"21","A","Int","no",NA,NA,"0.42","0.72","0.34"
"22","A","Sal","no",NA,NA,"1.63","-0.09","0.26"
"23","H","Ata","no",NA,NA,"1.07","0.29","0.54"
"24","A","Fir","no",NA,NA,"0.60","0.60","1.14"
"25","H","Bol","no",NA,NA,"2.28","-0.52","0.62"
"26","A","Udi","no",NA,NA,"1.12","0.25","0.87"
"27","H","Nap","no",NA,NA,"1.19","0.20","1.07"
"28","A","Cag","no",NA,NA,"1.62","-0.08","1.00"
"29","H","Ven","no",NA,NA,"2.27","-0.51","0.48"
"30","A","Rom","no",NA,NA,"0.44","0.71","1.19"
"31","H","Sas","no",NA,NA,"2.06","-0.37","0.82"
"32","A","Gen","no",NA,NA,"1.59","-0.06","0.76"
"33","H","Tor","no",NA,NA,"2.29","-0.52","0.23"
"34","H","Mil","no",NA,NA,"1.19","0.21","0.44"
"35","A","Spe","no",NA,NA,"1.25","0.17","0.61"
"36","H","Sam","no",NA,NA,"2.26","-0.51","0.10"
"37","A","Juv","no",NA,NA,"0.80","0.47","0.57"
"38","H","Ver","no",NA,NA,"2.36","-0.57","-0.00"
