"","HA","vs","played","Pts","GD","ePts","sched","cumulative"
"1","A","Cag","yes",1,0,"1.34","-0.53","-0.53"
"2","A","Laz","yes",0,-5,"0.45","0.49","-0.03"
"3","H","Udi","yes",0,-1,"1.30","-0.48","-0.51"
"4","A","Ven","yes",3,1,"1.13","-0.28","-0.79"
"5","H","Juv","yes",0,-1,"0.67","0.24","-0.55"
"6","H","Mil","yes",0,-1,"0.45","0.49","-0.06"
"7","A","Ver","yes",0,-4,"0.43","0.51","0.45"
"8","H","Sal","yes",3,1,"1.71","-0.94","-0.50"
"9","A","Sam","yes",0,-1,"0.99","-0.13","-0.62"
"10","H","Gen","yes",1,0,"1.46","-0.65","-1.28"
"11","A","Fir","yes",0,-3,"0.34","0.61","-0.66"
"12","H","Tor","yes",3,1,"1.48","-0.68","-1.35"
"13","A","Ata","yes",0,-3,"0.75","0.15","-1.20"
"14","H","Bol","yes",0,-1,"1.14","-0.30","-1.50"
"15","A","Int","yes",0,-2,"0.25","0.72","-0.78"
"16","H","Sas","yes",1,0,"0.90","-0.02","-0.80"
"17","A","Rom","no",NA,NA,"0.36","0.59","-0.21"
"18","H","Emp","no",NA,NA,"0.64","0.27","0.06"
"19","A","Nap","no",NA,NA,"0.30","0.65","0.71"
"20","H","Ver","no",NA,NA,"1.41","-0.61","0.11"
"21","A","Gen","no",NA,NA,"1.54","-0.75","-0.64"
"22","A","Mil","no",NA,NA,"0.36","0.59","-0.05"
"23","H","Sam","no",NA,NA,"1.15","-0.31","-0.35"
"24","A","Sal","no",NA,NA,"1.34","-0.52","-0.87"
"25","H","Fir","no",NA,NA,"0.99","-0.12","-1.00"
"26","A","Bol","no",NA,NA,"0.67","0.24","-0.75"
"27","H","Rom","no",NA,NA,"1.24","-0.41","-1.16"
"28","A","Juv","no",NA,NA,"0.54","0.39","-0.78"
"29","H","Cag","no",NA,NA,"1.40","-0.60","-1.37"
"30","A","Sas","no",NA,NA,"0.96","-0.09","-1.46"
"31","H","Ven","no",NA,NA,"1.38","-0.57","-2.03"
"32","A","Emp","no",NA,NA,"0.92","-0.05","-2.07"
"33","H","Int","no",NA,NA,"0.38","0.57","-1.51"
"34","A","Tor","no",NA,NA,"0.49","0.45","-1.06"
"35","H","Laz","no",NA,NA,"1.06","-0.21","-1.26"
"36","H","Ata","no",NA,NA,"0.20","0.77","-0.49"
"37","A","Udi","no",NA,NA,"0.84","0.05","-0.44"
"38","H","Nap","no",NA,NA,"0.49","0.44","-0.00"
