"","HA","vs","played","Pts","GD","ePts","sched","cumulative"
"1","H","Ata","yes",0,-1,"0.67","0.46","0.46"
"2","A","Fir","yes",0,-1,"0.72","0.42","0.87"
"3","H","Sal","yes",3,4,"2.02","-0.64","0.23"
"4","A","Sas","yes",3,1,"1.21","0.01","0.24"
"5","H","Laz","yes",1,0,"1.78","-0.45","-0.21"
"6","A","Ven","yes",1,0,"1.16","0.05","-0.16"
"7","H","Juv","yes",0,-1,"1.34","-0.10","-0.25"
"8","A","Nap","yes",0,-1,"0.44","0.64","0.39"
"9","H","Gen","yes",3,1,"1.94","-0.58","-0.19"
"10","A","Mil","yes",0,-1,"0.32","0.74","0.55"
"11","H","Sam","yes",3,3,"1.98","-0.62","-0.07"
"12","A","Spe","yes",0,-1,"1.18","0.04","-0.03"
"13","H","Udi","no",NA,NA,"1.66","-0.35","-0.38"
"14","A","Rom","no",NA,NA,"0.37","0.70","0.32"
"15","H","Emp","no",NA,NA,"0.78","0.36","0.68"
"16","A","Cag","no",NA,NA,"1.58","-0.29","0.40"
"17","H","Bol","no",NA,NA,"1.88","-0.53","-0.14"
"18","H","Ver","no",NA,NA,"1.89","-0.54","-0.68"
"19","A","Int","no",NA,NA,"0.56","0.55","-0.13"
"20","A","Ata","no",NA,NA,"1.24","-0.01","-0.14"
"21","H","Fir","no",NA,NA,"1.46","-0.19","-0.33"
"22","A","Sam","no",NA,NA,"1.28","-0.04","-0.37"
"23","H","Sas","no",NA,NA,"1.56","-0.27","-0.64"
"24","A","Udi","no",NA,NA,"1.09","0.11","-0.53"
"25","H","Ven","no",NA,NA,"2.04","-0.66","-1.19"
"26","A","Juv","no",NA,NA,"0.73","0.41","-0.78"
"27","H","Cag","no",NA,NA,"1.92","-0.57","-1.35"
"28","A","Bol","no",NA,NA,"0.63","0.49","-0.86"
"29","H","Int","no",NA,NA,"0.87","0.29","-0.57"
"30","A","Gen","no",NA,NA,"1.54","-0.25","-0.82"
"31","A","Sal","no",NA,NA,"1.37","-0.12","-0.94"
"32","H","Mil","no",NA,NA,"0.49","0.60","-0.34"
"33","A","Laz","no",NA,NA,"0.37","0.70","0.36"
"34","H","Spe","no",NA,NA,"1.94","-0.58","-0.22"
"35","A","Emp","no",NA,NA,"1.71","-0.39","-0.61"
"36","H","Nap","no",NA,NA,"0.56","0.54","-0.07"
"37","A","Ver","no",NA,NA,"0.66","0.46","0.39"
"38","H","Rom","no",NA,NA,"1.71","-0.39","-0.00"
