"","HA","vs","played","Pts","GD","ePts","sched","cumulative"
"1","H","Sas","yes",0,-1,"2.10","-0.54","-0.54"
"2","H","Int","yes",0,-2,"1.38","-0.01","-0.55"
"3","A","Bol","yes",0,-1,"0.65","0.53","-0.02"
"4","H","Rom","yes",3,1,"2.15","-0.57","-0.59"
"5","A","Sal","yes",1,0,"1.28","0.06","-0.53"
"6","A","Gen","yes",1,0,"1.42","-0.04","-0.57"
"7","H","Spe","yes",3,4,"2.44","-0.78","-1.35"
"8","A","Mil","yes",0,-1,"0.28","0.80","-0.55"
"9","H","Laz","yes",3,3,"2.22","-0.63","-1.18"
"10","A","Udi","yes",1,0,"0.84","0.39","-0.79"
"11","H","Juv","yes",3,1,"1.61","-0.18","-0.97"
"12","A","Nap","yes",1,0,"0.30","0.78","-0.19"
"13","H","Emp","yes",3,1,"1.58","-0.16","-0.34"
"14","A","Sam","yes",0,-2,"0.90","0.34","0.00"
"15","H","Cag","no",NA,NA,"2.41","-0.76","-0.76"
"16","A","Ven","no",NA,NA,"0.94","0.31","-0.45"
"17","H","Ata","no",NA,NA,"0.90","0.34","-0.10"
"18","A","Tor","no",NA,NA,"0.54","0.61","0.50"
"19","H","Fir","no",NA,NA,"2.19","-0.60","-0.10"
"20","A","Spe","no",NA,NA,"0.93","0.32","0.22"
"21","H","Sal","no",NA,NA,"2.47","-0.81","-0.59"
"22","A","Sas","no",NA,NA,"0.99","0.28","-0.31"
"23","H","Bol","no",NA,NA,"2.27","-0.66","-0.97"
"24","A","Juv","no",NA,NA,"0.62","0.55","-0.42"
"25","H","Udi","no",NA,NA,"2.22","-0.63","-1.05"
"26","A","Rom","no",NA,NA,"0.32","0.77","-0.28"
"27","H","Ven","no",NA,NA,"2.29","-0.68","-0.96"
"28","A","Fir","no",NA,NA,"0.40","0.70","-0.25"
"29","H","Nap","no",NA,NA,"1.23","0.10","-0.15"
"30","A","Emp","no",NA,NA,"1.12","0.18","0.03"
"31","H","Gen","no",NA,NA,"2.36","-0.73","-0.69"
"32","A","Int","no",NA,NA,"0.27","0.81","0.11"
"33","A","Ata","no",NA,NA,"0.88","0.36","0.47"
"34","H","Sam","no",NA,NA,"2.26","-0.65","-0.19"
"35","A","Cag","no",NA,NA,"1.30","0.05","-0.13"
"36","H","Mil","no",NA,NA,"1.23","0.10","-0.03"
"37","H","Tor","no",NA,NA,"2.31","-0.69","-0.72"
"38","A","Laz","no",NA,NA,"0.38","0.72","-0.00"
