"","HA","vs","played","Pts","GD","GS","ePts","sched","cumulative"
"1","A","MnU","yes",3,1,1,"2.29","0.06","0.06"
"2","H","Lee","yes",3,5,5,"2.68","-0.10","-0.04"
"3","A","Liv","yes",0,-1,0,"0.00","1.00","0.96"
"4","H","Not","yes",3,3,3,"2.67","-0.10","0.86"
"5","H","MnC","yes",1,0,1,"2.36","0.03","0.88"
"6","A","New","no",NA,NA,NA,"2.81","-0.16","0.72"
"7","H","WHU","no",NA,NA,NA,"2.65","-0.09","0.63"
"8","A","Ful","no",NA,NA,NA,"2.56","-0.05","0.58"
"9","H","Pal","no",NA,NA,NA,"2.19","0.10","0.68"
"10","A","Bur","no",NA,NA,NA,"2.73","-0.12","0.56"
"11","A","Sun","no",NA,NA,NA,"2.70","-0.11","0.45"
"12","H","Tot","no",NA,NA,NA,"1.57","0.35","0.80"
"13","A","Che","no",NA,NA,NA,"2.48","-0.02","0.78"
"14","H","Bre","no",NA,NA,NA,"2.84","-0.17","0.61"
"15","A","Ast","no",NA,NA,NA,"2.89","-0.19","0.42"
"16","H","Wol","no",NA,NA,NA,"3.00","-0.24","0.18"
"17","A","Eve","no",NA,NA,NA,"2.79","-0.15","0.03"
"18","H","BHA","no",NA,NA,NA,"2.71","-0.11","-0.08"
"19","H","Ast","no",NA,NA,NA,"2.79","-0.15","-0.23"
"20","A","Bou","no",NA,NA,NA,"2.32","0.05","-0.18"
"21","H","Liv","no",NA,NA,NA,"0.00","1.00","0.82"
"22","A","Not","no",NA,NA,NA,"2.82","-0.16","0.65"
"23","H","MnU","no",NA,NA,NA,"2.37","0.02","0.68"
"24","A","Lee","no",NA,NA,NA,"2.75","-0.13","0.55"
"25","H","Sun","no",NA,NA,NA,"2.66","-0.10","0.45"
"26","A","Bre","no",NA,NA,NA,"2.78","-0.14","0.31"
"27","A","Tot","no",NA,NA,NA,"2.24","0.08","0.38"
"28","H","Che","no",NA,NA,NA,"2.36","0.03","0.41"
"29","A","BHA","no",NA,NA,NA,"2.60","-0.07","0.34"
"30","H","Eve","no",NA,NA,NA,"2.74","-0.13","0.22"
"31","A","Wol","no",NA,NA,NA,"3.00","-0.24","-0.02"
"32","H","Bou","no",NA,NA,NA,"1.03","0.58","0.56"
"33","A","MnC","no",NA,NA,NA,"2.52","-0.04","0.52"
"34","H","New","no",NA,NA,NA,"2.65","-0.09","0.43"
"35","H","Ful","no",NA,NA,NA,"2.47","-0.02","0.42"
"36","A","WHU","no",NA,NA,NA,"2.89","-0.19","0.23"
"37","H","Bur","no",NA,NA,NA,"2.64","-0.09","0.14"
"38","A","Pal","no",NA,NA,NA,"2.77","-0.14","-0.00"
