"","HA","vs","played","Pts","GD","GS","ePts","sched","cumulative"
"1","H","New","yes",1,0,0,"1.27","-0.15","-0.15"
"2","A","Bre","yes",0,-1,0,"0.71","0.36","0.21"
"3","H","Pal","yes",0,-3,0,"0.54","0.51","0.72"
"4","A","Eve","yes",1,0,0,"0.98","0.11","0.82"
"5","A","Sun","yes",1,0,1,"0.66","0.40","1.22"
"6","H","Ful","yes",3,2,3,"1.83","-0.66","0.56"
"7","H","Bur","no",NA,NA,NA,"2.08","-0.88","-0.32"
"8","A","Tot","no",NA,NA,NA,"1.18","-0.07","-0.39"
"9","H","MnC","no",NA,NA,NA,"1.06","0.04","-0.35"
"10","A","Liv","no",NA,NA,NA,"0.06","0.94","0.59"
"11","H","Bou","no",NA,NA,NA,"0.62","0.44","1.03"
"12","A","Lee","no",NA,NA,NA,"0.82","0.25","1.29"
"13","H","Wol","no",NA,NA,NA,"2.62","-1.38","-0.09"
"14","A","BHA","no",NA,NA,NA,"0.75","0.32","0.23"
"15","H","Ars","no",NA,NA,NA,"0.23","0.79","1.02"
"16","A","WHU","no",NA,NA,NA,"1.83","-0.66","0.36"
"17","H","MnU","no",NA,NA,NA,"1.54","-0.39","-0.03"
"18","A","Che","no",NA,NA,NA,"0.93","0.16","0.13"
"19","A","Ars","no",NA,NA,NA,"0.28","0.75","0.87"
"20","H","Not","no",NA,NA,NA,"1.60","-0.45","0.42"
"21","A","Pal","no",NA,NA,NA,"0.46","0.58","1.00"
"22","H","Eve","no",NA,NA,NA,"1.48","-0.34","0.66"
"23","A","New","no",NA,NA,NA,"1.11","-0.01","0.65"
"24","H","Bre","no",NA,NA,NA,"2.17","-0.97","-0.32"
"25","A","Bou","no",NA,NA,NA,"0.40","0.63","0.32"
"26","H","BHA","no",NA,NA,NA,"1.12","-0.01","0.31"
"27","H","Lee","no",NA,NA,NA,"1.48","-0.34","-0.04"
"28","A","Wol","no",NA,NA,NA,"2.60","-1.36","-1.39"
"29","H","Che","no",NA,NA,NA,"1.15","-0.04","-1.43"
"30","A","MnU","no",NA,NA,NA,"0.58","0.47","-0.96"
"31","H","WHU","no",NA,NA,NA,"1.54","-0.40","-1.36"
"32","A","Not","no",NA,NA,NA,"1.55","-0.41","-1.77"
"33","H","Sun","no",NA,NA,NA,"1.06","0.04","-1.73"
"34","A","Ful","no",NA,NA,NA,"0.88","0.21","-1.52"
"35","H","Tot","no",NA,NA,NA,"0.64","0.42","-1.10"
"36","A","Bur","no",NA,NA,NA,"1.14","-0.03","-1.13"
"37","H","Liv","no",NA,NA,NA,"0.29","0.73","-0.40"
"38","A","MnC","no",NA,NA,NA,"0.67","0.40","-0.00"
