"","HA","vs","played","Pts","GD","GS","ePts","sched","cumulative"
"1","H","Ful","yes",1,0,1,"1.65","-0.35","-0.35"
"2","A","Eve","yes",0,-2,0,"0.97","0.20","-0.16"
"3","H","MnC","yes",3,1,2,"1.47","-0.21","-0.37"
"4","A","Bou","yes",0,-1,1,"0.28","0.77","0.41"
"5","H","Tot","yes",1,0,2,"0.63","0.48","0.89"
"6","A","Che","no",NA,NA,NA,"0.38","0.68","1.57"
"7","A","Wol","no",NA,NA,NA,"3.00","-1.47","0.11"
"8","H","New","no",NA,NA,NA,"2.02","-0.66","-0.55"
"9","A","MnU","no",NA,NA,NA,"0.26","0.78","0.23"
"10","H","Lee","no",NA,NA,NA,"2.08","-0.71","-0.48"
"11","A","Pal","no",NA,NA,NA,"0.89","0.27","-0.22"
"12","H","Bre","no",NA,NA,NA,"2.49","-1.05","-1.27"
"13","A","Not","no",NA,NA,NA,"1.10","0.09","-1.17"
"14","H","Ast","no",NA,NA,NA,"2.36","-0.94","-2.11"
"15","H","WHU","no",NA,NA,NA,"2.02","-0.66","-2.77"
"16","A","Liv","no",NA,NA,NA,"0.00","1.00","-1.77"
"17","H","Sun","no",NA,NA,NA,"2.05","-0.69","-2.46"
"18","A","Ars","no",NA,NA,NA,"0.16","0.87","-1.60"
"19","A","WHU","no",NA,NA,NA,"1.46","-0.20","-1.80"
"20","H","Bur","no",NA,NA,NA,"2.00","-0.64","-2.44"
"21","A","MnC","no",NA,NA,NA,"0.41","0.66","-1.78"
"22","H","Bou","no",NA,NA,NA,"0.34","0.72","-1.06"
"23","A","Ful","no",NA,NA,NA,"0.45","0.63","-0.44"
"24","H","Eve","no",NA,NA,NA,"2.23","-0.83","-1.27"
"25","H","Pal","no",NA,NA,NA,"1.22","0.00","-1.27"
"26","A","Ast","no",NA,NA,NA,"1.50","-0.23","-1.50"
"27","A","Bre","no",NA,NA,NA,"0.92","0.24","-1.26"
"28","H","Not","no",NA,NA,NA,"2.07","-0.70","-1.96"
"29","H","Ars","no",NA,NA,NA,"0.26","0.78","-1.17"
"30","A","Sun","no",NA,NA,NA,"0.69","0.43","-0.75"
"31","H","Liv","no",NA,NA,NA,"0.00","1.00","0.25"
"32","A","Bur","no",NA,NA,NA,"0.76","0.38","0.63"
"33","A","Tot","no",NA,NA,NA,"0.24","0.80","1.43"
"34","H","Che","no",NA,NA,NA,"1.46","-0.20","1.23"
"35","A","New","no",NA,NA,NA,"1.06","0.13","1.36"
"36","H","Wol","no",NA,NA,NA,"3.00","-1.47","-0.10"
"37","A","Lee","no",NA,NA,NA,"0.83","0.32","0.22"
"38","H","MnU","no",NA,NA,NA,"1.48","-0.22","-0.00"
