"","HA","vs","played","Pts","GD","GS","ePts","sched","cumulative"
"1","A","Not","yes",0,-2,1,"0.83","0.21","0.21"
"2","H","Ast","yes",3,1,1,"2.10","-1.01","-0.80"
"3","A","Sun","yes",0,-1,1,"0.29","0.72","-0.08"
"4","H","Che","yes",1,0,2,"1.56","-0.49","-0.57"
"5","A","Ful","yes",0,-2,1,"0.30","0.71","0.14"
"6","H","MnU","yes",3,2,3,"1.93","-0.84","-0.70"
"7","H","MnC","no",NA,NA,NA,"1.45","-0.39","-1.09"
"8","A","WHU","no",NA,NA,NA,"1.06","-0.02","-1.11"
"9","H","Liv","no",NA,NA,NA,"0.52","0.51","-0.60"
"10","A","Pal","no",NA,NA,NA,"0.19","0.81","0.21"
"11","H","New","no",NA,NA,NA,"1.85","-0.77","-0.56"
"12","A","BHA","no",NA,NA,NA,"0.26","0.75","0.20"
"13","H","Bur","no",NA,NA,NA,"2.40","-1.30","-1.10"
"14","A","Ars","no",NA,NA,NA,"0.12","0.89","-0.21"
"15","A","Tot","no",NA,NA,NA,"0.54","0.48","0.27"
"16","H","Lee","no",NA,NA,NA,"1.88","-0.80","-0.53"
"17","A","Wol","no",NA,NA,NA,"1.93","-0.85","-1.38"
"18","H","Bou","no",NA,NA,NA,"1.04","0.01","-1.38"
"19","H","Tot","no",NA,NA,NA,"0.94","0.10","-1.28"
"20","A","Eve","no",NA,NA,NA,"0.34","0.67","-0.61"
"21","H","Sun","no",NA,NA,NA,"1.54","-0.47","-1.08"
"22","A","Che","no",NA,NA,NA,"0.35","0.67","-0.41"
"23","H","Not","no",NA,NA,NA,"2.05","-0.96","-1.37"
"24","A","Ast","no",NA,NA,NA,"0.82","0.21","-1.16"
"25","A","New","no",NA,NA,NA,"0.51","0.51","-0.65"
"26","H","Ars","no",NA,NA,NA,"0.49","0.53","-0.12"
"27","H","BHA","no",NA,NA,NA,"1.47","-0.41","-0.52"
"28","A","Bur","no",NA,NA,NA,"0.53","0.49","-0.04"
"29","A","Bou","no",NA,NA,NA,"0.19","0.81","0.78"
"30","H","Wol","no",NA,NA,NA,"2.77","-1.66","-0.88"
"31","A","Lee","no",NA,NA,NA,"0.35","0.66","-0.21"
"32","H","Eve","no",NA,NA,NA,"1.83","-0.75","-0.96"
"33","H","Ful","no",NA,NA,NA,"1.78","-0.71","-1.67"
"34","A","MnU","no",NA,NA,NA,"0.24","0.77","-0.90"
"35","H","WHU","no",NA,NA,NA,"2.02","-0.93","-1.83"
"36","A","MnC","no",NA,NA,NA,"0.26","0.75","-1.08"
"37","H","Pal","no",NA,NA,NA,"0.94","0.10","-0.97"
"38","A","Liv","no",NA,NA,NA,"0.03","0.97","0.00"
