"","HA","vs","played","Pts","GD","GS","ePts","sched","cumulative"
"1","H","Pal","yes",1,0,0,"1.47","0.12","0.12"
"2","A","WHU","yes",3,4,5,"2.43","-0.45","-0.33"
"3","H","Ful","yes",3,2,2,"2.30","-0.38","-0.71"
"4","A","Bre","yes",1,0,2,"1.50","0.10","-0.60"
"5","A","MnU","yes",0,-1,1,"0.78","0.53","-0.07"
"6","H","BHA","yes",0,-2,1,"1.87","-0.12","-0.19"
"7","H","Liv","yes",3,1,2,"1.20","0.28","0.09"
"8","A","Not","yes",3,3,3,"2.45","-0.47","-0.37"
"9","H","Sun","no",NA,NA,NA,"1.98","-0.18","-0.56"
"10","A","Tot","no",NA,NA,NA,"1.90","-0.14","-0.69"
"11","H","Wol","no",NA,NA,NA,"2.73","-0.63","-1.32"
"12","A","Bur","no",NA,NA,NA,"1.84","-0.10","-1.43"
"13","H","Ars","no",NA,NA,NA,"0.33","0.80","-0.62"
"14","A","Lee","no",NA,NA,NA,"1.80","-0.08","-0.70"
"15","A","Bou","no",NA,NA,NA,"1.01","0.39","-0.31"
"16","H","Eve","no",NA,NA,NA,"2.10","-0.25","-0.56"
"17","A","New","no",NA,NA,NA,"1.69","-0.01","-0.57"
"18","H","Ast","no",NA,NA,NA,"2.06","-0.23","-0.81"
"19","H","Bou","no",NA,NA,NA,"1.44","0.14","-0.67"
"20","A","MnC","no",NA,NA,NA,"0.77","0.54","-0.13"
"21","A","Ful","no",NA,NA,NA,"1.72","-0.03","-0.16"
"22","H","Bre","no",NA,NA,NA,"2.66","-0.59","-0.75"
"23","A","Pal","no",NA,NA,NA,"1.48","0.12","-0.63"
"24","H","WHU","no",NA,NA,NA,"2.20","-0.32","-0.95"
"25","A","Wol","no",NA,NA,NA,"2.71","-0.62","-1.57"
"26","H","Lee","no",NA,NA,NA,"2.32","-0.39","-1.96"
"27","H","Bur","no",NA,NA,NA,"2.57","-0.54","-2.50"
"28","A","Ars","no",NA,NA,NA,"0.42","0.75","-1.75"
"29","A","Ast","no",NA,NA,NA,"1.73","-0.04","-1.79"
"30","H","New","no",NA,NA,NA,"2.02","-0.21","-2.00"
"31","A","Eve","no",NA,NA,NA,"1.37","0.18","-1.81"
"32","H","MnC","no",NA,NA,NA,"0.96","0.42","-1.39"
"33","H","MnU","no",NA,NA,NA,"2.07","-0.24","-1.63"
"34","A","BHA","no",NA,NA,NA,"0.95","0.43","-1.20"
"35","H","Not","no",NA,NA,NA,"2.45","-0.47","-1.66"
"36","A","Liv","no",NA,NA,NA,"0.15","0.91","-0.75"
"37","H","Tot","no",NA,NA,NA,"0.70","0.58","-0.17"
"38","A","Sun","no",NA,NA,NA,"1.39","0.17","0.00"
