"","HA","vs","played","Pts","GD","GS","ePts","sched","cumulative"
"1","A","Lee","yes",0,-1,0,"0.75","0.18","0.18"
"2","H","BHA","yes",3,2,2,"1.49","-0.63","-0.45"
"3","A","Wol","yes",3,1,3,"3.00","-2.28","-2.73"
"4","H","Ast","yes",1,0,0,"1.76","-0.93","-3.66"
"5","A","Liv","yes",0,-1,1,"0.00","1.00","-2.66"
"6","H","WHU","no",NA,NA,NA,"1.34","-0.46","-3.13"
"7","H","Pal","no",NA,NA,NA,"0.62","0.32","-2.81"
"8","A","MnC","no",NA,NA,NA,"0.37","0.60","-2.21"
"9","H","Tot","no",NA,NA,NA,"0.29","0.69","-1.52"
"10","A","Sun","no",NA,NA,NA,"0.62","0.32","-1.20"
"11","H","Ful","no",NA,NA,NA,"0.96","-0.05","-1.25"
"12","A","MnU","no",NA,NA,NA,"0.23","0.75","-0.50"
"13","H","New","no",NA,NA,NA,"1.33","-0.46","-0.96"
"14","A","Bou","no",NA,NA,NA,"0.24","0.73","-0.23"
"15","H","Not","no",NA,NA,NA,"1.39","-0.52","-0.75"
"16","A","Che","no",NA,NA,NA,"0.34","0.63","-0.12"
"17","H","Ars","no",NA,NA,NA,"0.12","0.87","0.75"
"18","A","Bur","no",NA,NA,NA,"0.68","0.26","1.01"
"19","A","Not","no",NA,NA,NA,"1.01","-0.10","0.90"
"20","H","Bre","no",NA,NA,NA,"1.95","-1.14","-0.24"
"21","H","Wol","no",NA,NA,NA,"3.00","-2.28","-2.52"
"22","A","Ast","no",NA,NA,NA,"1.39","-0.53","-3.05"
"23","H","Lee","no",NA,NA,NA,"1.41","-0.54","-3.59"
"24","A","BHA","no",NA,NA,NA,"0.45","0.51","-3.08"
"25","A","Ful","no",NA,NA,NA,"0.40","0.56","-2.52"
"26","H","Bou","no",NA,NA,NA,"0.15","0.83","-1.69"
"27","H","MnU","no",NA,NA,NA,"0.82","0.11","-1.58"
"28","A","New","no",NA,NA,NA,"0.97","-0.06","-1.64"
"29","H","Bur","no",NA,NA,NA,"1.31","-0.43","-2.07"
"30","A","Ars","no",NA,NA,NA,"0.14","0.84","-1.23"
"31","H","Che","no",NA,NA,NA,"0.80","0.12","-1.10"
"32","A","Bre","no",NA,NA,NA,"0.83","0.09","-1.01"
"33","H","Liv","no",NA,NA,NA,"0.00","1.00","-0.01"
"34","A","WHU","no",NA,NA,NA,"1.35","-0.48","-0.49"
"35","H","MnC","no",NA,NA,NA,"0.81","0.11","-0.38"
"36","A","Pal","no",NA,NA,NA,"0.81","0.12","-0.26"
"37","H","Sun","no",NA,NA,NA,"1.37","-0.50","-0.77"
"38","A","Tot","no",NA,NA,NA,"0.21","0.77","0.00"
