"","HA","vs","played","Pts","GD","GS","ePts","sched","cumulative"
"1","H","Eve","yes",3,1,1,"1.69","-0.35","-0.35"
"2","A","Ars","yes",0,-5,0,"0.32","0.75","0.40"
"3","H","New","yes",1,0,0,"1.71","-0.36","0.04"
"4","A","Ful","yes",0,-1,0,"0.77","0.39","0.43"
"5","A","Wol","yes",3,2,3,"2.61","-1.08","-0.66"
"6","H","Bou","yes",1,0,2,"0.91","0.28","-0.38"
"7","H","Tot","no",NA,NA,NA,"0.82","0.35","-0.03"
"8","A","Bur","no",NA,NA,NA,"1.21","0.03","-0.00"
"9","H","WHU","no",NA,NA,NA,"1.89","-0.51","-0.51"
"10","A","BHA","no",NA,NA,NA,"0.67","0.46","-0.04"
"11","A","Not","no",NA,NA,NA,"1.63","-0.30","-0.34"
"12","H","Ast","no",NA,NA,NA,"1.97","-0.57","-0.91"
"13","A","MnC","no",NA,NA,NA,"0.67","0.46","-0.45"
"14","H","Che","no",NA,NA,NA,"1.42","-0.13","-0.58"
"15","H","Liv","no",NA,NA,NA,"0.44","0.65","0.07"
"16","A","Bre","no",NA,NA,NA,"0.77","0.39","0.46"
"17","H","Pal","no",NA,NA,NA,"0.82","0.35","0.80"
"18","A","Sun","no",NA,NA,NA,"0.75","0.40","1.21"
"19","A","Liv","no",NA,NA,NA,"0.07","0.94","2.15"
"20","H","MnU","no",NA,NA,NA,"1.79","-0.43","1.72"
"21","A","New","no",NA,NA,NA,"1.18","0.06","1.78"
"22","H","Ful","no",NA,NA,NA,"1.64","-0.31","1.47"
"23","A","Eve","no",NA,NA,NA,"0.86","0.32","1.79"
"24","H","Ars","no",NA,NA,NA,"0.41","0.67","2.46"
"25","H","Not","no",NA,NA,NA,"1.92","-0.53","1.92"
"26","A","Che","no",NA,NA,NA,"0.87","0.31","2.23"
"27","A","Ast","no",NA,NA,NA,"1.62","-0.29","1.94"
"28","H","MnC","no",NA,NA,NA,"1.31","-0.04","1.90"
"29","H","Sun","no",NA,NA,NA,"1.39","-0.11","1.79"
"30","A","Pal","no",NA,NA,NA,"0.52","0.59","2.37"
"31","H","Bre","no",NA,NA,NA,"2.37","-0.89","1.48"
"32","A","MnU","no",NA,NA,NA,"0.62","0.50","1.98"
"33","H","Wol","no",NA,NA,NA,"2.73","-1.18","0.80"
"34","A","Bou","no",NA,NA,NA,"0.52","0.58","1.39"
"35","H","Bur","no",NA,NA,NA,"2.31","-0.84","0.54"
"36","A","Tot","no",NA,NA,NA,"1.23","0.02","0.57"
"37","H","BHA","no",NA,NA,NA,"1.32","-0.06","0.51"
"38","A","WHU","no",NA,NA,NA,"1.90","-0.51","-0.00"
