"","HA","vs","played","Pts","GD","GS","ePts","sched","cumulative"
"1","H","Bou","yes",3,2,4,"2.35","-0.18","-0.18"
"2","A","New","yes",3,1,3,"1.89","0.05","-0.13"
"3","H","Ars","yes",3,1,1,"1.06","0.46","0.34"
"4","A","Bur","yes",3,1,1,"2.00","-0.01","0.33"
"5","H","Eve","yes",3,1,2,"2.62","-0.32","0.01"
"6","A","Pal","yes",0,-1,1,"1.67","0.16","0.17"
"7","A","Che","yes",0,-1,1,"1.36","0.32","0.49"
"8","H","MnU","yes",0,-1,1,"2.06","-0.03","0.46"
"9","A","Bre","no",NA,NA,NA,"1.28","0.35","0.81"
"10","H","Ast","no",NA,NA,NA,"2.40","-0.21","0.60"
"11","A","MnC","no",NA,NA,NA,"0.72","0.64","1.24"
"12","H","Not","no",NA,NA,NA,"2.77","-0.40","0.85"
"13","A","WHU","no",NA,NA,NA,"2.48","-0.25","0.60"
"14","H","Sun","no",NA,NA,NA,"2.53","-0.27","0.33"
"15","A","Lee","no",NA,NA,NA,"1.97","0.01","0.33"
"16","H","BHA","no",NA,NA,NA,"2.48","-0.25","0.09"
"17","A","Tot","no",NA,NA,NA,"2.29","-0.15","-0.06"
"18","H","Wol","no",NA,NA,NA,"2.90","-0.46","-0.52"
"19","H","Lee","no",NA,NA,NA,"2.71","-0.36","-0.89"
"20","A","Ful","no",NA,NA,NA,"1.61","0.19","-0.70"
"21","A","Ars","no",NA,NA,NA,"0.53","0.73","0.03"
"22","H","Bur","no",NA,NA,NA,"2.84","-0.43","-0.39"
"23","A","Bou","no",NA,NA,NA,"1.20","0.40","0.00"
"24","H","New","no",NA,NA,NA,"2.57","-0.29","-0.29"
"25","H","MnC","no",NA,NA,NA,"1.67","0.16","-0.13"
"26","A","Sun","no",NA,NA,NA,"1.40","0.29","0.16"
"27","A","Not","no",NA,NA,NA,"2.51","-0.26","-0.10"
"28","H","WHU","no",NA,NA,NA,"2.64","-0.33","-0.43"
"29","A","Wol","no",NA,NA,NA,"2.77","-0.39","-0.82"
"30","H","Tot","no",NA,NA,NA,"1.43","0.28","-0.54"
"31","A","BHA","no",NA,NA,NA,"1.03","0.48","-0.05"
"32","H","Ful","no",NA,NA,NA,"2.68","-0.35","-0.40"
"33","A","Eve","no",NA,NA,NA,"1.43","0.28","-0.12"
"34","H","Pal","no",NA,NA,NA,"2.21","-0.11","-0.23"
"35","A","MnU","no",NA,NA,NA,"0.75","0.62","0.39"
"36","H","Che","no",NA,NA,NA,"2.15","-0.08","0.31"
"37","A","Ast","no",NA,NA,NA,"1.75","0.12","0.43"
"38","H","Bre","no",NA,NA,NA,"2.85","-0.43","0.00"
