"","HA","vs","played","Pts","GD","GS","ePts","sched","cumulative"
"1","A","Wol","yes",3,4,4,"3.00","-0.89","-0.89"
"2","H","Tot","yes",0,-2,0,"0.77","0.51","-0.37"
"3","A","BHA","yes",0,-1,1,"1.13","0.29","-0.09"
"4","H","MnU","yes",3,3,3,"1.67","-0.05","-0.14"
"5","A","Ars","yes",1,0,1,"0.42","0.73","0.59"
"6","H","Bur","no",NA,NA,NA,"2.16","-0.36","0.24"
"7","A","Bre","no",NA,NA,NA,"1.71","-0.07","0.16"
"8","H","Eve","no",NA,NA,NA,"2.36","-0.49","-0.32"
"9","A","Ast","no",NA,NA,NA,"2.26","-0.42","-0.74"
"10","H","Bou","no",NA,NA,NA,"0.43","0.73","-0.01"
"11","H","Liv","no",NA,NA,NA,"0.00","1.00","0.99"
"12","A","New","no",NA,NA,NA,"1.86","-0.17","0.82"
"13","H","Lee","no",NA,NA,NA,"2.24","-0.41","0.41"
"14","A","Ful","no",NA,NA,NA,"1.04","0.34","0.75"
"15","H","Sun","no",NA,NA,NA,"2.21","-0.39","0.36"
"16","A","Pal","no",NA,NA,NA,"1.67","-0.05","0.31"
"17","H","WHU","no",NA,NA,NA,"2.18","-0.37","-0.06"
"18","A","Not","no",NA,NA,NA,"1.90","-0.20","-0.26"
"19","A","Sun","no",NA,NA,NA,"1.42","0.11","-0.15"
"20","H","Che","no",NA,NA,NA,"1.65","-0.04","-0.20"
"21","H","BHA","no",NA,NA,NA,"2.30","-0.45","-0.64"
"22","A","MnU","no",NA,NA,NA,"0.66","0.59","-0.05"
"23","H","Wol","no",NA,NA,NA,"3.00","-0.89","-0.94"
"24","A","Tot","no",NA,NA,NA,"0.61","0.62","-0.33"
"25","A","Liv","no",NA,NA,NA,"0.00","1.00","0.67"
"26","H","Ful","no",NA,NA,NA,"1.84","-0.16","0.52"
"27","H","New","no",NA,NA,NA,"2.18","-0.37","0.15"
"28","A","Lee","no",NA,NA,NA,"1.60","-0.00","0.14"
"29","H","Not","no",NA,NA,NA,"2.22","-0.40","-0.26"
"30","A","WHU","no",NA,NA,NA,"2.22","-0.40","-0.65"
"31","H","Pal","no",NA,NA,NA,"1.41","0.11","-0.54"
"32","A","Che","no",NA,NA,NA,"0.91","0.43","-0.11"
"33","H","Ars","no",NA,NA,NA,"0.33","0.79","0.68"
"34","A","Bur","no",NA,NA,NA,"1.51","0.05","0.73"
"35","A","Eve","no",NA,NA,NA,"1.77","-0.11","0.62"
"36","H","Bre","no",NA,NA,NA,"2.59","-0.63","-0.01"
"37","A","Bou","no",NA,NA,NA,"0.69","0.57","0.56"
"38","H","Ast","no",NA,NA,NA,"2.48","-0.56","-0.00"
