"","HA","vs","played","Pts","GD","GS","ePts","sched","cumulative"
"1","H","Ars","yes",0,-1,0,"0.53","0.69","0.69"
"2","A","Ful","yes",1,0,1,"1.03","0.40","1.09"
"3","H","Bur","yes",3,1,3,"2.44","-0.42","0.67"
"4","A","MnC","yes",0,-3,0,"0.96","0.44","1.11"
"5","H","Che","yes",3,1,2,"2.04","-0.19","0.93"
"6","A","Bre","no",NA,NA,NA,"1.70","0.01","0.94"
"7","H","Sun","no",NA,NA,NA,"2.47","-0.44","0.50"
"8","A","Liv","no",NA,NA,NA,"0.00","1.00","1.50"
"9","H","BHA","no",NA,NA,NA,"2.54","-0.48","1.02"
"10","A","Not","no",NA,NA,NA,"1.89","-0.10","0.92"
"11","A","Tot","no",NA,NA,NA,"0.61","0.65","1.57"
"12","H","Eve","no",NA,NA,NA,"2.58","-0.50","1.07"
"13","A","Pal","no",NA,NA,NA,"1.67","0.03","1.10"
"14","H","WHU","no",NA,NA,NA,"2.45","-0.43","0.67"
"15","A","Wol","no",NA,NA,NA,"3.00","-0.75","-0.07"
"16","H","Bou","no",NA,NA,NA,"0.68","0.61","0.53"
"17","A","Ast","no",NA,NA,NA,"2.25","-0.31","0.22"
"18","H","New","no",NA,NA,NA,"2.45","-0.43","-0.21"
"19","H","Wol","no",NA,NA,NA,"3.00","-0.75","-0.95"
"20","A","Lee","no",NA,NA,NA,"1.59","0.08","-0.87"
"21","A","Bur","no",NA,NA,NA,"1.50","0.13","-0.74"
"22","H","MnC","no",NA,NA,NA,"2.05","-0.19","-0.94"
"23","A","Ars","no",NA,NA,NA,"0.42","0.76","-0.18"
"24","H","Ful","no",NA,NA,NA,"2.19","-0.27","-0.45"
"25","H","Tot","no",NA,NA,NA,"1.14","0.34","-0.12"
"26","A","WHU","no",NA,NA,NA,"2.22","-0.29","-0.41"
"27","A","Eve","no",NA,NA,NA,"1.76","-0.02","-0.43"
"28","H","Pal","no",NA,NA,NA,"1.82","-0.06","-0.49"
"29","A","New","no",NA,NA,NA,"1.85","-0.08","-0.56"
"30","H","Ast","no",NA,NA,NA,"2.66","-0.55","-1.11"
"31","A","Bou","no",NA,NA,NA,"0.68","0.60","-0.51"
"32","H","Lee","no",NA,NA,NA,"2.49","-0.45","-0.96"
"33","A","Che","no",NA,NA,NA,"0.90","0.48","-0.49"
"34","H","Bre","no",NA,NA,NA,"2.74","-0.59","-1.08"
"35","H","Liv","no",NA,NA,NA,"0.00","1.00","-0.08"
"36","A","Sun","no",NA,NA,NA,"1.41","0.18","0.10"
"37","H","Not","no",NA,NA,NA,"2.48","-0.45","-0.35"
"38","A","BHA","no",NA,NA,NA,"1.12","0.35","-0.00"
