"","HA","vs","played","Pts","GD","GS","ePts","sched","cumulative"
"1","A","Ast","yes",1,0,0,"1.68","-0.75","-0.75"
"2","H","Liv","yes",0,-1,2,"0.00","1.00","0.25"
"3","A","Lee","yes",1,0,0,"0.98","-0.01","0.24"
"4","H","Wol","yes",3,1,1,"3.00","-2.11","-1.87"
"5","A","Bou","yes",1,0,0,"0.34","0.65","-1.23"
"6","H","Ars","no",NA,NA,NA,"0.10","0.89","-0.33"
"7","H","Not","no",NA,NA,NA,"1.28","-0.33","-0.67"
"8","A","BHA","no",NA,NA,NA,"0.61","0.36","-0.30"
"9","H","Ful","no",NA,NA,NA,"0.87","0.10","-0.20"
"10","A","WHU","no",NA,NA,NA,"1.64","-0.70","-0.91"
"11","A","Bre","no",NA,NA,NA,"1.08","-0.12","-1.03"
"12","H","MnC","no",NA,NA,NA,"0.73","0.24","-0.78"
"13","A","Eve","no",NA,NA,NA,"1.14","-0.18","-0.96"
"14","H","Tot","no",NA,NA,NA,"0.25","0.74","-0.22"
"15","H","Bur","no",NA,NA,NA,"1.20","-0.25","-0.47"
"16","A","Sun","no",NA,NA,NA,"0.83","0.14","-0.33"
"17","H","Che","no",NA,NA,NA,"0.72","0.25","-0.08"
"18","A","MnU","no",NA,NA,NA,"0.32","0.66","0.59"
"19","A","Bur","no",NA,NA,NA,"0.90","0.07","0.65"
"20","H","Pal","no",NA,NA,NA,"0.55","0.42","1.08"
"21","H","Lee","no",NA,NA,NA,"1.30","-0.35","0.73"
"22","A","Wol","no",NA,NA,NA,"3.00","-2.11","-1.39"
"23","H","Ast","no",NA,NA,NA,"1.65","-0.72","-2.10"
"24","A","Liv","no",NA,NA,NA,"0.00","1.00","-1.10"
"25","H","Bre","no",NA,NA,NA,"1.85","-0.92","-2.02"
"26","A","Tot","no",NA,NA,NA,"0.30","0.69","-1.33"
"27","A","MnC","no",NA,NA,NA,"0.50","0.48","-0.86"
"28","H","Eve","no",NA,NA,NA,"1.48","-0.53","-1.39"
"29","H","MnU","no",NA,NA,NA,"0.73","0.24","-1.15"
"30","A","Che","no",NA,NA,NA,"0.47","0.51","-0.64"
"31","H","Sun","no",NA,NA,NA,"1.27","-0.31","-0.95"
"32","A","Pal","no",NA,NA,NA,"1.05","-0.09","-1.04"
"33","H","Bou","no",NA,NA,NA,"0.13","0.86","-0.18"
"34","A","Ars","no",NA,NA,NA,"0.20","0.79","0.61"
"35","H","BHA","no",NA,NA,NA,"1.38","-0.44","0.17"
"36","A","Not","no",NA,NA,NA,"1.27","-0.32","-0.15"
"37","H","WHU","no",NA,NA,NA,"1.23","-0.28","-0.43"
"38","A","Ful","no",NA,NA,NA,"0.55","0.43","0.00"
