"","HA","vs","played","Pts","GD","GS","ePts","sched","cumulative"
"1","H","Bre","yes",3,2,3,"1.80","-0.95","-0.95"
"2","A","Pal","yes",1,0,1,"0.99","-0.07","-1.02"
"3","H","WHU","yes",0,-3,0,"1.18","-0.28","-1.30"
"4","A","Ars","yes",0,-3,0,"0.19","0.80","-0.50"
"5","A","Bur","yes",1,0,1,"0.85","0.08","-0.42"
"6","H","Sun","no",NA,NA,NA,"1.21","-0.32","-0.73"
"7","A","New","no",NA,NA,NA,"1.17","-0.26","-1.00"
"8","H","Che","no",NA,NA,NA,"0.68","0.26","-0.74"
"9","A","Bou","no",NA,NA,NA,"0.32","0.66","-0.08"
"10","H","MnU","no",NA,NA,NA,"0.70","0.25","0.17"
"11","H","Lee","no",NA,NA,NA,"1.25","-0.35","-0.18"
"12","A","Liv","no",NA,NA,NA,"0.00","1.00","0.82"
"13","H","BHA","no",NA,NA,NA,"1.33","-0.44","0.37"
"14","A","Wol","no",NA,NA,NA,"3.00","-2.25","-1.88"
"15","A","Eve","no",NA,NA,NA,"1.08","-0.17","-2.05"
"16","H","Tot","no",NA,NA,NA,"0.24","0.74","-1.30"
"17","A","Ful","no",NA,NA,NA,"0.52","0.44","-0.86"
"18","H","MnC","no",NA,NA,NA,"0.69","0.25","-0.61"
"19","H","Eve","no",NA,NA,NA,"1.42","-0.54","-1.15"
"20","A","Ast","no",NA,NA,NA,"1.62","-0.75","-1.91"
"21","A","WHU","no",NA,NA,NA,"1.58","-0.71","-2.61"
"22","H","Ars","no",NA,NA,NA,"0.10","0.89","-1.72"
"23","A","Bre","no",NA,NA,NA,"1.02","-0.10","-1.82"
"24","H","Pal","no",NA,NA,NA,"0.52","0.43","-1.39"
"25","A","Lee","no",NA,NA,NA,"0.92","0.00","-1.39"
"26","H","Wol","no",NA,NA,NA,"3.00","-2.25","-3.64"
"27","H","Liv","no",NA,NA,NA,"0.00","1.00","-2.64"
"28","A","BHA","no",NA,NA,NA,"0.57","0.38","-2.26"
"29","A","MnC","no",NA,NA,NA,"0.47","0.49","-1.77"
"30","H","Ful","no",NA,NA,NA,"0.82","0.11","-1.66"
"31","A","Tot","no",NA,NA,NA,"0.28","0.70","-0.96"
"32","H","Ast","no",NA,NA,NA,"1.60","-0.73","-1.70"
"33","H","Bur","no",NA,NA,NA,"1.15","-0.25","-1.94"
"34","A","Sun","no",NA,NA,NA,"0.78","0.16","-1.79"
"35","A","Che","no",NA,NA,NA,"0.44","0.53","-1.26"
"36","H","New","no",NA,NA,NA,"1.18","-0.28","-1.54"
"37","A","MnU","no",NA,NA,NA,"0.30","0.67","-0.86"
"38","H","Bou","no",NA,NA,NA,"0.13","0.86","-0.00"
