"","HA","vs","played","Pts","GD","GS","ePts","sched","cumulative"
"1","H","Bur","yes",3,3,3,"1.98","-0.34","-0.34"
"2","A","MnC","yes",3,2,2,"1.62","-0.10","-0.44"
"3","H","Bou","yes",0,-1,0,"0.58","0.61","0.17"
"4","A","WHU","yes",3,3,3,"2.58","-0.75","-0.57"
"5","A","BHA","yes",1,0,2,"1.69","-0.14","-0.71"
"6","H","Wol","yes",1,0,1,"2.55","-0.73","-1.44"
"7","A","Lee","no",NA,NA,NA,"1.81","-0.22","-1.67"
"8","H","Ast","no",NA,NA,NA,"1.29","0.13","-1.54"
"9","A","Eve","no",NA,NA,NA,"1.74","-0.17","-1.71"
"10","H","Che","no",NA,NA,NA,"1.02","0.31","-1.40"
"11","H","MnU","no",NA,NA,NA,"1.40","0.05","-1.35"
"12","A","Ars","no",NA,NA,NA,"0.87","0.41","-0.94"
"13","H","Ful","no",NA,NA,NA,"1.61","-0.09","-1.03"
"14","A","New","no",NA,NA,NA,"2.12","-0.43","-1.46"
"15","H","Bre","no",NA,NA,NA,"2.07","-0.40","-1.86"
"16","A","Not","no",NA,NA,NA,"2.43","-0.65","-2.51"
"17","H","Liv","no",NA,NA,NA,"0.26","0.83","-1.68"
"18","A","Pal","no",NA,NA,NA,"1.29","0.13","-1.55"
"19","A","Bre","no",NA,NA,NA,"1.66","-0.12","-1.67"
"20","H","Sun","no",NA,NA,NA,"0.95","0.36","-1.32"
"21","A","Bou","no",NA,NA,NA,"1.32","0.11","-1.21"
"22","H","WHU","no",NA,NA,NA,"1.45","0.02","-1.19"
"23","A","Bur","no",NA,NA,NA,"2.14","-0.45","-1.64"
"24","H","MnC","no",NA,NA,NA,"0.94","0.36","-1.27"
"25","A","MnU","no",NA,NA,NA,"1.49","-0.01","-1.28"
"26","H","New","no",NA,NA,NA,"1.15","0.22","-1.06"
"27","H","Ars","no",NA,NA,NA,"0.20","0.86","-0.20"
"28","A","Ful","no",NA,NA,NA,"1.85","-0.25","-0.45"
"29","H","Pal","no",NA,NA,NA,"0.46","0.69","0.24"
"30","A","Liv","no",NA,NA,NA,"0.20","0.86","1.10"
"31","H","Not","no",NA,NA,NA,"1.49","-0.01","1.09"
"32","A","Sun","no",NA,NA,NA,"1.62","-0.09","1.00"
"33","H","BHA","no",NA,NA,NA,"0.95","0.36","1.36"
"34","A","Wol","no",NA,NA,NA,"2.88","-0.95","0.41"
"35","A","Ast","no",NA,NA,NA,"2.04","-0.38","0.02"
"36","H","Lee","no",NA,NA,NA,"1.34","0.09","0.11"
"37","A","Che","no",NA,NA,NA,"1.90","-0.29","-0.17"
"38","H","Eve","no",NA,NA,NA,"1.22","0.17","-0.00"
