"","HA","vs","played","Pts","GD","GS","ePts","sched","cumulative"
"1","H","MnC","yes",0,-4,0,"0.00","0.56","0.56"
"2","A","Bou","yes",0,-1,0,"0.00","0.84","1.40"
"3","H","Eve","yes",0,-1,2,"0.00","-1.09","0.31"
"4","A","New","yes",0,-1,0,"0.00","-0.22","0.09"
"5","H","Lee","yes",0,-2,1,"0.00","-0.42","-0.33"
"6","A","Tot","no",NA,NA,NA,"0.00","0.86","0.53"
"7","H","BHA","no",NA,NA,NA,"0.00","-0.70","-0.17"
"8","A","Sun","no",NA,NA,NA,"0.00","0.46","0.29"
"9","H","Bur","no",NA,NA,NA,"0.00","-0.16","0.13"
"10","A","Ful","no",NA,NA,NA,"0.00","0.70","0.84"
"11","A","Che","no",NA,NA,NA,"0.00","0.76","1.60"
"12","H","Pal","no",NA,NA,NA,"0.00","0.70","2.30"
"13","A","Ast","no",NA,NA,NA,"0.00","-2.45","-0.15"
"14","H","Not","no",NA,NA,NA,"0.00","-0.37","-0.52"
"15","H","MnU","no",NA,NA,NA,"0.00","0.55","0.03"
"16","A","Ars","no",NA,NA,NA,"0.00","0.91","0.94"
"17","H","Bre","no",NA,NA,NA,"0.00","-4.43","-3.49"
"18","A","Liv","no",NA,NA,NA,"0.00","1.00","-2.49"
"19","A","MnU","no",NA,NA,NA,"0.00","0.85","-1.65"
"20","H","WHU","no",NA,NA,NA,"0.00","-0.22","-1.87"
"21","A","Eve","no",NA,NA,NA,"0.00","-0.01","-1.88"
"22","H","New","no",NA,NA,NA,"0.00","-0.22","-2.10"
"23","A","MnC","no",NA,NA,NA,"0.00","0.74","-1.36"
"24","H","Bou","no",NA,NA,NA,"0.00","0.94","-0.42"
"25","H","Che","no",NA,NA,NA,"0.00","0.57","0.14"
"26","A","Not","no",NA,NA,NA,"0.00","-0.34","-0.20"
"27","A","Pal","no",NA,NA,NA,"0.00","0.16","-0.04"
"28","H","Ast","no",NA,NA,NA,"0.00","-2.20","-2.24"
"29","H","Liv","no",NA,NA,NA,"0.00","1.00","-1.24"
"30","A","Bre","no",NA,NA,NA,"0.00","0.10","-1.14"
"31","H","Ars","no",NA,NA,NA,"0.00","0.95","-0.18"
"32","A","WHU","no",NA,NA,NA,"0.00","-2.09","-2.28"
"33","A","Lee","no",NA,NA,NA,"0.00","0.27","-2.01"
"34","H","Tot","no",NA,NA,NA,"0.00","0.88","-1.13"
"35","H","Sun","no",NA,NA,NA,"0.00","-0.32","-1.44"
"36","A","BHA","no",NA,NA,NA,"0.00","0.66","-0.79"
"37","H","Ful","no",NA,NA,NA,"0.00","0.41","-0.37"
"38","A","Bur","no",NA,NA,NA,"0.00","0.37","-0.00"
