"","HA","vs","played","Pts","GD","GS","ePts","sched","cumulative"
"1","H","Par","yes",3,1,1,"1.06","-0.54","-0.54"
"2","A","PSG","yes",0,-1,0,"0.01","0.98","0.44"
"3","H","Ren","yes",1,0,1,"1.14","-0.65","-0.21"
"4","A","Met","yes",1,0,1,"1.77","-1.58","-1.79"
"5","A","Lyo","yes",0,-1,0,"0.01","0.99","-0.80"
"6","H","Bre","yes",0,-2,0,"1.01","-0.46","-1.26"
"7","A","RCS","no",NA,NA,NA,"0.12","0.82","-0.44"
"8","H","Mco","no",NA,NA,NA,"0.38","0.45","0.01"
"9","H","Lor","no",NA,NA,NA,"1.61","-1.34","-1.32"
"10","A","Mar","no",NA,NA,NA,"0.01","0.98","-0.34"
"11","A","Lil","no",NA,NA,NA,"0.07","0.90","0.56"
"12","H","Aux","no",NA,NA,NA,"1.94","-1.81","-1.25"
"13","A","Tou","no",NA,NA,NA,"0.44","0.36","-0.89"
"14","H","Len","no",NA,NA,NA,"0.08","0.89","-0.00"
"15","A","Nic","no",NA,NA,NA,"0.75","-0.09","-0.09"
"16","H","Nan","no",NA,NA,NA,"1.65","-1.39","-1.48"
"17","A","Hav","no",NA,NA,NA,"1.02","-0.48","-1.96"
"18","H","Mar","no",NA,NA,NA,"0.05","0.92","-1.04"
"19","A","Par","no",NA,NA,NA,"0.39","0.44","-0.61"
"20","H","Met","no",NA,NA,NA,"2.32","-2.37","-2.98"
"21","H","Tou","no",NA,NA,NA,"0.89","-0.29","-3.27"
"22","A","Lor","no",NA,NA,NA,"0.21","0.69","-2.58"
"23","H","Lil","no",NA,NA,NA,"0.27","0.60","-1.98"
"24","A","Mco","no",NA,NA,NA,"0.06","0.92","-1.06"
"25","A","Nan","no",NA,NA,NA,"0.72","-0.05","-1.10"
"26","H","Nic","no",NA,NA,NA,"2.10","-2.05","-3.16"
"27","A","Len","no",NA,NA,NA,"0.04","0.94","-2.21"
"28","H","Lyo","no",NA,NA,NA,"0.02","0.96","-1.25"
"29","A","Ren","no",NA,NA,NA,"0.02","0.98","-0.27"
"30","H","Hav","no",NA,NA,NA,"2.00","-1.90","-2.17"
"31","H","PSG","no",NA,NA,NA,"0.04","0.94","-1.23"
"32","A","Aux","no",NA,NA,NA,"0.38","0.44","-0.79"
"33","H","RCS","no",NA,NA,NA,"0.23","0.66","-0.13"
"34","A","Bre","no",NA,NA,NA,"0.60","0.13","-0.00"
