"","HA","vs","played","Pts","GD","GS","ePts","sched","cumulative"
"1","H","Lor","yes",3,1,1,"1.97","-1.82","-1.82"
"2","A","Nic","yes",0,-2,1,"0.22","0.69","-1.13"
"3","A","Nan","yes",0,-1,0,"0.90","-0.29","-1.42"
"4","H","Mco","yes",0,-1,1,"0.76","-0.09","-1.51"
"5","H","Tou","yes",3,1,1,"0.61","0.12","-1.39"
"6","A","PSG","yes",0,-2,0,"0.13","0.81","-0.58"
"7","H","Len","yes",0,-1,1,"0.69","0.01","-0.56"
"8","A","Ren","yes",1,0,2,"0.40","0.42","-0.14"
"9","H","Hav","yes",0,-1,0,"1.13","-0.61","-0.75"
"10","A","RCS","yes",0,-3,0,"0.18","0.74","-0.01"
"11","H","Mar","no",NA,NA,NA,"0.52","0.25","0.24"
"12","A","Ang","no",NA,NA,NA,"0.63","0.09","0.34"
"13","H","Lyo","no",NA,NA,NA,"0.45","0.35","0.68"
"14","A","Par","no",NA,NA,NA,"0.63","0.10","0.78"
"15","H","Met","no",NA,NA,NA,"2.09","-1.98","-1.20"
"16","H","Lil","no",NA,NA,NA,"0.64","0.09","-1.11"
"17","A","Bre","no",NA,NA,NA,"0.68","0.03","-1.09"
"18","A","Len","no",NA,NA,NA,"0.14","0.80","-0.29"
"19","H","PSG","no",NA,NA,NA,"0.39","0.44","0.15"
"20","A","Tou","no",NA,NA,NA,"0.48","0.31","0.47"
"21","H","Par","no",NA,NA,NA,"1.10","-0.57","-0.11"
"22","A","Met","no",NA,NA,NA,"0.84","-0.20","-0.31"
"23","H","Ren","no",NA,NA,NA,"1.39","-0.99","-1.31"
"24","A","Lor","no",NA,NA,NA,"0.47","0.33","-0.98"
"25","H","RCS","no",NA,NA,NA,"0.46","0.35","-0.63"
"26","A","Mar","no",NA,NA,NA,"0.13","0.81","0.18"
"27","H","Bre","no",NA,NA,NA,"1.30","-0.85","-0.67"
"28","A","Hav","no",NA,NA,NA,"0.56","0.20","-0.48"
"29","H","Nan","no",NA,NA,NA,"1.17","-0.67","-1.15"
"30","A","Mco","no",NA,NA,NA,"0.12","0.82","-0.33"
"31","A","Lyo","no",NA,NA,NA,"0.14","0.81","0.48"
"32","H","Ang","no",NA,NA,NA,"1.36","-0.94","-0.47"
"33","H","Nic","no",NA,NA,NA,"0.87","-0.24","-0.71"
"34","A","Lil","no",NA,NA,NA,"0.20","0.71","-0.00"
