"","HA","vs","played","Pts","GD","GS","ePts","sched","cumulative"
"1","H","Lil","yes",1,0,3,"0.39","0.62","0.62"
"2","A","Tou","yes",0,-2,0,"1.13","-0.11","0.51"
"3","A","Len","yes",0,-2,1,"0.11","0.90","1.41"
"4","H","Par","yes",0,-1,1,"1.36","-0.33","1.08"
"5","H","Nic","yes",3,3,4,"2.33","-1.28","-0.20"
"6","A","Ang","yes",3,2,2,"1.69","-0.66","-0.86"
"7","H","Nan","no",NA,NA,NA,"1.94","-0.90","-1.75"
"8","A","Lor","no",NA,NA,NA,"0.62","0.40","-1.36"
"9","H","PSG","no",NA,NA,NA,"0.06","0.95","-0.41"
"10","A","Hav","no",NA,NA,NA,"1.92","-0.88","-1.30"
"11","H","Lyo","no",NA,NA,NA,"0.03","0.97","-0.33"
"12","A","Mar","no",NA,NA,NA,"0.03","0.97","0.64"
"13","H","Met","no",NA,NA,NA,"2.50","-1.45","-0.81"
"14","A","RCS","no",NA,NA,NA,"0.35","0.65","-0.15"
"15","H","Mco","no",NA,NA,NA,"0.53","0.48","0.33"
"16","A","Ren","no",NA,NA,NA,"0.04","0.96","1.28"
"17","H","Aux","no",NA,NA,NA,"2.19","-1.14","0.14"
"18","A","Lyo","no",NA,NA,NA,"0.02","0.98","1.12"
"19","H","Tou","no",NA,NA,NA,"1.17","-0.14","0.97"
"20","A","Nic","no",NA,NA,NA,"1.62","-0.58","0.39"
"21","H","Lor","no",NA,NA,NA,"1.90","-0.86","-0.47"
"22","A","Lil","no",NA,NA,NA,"0.20","0.81","0.34"
"23","H","Mar","no",NA,NA,NA,"0.07","0.93","1.26"
"24","A","Met","no",NA,NA,NA,"2.48","-1.43","-0.16"
"25","H","Hav","no",NA,NA,NA,"2.24","-1.19","-1.36"
"26","A","Mco","no",NA,NA,NA,"0.16","0.84","-0.52"
"27","A","Aux","no",NA,NA,NA,"1.02","0.01","-0.51"
"28","H","Ren","no",NA,NA,NA,"1.44","-0.41","-0.92"
"29","H","RCS","no",NA,NA,NA,"0.33","0.68","-0.25"
"30","A","Nan","no",NA,NA,NA,"1.58","-0.55","-0.79"
"31","H","Len","no",NA,NA,NA,"0.11","0.89","0.10"
"32","A","Par","no",NA,NA,NA,"1.02","-0.00","0.10"
"33","A","PSG","no",NA,NA,NA,"0.03","0.97","1.07"
"34","H","Ang","no",NA,NA,NA,"2.11","-1.07","0.00"
