"","HA","vs","played","Pts","GD","GS","ePts","sched","cumulative"
"1","H","Lyo","yes",0,-1,0,"1.85","0.14","0.14"
"2","A","Hav","yes",3,1,2,"2.46","-0.14","-0.00"
"3","H","Bre","yes",3,2,3,"2.59","-0.20","-0.20"
"4","A","PSG","yes",0,-2,0,"0.85","0.61","0.40"
"5","H","Lil","yes",3,3,3,"2.07","0.04","0.44"
"6","A","Ren","yes",1,0,0,"1.89","0.12","0.56"
"7","A","Aux","yes",3,1,2,"2.46","-0.14","0.42"
"8","H","Par","yes",3,1,2,"2.64","-0.22","0.20"
"9","H","Mar","yes",3,1,2,"2.19","-0.01","0.18"
"10","A","Met","no",NA,NA,NA,"2.84","-0.32","-0.14"
"11","H","Lor","no",NA,NA,NA,"2.87","-0.33","-0.47"
"12","A","Mco","no",NA,NA,NA,"1.17","0.46","-0.01"
"13","H","RCS","no",NA,NA,NA,"2.25","-0.04","-0.06"
"14","A","Ang","no",NA,NA,NA,"2.42","-0.13","-0.18"
"15","A","Nan","no",NA,NA,NA,"2.39","-0.11","-0.29"
"16","H","Nic","no",NA,NA,NA,"2.55","-0.18","-0.47"
"17","A","Tou","no",NA,NA,NA,"1.87","0.13","-0.34"
"18","H","Aux","no",NA,NA,NA,"2.81","-0.30","-0.64"
"19","A","Mar","no",NA,NA,NA,"0.43","0.80","0.16"
"20","H","Hav","no",NA,NA,NA,"2.74","-0.27","-0.11"
"21","H","Ren","no",NA,NA,NA,"2.75","-0.27","-0.39"
"22","A","Par","no",NA,NA,NA,"2.44","-0.13","-0.52"
"23","H","Mco","no",NA,NA,NA,"2.57","-0.19","-0.71"
"24","A","RCS","no",NA,NA,NA,"1.57","0.27","-0.44"
"25","H","Met","no",NA,NA,NA,"2.93","-0.36","-0.80"
"26","A","Lor","no",NA,NA,NA,"2.14","0.01","-0.80"
"27","H","Ang","no",NA,NA,NA,"2.86","-0.33","-1.12"
"28","A","Lil","no",NA,NA,NA,"1.24","0.43","-0.70"
"29","H","PSG","no",NA,NA,NA,"1.47","0.32","-0.38"
"30","H","Tou","no",NA,NA,NA,"2.28","-0.06","-0.44"
"31","A","Bre","no",NA,NA,NA,"2.27","-0.05","-0.49"
"32","A","Nic","no",NA,NA,NA,"1.67","0.22","-0.27"
"33","H","Nan","no",NA,NA,NA,"2.63","-0.22","-0.49"
"34","A","Lyo","no",NA,NA,NA,"1.10","0.49","-0.00"
