"","HA","vs","played","Pts","GD","GS","ePts","sched","cumulative"
"1","A","Bre","yes",1,0,3,"2.57","-0.35","-0.35"
"2","H","Mco","yes",3,1,1,"2.28","-0.20","-0.55"
"3","A","Lor","yes",3,6,7,"1.76","0.08","-0.47"
"4","H","Tou","yes",3,1,2,"2.68","-0.41","-0.88"
"5","A","Len","yes",0,-3,0,"0.41","0.79","-0.09"
"6","H","Lyo","yes",0,-1,0,"0.31","0.84","0.74"
"7","H","PSG","no",NA,NA,NA,"0.50","0.74","1.48"
"8","A","Nan","no",NA,NA,NA,"2.53","-0.33","1.15"
"9","H","Met","no",NA,NA,NA,"2.94","-0.54","0.61"
"10","A","Nic","no",NA,NA,NA,"2.56","-0.35","0.26"
"11","H","Ang","no",NA,NA,NA,"2.88","-0.51","-0.26"
"12","A","RCS","no",NA,NA,NA,"1.22","0.36","0.11"
"13","H","Par","no",NA,NA,NA,"2.75","-0.45","-0.34"
"14","A","Hav","no",NA,NA,NA,"2.68","-0.41","-0.75"
"15","H","Mar","no",NA,NA,NA,"0.66","0.65","-0.09"
"16","A","Aux","no",NA,NA,NA,"2.23","-0.17","-0.27"
"17","H","Ren","no",NA,NA,NA,"2.75","-0.45","-0.71"
"18","A","PSG","no",NA,NA,NA,"0.11","0.94","0.23"
"19","H","RCS","no",NA,NA,NA,"1.91","-0.01","0.22"
"20","A","Lyo","no",NA,NA,NA,"0.07","0.96","1.19"
"21","A","Met","no",NA,NA,NA,"2.86","-0.50","0.68"
"22","H","Bre","no",NA,NA,NA,"2.75","-0.44","0.24"
"23","A","Ang","no",NA,NA,NA,"2.60","-0.37","-0.13"
"24","H","Nan","no",NA,NA,NA,"2.85","-0.50","-0.63"
"25","H","Lor","no",NA,NA,NA,"2.85","-0.50","-1.12"
"26","A","Ren","no",NA,NA,NA,"0.16","0.92","-0.21"
"27","A","Mar","no",NA,NA,NA,"0.09","0.95","0.74"
"28","H","Len","no",NA,NA,NA,"0.84","0.56","1.30"
"29","A","Tou","no",NA,NA,NA,"2.30","-0.21","1.09"
"30","H","Nic","no",NA,NA,NA,"2.92","-0.53","0.56"
"31","A","Par","no",NA,NA,NA,"2.21","-0.16","0.40"
"32","H","Hav","no",NA,NA,NA,"2.90","-0.52","-0.13"
"33","A","Mco","no",NA,NA,NA,"0.67","0.65","0.52"
"34","H","Aux","no",NA,NA,NA,"2.89","-0.52","-0.00"
