"","HA","vs","played","Pts","GD","GS","ePts","sched","cumulative"
"1","A","Len","yes",3,1,1,"2.30","0.16","0.16"
"2","H","Met","yes",3,3,3,"2.99","-0.10","0.06"
"3","H","Mar","yes",3,1,1,"2.48","0.09","0.15"
"4","A","Ren","yes",0,-2,1,"1.60","0.41","0.56"
"5","H","Ang","yes",3,1,1,"2.99","-0.09","0.47"
"6","A","Lil","yes",3,1,1,"2.64","0.03","0.50"
"7","H","Tou","no",NA,NA,NA,"2.97","-0.09","0.41"
"8","A","Nic","no",NA,NA,NA,"2.96","-0.08","0.33"
"9","H","RCS","no",NA,NA,NA,"2.88","-0.06","0.27"
"10","A","Par","no",NA,NA,NA,"2.93","-0.07","0.20"
"11","A","Bre","no",NA,NA,NA,"2.96","-0.09","0.11"
"12","H","PSG","no",NA,NA,NA,"2.33","0.15","0.26"
"13","A","Aux","no",NA,NA,NA,"2.93","-0.07","0.18"
"14","H","Nan","no",NA,NA,NA,"2.98","-0.09","0.09"
"15","A","Lor","no",NA,NA,NA,"2.88","-0.06","0.04"
"16","H","Hav","no",NA,NA,NA,"2.99","-0.10","-0.06"
"17","A","Mco","no",NA,NA,NA,"2.57","0.06","-0.00"
"18","H","Bre","no",NA,NA,NA,"2.97","-0.09","-0.09"
"19","A","Met","no",NA,NA,NA,"2.99","-0.09","-0.18"
"20","H","Lil","no",NA,NA,NA,"2.90","-0.06","-0.25"
"21","A","Nan","no",NA,NA,NA,"2.96","-0.08","-0.33"
"22","H","Nic","no",NA,NA,NA,"2.99","-0.10","-0.43"
"23","A","RCS","no",NA,NA,NA,"2.78","-0.02","-0.45"
"24","A","Mar","no",NA,NA,NA,"1.18","0.57","0.12"
"25","H","Par","no",NA,NA,NA,"2.97","-0.09","0.03"
"26","A","Hav","no",NA,NA,NA,"2.97","-0.09","-0.06"
"27","H","Mco","no",NA,NA,NA,"2.93","-0.07","-0.13"
"28","A","Ang","no",NA,NA,NA,"2.96","-0.09","-0.22"
"29","H","Lor","no",NA,NA,NA,"2.98","-0.09","-0.31"
"30","A","PSG","no",NA,NA,NA,"1.29","0.53","0.22"
"31","H","Aux","no",NA,NA,NA,"2.99","-0.10","0.12"
"32","H","Ren","no",NA,NA,NA,"2.97","-0.09","0.03"
"33","A","Tou","no",NA,NA,NA,"2.94","-0.08","-0.05"
"34","H","Len","no",NA,NA,NA,"2.60","0.05","-0.00"
