"","HA","vs","played","Pts","GD","GS","ePts","sched","cumulative"
"1","A","Ren","yes",0,-1,0,"0.93","0.63","0.63"
"2","H","Par","yes",3,3,5,"2.96","-0.16","0.47"
"3","A","Lyo","yes",0,-1,0,"0.46","0.82","1.30"
"4","H","Lor","yes",3,4,4,"2.97","-0.16","1.13"
"5","H","PSG","yes",3,1,1,"2.14","0.16","1.30"
"6","A","RCS","yes",3,1,2,"2.54","0.01","1.30"
"7","A","Met","no",NA,NA,NA,"2.97","-0.16","1.14"
"8","H","Hav","no",NA,NA,NA,"2.98","-0.17","0.97"
"9","A","Len","no",NA,NA,NA,"1.67","0.35","1.32"
"10","H","Ang","no",NA,NA,NA,"2.98","-0.17","1.16"
"11","A","Aux","no",NA,NA,NA,"2.80","-0.10","1.06"
"12","H","Bre","no",NA,NA,NA,"2.96","-0.16","0.90"
"13","A","Nic","no",NA,NA,NA,"2.91","-0.14","0.76"
"14","H","Tou","no",NA,NA,NA,"2.95","-0.15","0.61"
"15","A","Lil","no",NA,NA,NA,"2.13","0.17","0.78"
"16","H","Mco","no",NA,NA,NA,"2.89","-0.13","0.65"
"17","H","Nan","no",NA,NA,NA,"2.98","-0.16","0.48"
"18","A","Ang","no",NA,NA,NA,"2.91","-0.14","0.34"
"19","H","Len","no",NA,NA,NA,"2.52","0.02","0.36"
"20","A","Par","no",NA,NA,NA,"2.89","-0.13","0.23"
"21","A","PSG","no",NA,NA,NA,"0.69","0.73","0.96"
"22","H","RCS","no",NA,NA,NA,"2.86","-0.12","0.84"
"23","A","Bre","no",NA,NA,NA,"2.89","-0.13","0.71"
"24","H","Lyo","no",NA,NA,NA,"1.74","0.32","1.03"
"25","A","Tou","no",NA,NA,NA,"2.84","-0.11","0.91"
"26","H","Aux","no",NA,NA,NA,"2.98","-0.17","0.75"
"27","H","Lil","no",NA,NA,NA,"2.85","-0.12","0.63"
"28","A","Mco","no",NA,NA,NA,"2.07","0.19","0.82"
"29","H","Met","no",NA,NA,NA,"2.99","-0.17","0.65"
"30","A","Lor","no",NA,NA,NA,"2.67","-0.05","0.60"
"31","H","Nic","no",NA,NA,NA,"2.98","-0.17","0.44"
"32","A","Nan","no",NA,NA,NA,"2.90","-0.13","0.30"
"33","A","Hav","no",NA,NA,NA,"2.92","-0.14","0.16"
"34","H","Ren","no",NA,NA,NA,"2.96","-0.16","0.00"
