"","HA","vs","played","Pts","GD","GS","ePts","sched","cumulative"
"1","H","Tou","yes",0,-1,0,"1.19","-0.01","-0.01"
"2","H","Aux","yes",3,2,3,"2.31","-0.97","-0.98"
"3","A","Hav","yes",0,-2,1,"1.21","-0.03","-1.01"
"4","H","Nan","yes",3,1,1,"2.32","-0.97","-1.98"
"5","A","Bre","yes",0,-3,1,"0.80","0.32","-1.65"
"6","H","Par","yes",1,0,1,"1.99","-0.69","-2.35"
"7","A","Mco","yes",1,0,2,"0.33","0.72","-1.62"
"8","H","Lyo","yes",3,1,3,"0.85","0.27","-1.35"
"9","A","Ren","no",NA,NA,NA,"0.20","0.83","-0.52"
"10","H","Lil","no",NA,NA,NA,"1.16","0.01","-0.51"
"11","A","PSG","no",NA,NA,NA,"0.11","0.91","0.40"
"12","A","Met","no",NA,NA,NA,"2.15","-0.83","-0.43"
"13","H","Mar","no",NA,NA,NA,"0.96","0.18","-0.24"
"14","A","Lor","no",NA,NA,NA,"0.55","0.53","0.29"
"15","H","Ang","no",NA,NA,NA,"2.64","-1.24","-0.95"
"16","A","Len","no",NA,NA,NA,"0.14","0.88","-0.07"
"17","H","RCS","no",NA,NA,NA,"1.18","-0.00","-0.08"
"18","A","Tou","no",NA,NA,NA,"0.41","0.65","0.58"
"19","A","Nan","no",NA,NA,NA,"0.89","0.24","0.82"
"20","H","Bre","no",NA,NA,NA,"2.03","-0.72","0.10"
"21","H","Mco","no",NA,NA,NA,"1.88","-0.60","-0.50"
"22","A","Lyo","no",NA,NA,NA,"0.18","0.85","0.34"
"23","H","Lor","no",NA,NA,NA,"2.48","-1.11","-0.77"
"24","A","Par","no",NA,NA,NA,"0.57","0.52","-0.25"
"25","H","Ren","no",NA,NA,NA,"2.34","-0.99","-1.23"
"26","A","Ang","no",NA,NA,NA,"1.05","0.11","-1.12"
"27","H","PSG","no",NA,NA,NA,"0.66","0.44","-0.68"
"28","A","RCS","no",NA,NA,NA,"0.28","0.76","0.08"
"29","H","Hav","no",NA,NA,NA,"2.67","-1.27","-1.19"
"30","A","Lil","no",NA,NA,NA,"0.19","0.84","-0.35"
"31","A","Mar","no",NA,NA,NA,"0.05","0.95","0.61"
"32","H","Len","no",NA,NA,NA,"0.87","0.26","0.87"
"33","A","Aux","no",NA,NA,NA,"0.54","0.54","1.41"
"34","H","Met","no",NA,NA,NA,"2.84","-1.41","-0.00"
