"","HA","vs","played","Pts","GD","GS","ePts","sched","cumulative"
"1","A","Nic","yes",3,1,1,"1.74","-0.52","-0.52"
"2","H","Bre","yes",3,2,2,"1.67","-0.45","-0.97"
"3","H","PSG","yes",0,-3,3,"0.07","0.94","-0.03"
"4","A","Lil","yes",0,-1,1,"0.22","0.81","0.78"
"5","A","Aux","yes",0,-1,0,"1.17","-0.02","0.76"
"6","H","Nan","yes",1,0,2,"2.14","-0.86","-0.10"
"7","A","Lyo","no",NA,NA,NA,"0.02","0.98","0.88"
"8","H","Met","no",NA,NA,NA,"2.61","-1.28","-0.40"
"9","A","Mco","no",NA,NA,NA,"0.18","0.84","0.45"
"10","H","Ren","no",NA,NA,NA,"1.70","-0.48","-0.03"
"11","H","Hav","no",NA,NA,NA,"2.39","-1.09","-1.12"
"12","A","Lor","no",NA,NA,NA,"0.70","0.39","-0.73"
"13","H","Ang","no",NA,NA,NA,"2.30","-1.00","-1.73"
"14","A","Mar","no",NA,NA,NA,"0.03","0.98","-0.75"
"15","H","RCS","no",NA,NA,NA,"0.44","0.62","-0.13"
"16","A","Par","no",NA,NA,NA,"1.15","0.00","-0.13"
"17","H","Len","no",NA,NA,NA,"0.12","0.90","0.77"
"18","H","Nic","no",NA,NA,NA,"2.50","-1.18","-0.41"
"19","A","Bre","no",NA,NA,NA,"1.75","-0.53","-0.94"
"20","H","Aux","no",NA,NA,NA,"2.36","-1.06","-1.99"
"21","A","Ang","no",NA,NA,NA,"1.83","-0.59","-2.59"
"22","A","Hav","no",NA,NA,NA,"2.02","-0.76","-3.35"
"23","H","Par","no",NA,NA,NA,"1.68","-0.46","-3.81"
"24","A","Ren","no",NA,NA,NA,"0.04","0.96","-2.85"
"25","H","Mar","no",NA,NA,NA,"0.09","0.92","-1.92"
"26","A","Met","no",NA,NA,NA,"2.53","-1.20","-3.13"
"27","H","Lor","no",NA,NA,NA,"2.12","-0.85","-3.98"
"28","A","PSG","no",NA,NA,NA,"0.03","0.97","-3.00"
"29","H","Lil","no",NA,NA,NA,"0.53","0.54","-2.46"
"30","A","Len","no",NA,NA,NA,"0.11","0.91","-1.56"
"31","H","Mco","no",NA,NA,NA,"0.71","0.38","-1.17"
"32","A","RCS","no",NA,NA,NA,"0.38","0.67","-0.51"
"33","H","Lyo","no",NA,NA,NA,"0.04","0.96","0.46"
"34","A","Nan","no",NA,NA,NA,"1.67","-0.46","0.00"
