"","HA","vs","played","Pts","GD","GS","ePts","sched","cumulative"
"1","H","Pis","yes",1,0,1,"2.00","-0.54","-0.54"
"2","A","Par","yes",1,0,1,"1.95","-0.49","-1.03"
"3","H","Lec","yes",3,3,4,"2.49","-0.91","-1.94"
"4","A","Tor","yes",3,3,3,"1.97","-0.51","-2.45"
"5","A","Juv","yes",1,0,1,"0.60","0.54","-1.91"
"6","H","Com","no",NA,NA,NA,"1.12","0.14","-1.77"
"7","H","Laz","no",NA,NA,NA,"1.73","-0.33","-2.10"
"8","A","Cre","no",NA,NA,NA,"0.95","0.27","-1.83"
"9","H","Mil","no",NA,NA,NA,"0.16","0.88","-0.95"
"10","A","Udi","no",NA,NA,NA,"1.46","-0.12","-1.06"
"11","H","Sas","no",NA,NA,NA,"1.23","0.05","-1.01"
"12","A","Nap","no",NA,NA,NA,"0.21","0.84","-0.17"
"13","H","Fir","no",NA,NA,NA,"2.07","-0.59","-0.76"
"14","A","Ver","no",NA,NA,NA,"1.63","-0.25","-1.01"
"15","H","Cag","no",NA,NA,NA,"1.15","0.11","-0.89"
"16","A","Gen","no",NA,NA,NA,"2.50","-0.92","-1.81"
"17","H","Int","no",NA,NA,NA,"0.56","0.57","-1.25"
"18","H","Rom","no",NA,NA,NA,"0.31","0.77","-0.48"
"19","A","Bol","no",NA,NA,NA,"0.83","0.36","-0.12"
"20","H","Tor","no",NA,NA,NA,"0.82","0.37","0.25"
"21","A","Pis","no",NA,NA,NA,"2.35","-0.80","-0.55"
"22","H","Par","no",NA,NA,NA,"1.80","-0.38","-0.93"
"23","A","Com","no",NA,NA,NA,"1.39","-0.07","-1.00"
"24","H","Cre","no",NA,NA,NA,"0.58","0.55","-0.44"
"25","A","Laz","no",NA,NA,NA,"1.53","-0.18","-0.62"
"26","H","Nap","no",NA,NA,NA,"0.21","0.84","0.22"
"27","A","Sas","no",NA,NA,NA,"0.65","0.50","0.72"
"28","H","Udi","no",NA,NA,NA,"0.57","0.57","1.29"
"29","A","Int","no",NA,NA,NA,"0.63","0.52","1.81"
"30","H","Ver","no",NA,NA,NA,"1.73","-0.33","1.48"
"31","A","Lec","no",NA,NA,NA,"2.61","-1.01","0.47"
"32","H","Juv","no",NA,NA,NA,"0.72","0.45","0.92"
"33","A","Rom","no",NA,NA,NA,"0.75","0.42","1.35"
"34","A","Cag","no",NA,NA,NA,"1.61","-0.24","1.11"
"35","H","Gen","no",NA,NA,NA,"2.19","-0.68","0.43"
"36","A","Mil","no",NA,NA,NA,"0.30","0.77","1.20"
"37","H","Bol","no",NA,NA,NA,"1.76","-0.35","0.85"
"38","A","Fir","no",NA,NA,NA,"2.41","-0.85","0.00"
