"","HA","vs","played","Pts","GD","GS","ePts","sched","cumulative"
"1","A","Rom","yes",0,-1,0,"0.53","0.62","0.62"
"2","H","Com","yes",3,1,1,"2.07","-0.48","0.14"
"3","A","Mil","yes",0,-1,0,"0.15","0.89","1.03"
"4","H","Gen","yes",3,1,2,"2.65","-0.90","0.14"
"5","A","Lec","yes",1,0,2,"1.59","-0.14","-0.00"
"6","H","Pis","no",NA,NA,NA,"2.59","-0.85","-0.85"
"7","A","Cag","no",NA,NA,NA,"0.93","0.34","-0.51"
"8","A","Fir","no",NA,NA,NA,"2.02","-0.44","-0.95"
"9","H","Tor","no",NA,NA,NA,"2.29","-0.64","-1.59"
"10","A","Par","no",NA,NA,NA,"1.19","0.15","-1.44"
"11","H","Nap","no",NA,NA,NA,"0.51","0.63","-0.80"
"12","A","Udi","no",NA,NA,NA,"0.96","0.31","-0.49"
"13","H","Cre","no",NA,NA,NA,"1.59","-0.13","-0.62"
"14","A","Laz","no",NA,NA,NA,"1.04","0.26","-0.37"
"15","H","Juv","no",NA,NA,NA,"1.65","-0.18","-0.55"
"16","A","Ver","no",NA,NA,NA,"1.42","-0.01","-0.56"
"17","H","Sas","no",NA,NA,NA,"1.67","-0.19","-0.76"
"18","A","Int","no",NA,NA,NA,"0.24","0.83","0.08"
"19","H","Ata","no",NA,NA,NA,"1.85","-0.32","-0.24"
"20","A","Com","no",NA,NA,NA,"0.86","0.39","0.14"
"21","H","Fir","no",NA,NA,NA,"2.66","-0.90","-0.76"
"22","A","Gen","no",NA,NA,NA,"2.00","-0.43","-1.19"
"23","H","Mil","no",NA,NA,NA,"0.42","0.70","-0.48"
"24","H","Par","no",NA,NA,NA,"2.42","-0.73","-1.21"
"25","A","Tor","no",NA,NA,NA,"1.66","-0.18","-1.39"
"26","H","Udi","no",NA,NA,NA,"1.18","0.16","-1.24"
"27","A","Pis","no",NA,NA,NA,"1.88","-0.34","-1.58"
"28","H","Ver","no",NA,NA,NA,"2.56","-0.83","-2.41"
"29","A","Sas","no",NA,NA,NA,"0.25","0.82","-1.59"
"30","H","Laz","no",NA,NA,NA,"2.27","-0.62","-2.21"
"31","A","Cre","no",NA,NA,NA,"0.50","0.65","-1.57"
"32","H","Lec","no",NA,NA,NA,"2.42","-0.73","-2.30"
"33","A","Juv","no",NA,NA,NA,"0.30","0.79","-1.51"
"34","H","Rom","no",NA,NA,NA,"0.97","0.31","-1.20"
"35","H","Cag","no",NA,NA,NA,"1.76","-0.26","-1.46"
"36","A","Nap","no",NA,NA,NA,"0.09","0.94","-0.53"
"37","A","Ata","no",NA,NA,NA,"0.89","0.37","-0.16"
"38","H","Int","no",NA,NA,NA,"1.17","0.16","0.00"
