"","HA","vs","played","Pts","GD","GS","ePts","sched","cumulative"
"1","H","Laz","yes",3,2,2,"1.91","-0.44","-0.44"
"2","A","Bol","yes",0,-1,0,"0.73","0.45","0.01"
"3","H","Gen","yes",1,0,1,"2.33","-0.76","-0.75"
"4","A","Fir","yes",3,1,2,"2.32","-0.75","-1.50"
"5","H","Cre","yes",1,0,1,"0.71","0.46","-1.03"
"6","A","Ata","no",NA,NA,NA,"1.43","-0.08","-1.11"
"7","H","Juv","no",NA,NA,NA,"0.87","0.35","-0.77"
"8","A","Par","no",NA,NA,NA,"1.82","-0.37","-1.14"
"9","H","Ver","no",NA,NA,NA,"1.91","-0.44","-1.58"
"10","A","Nap","no",NA,NA,NA,"0.18","0.87","-0.71"
"11","H","Cag","no",NA,NA,NA,"1.34","-0.01","-0.73"
"12","A","Tor","no",NA,NA,NA,"1.84","-0.39","-1.12"
"13","H","Sas","no",NA,NA,NA,"1.43","-0.08","-1.19"
"14","A","Int","no",NA,NA,NA,"0.55","0.59","-0.60"
"15","A","Rom","no",NA,NA,NA,"0.65","0.51","-0.09"
"16","H","Mil","no",NA,NA,NA,"0.20","0.85","0.76"
"17","A","Lec","no",NA,NA,NA,"2.55","-0.92","-0.16"
"18","H","Udi","no",NA,NA,NA,"0.69","0.48","0.31"
"19","A","Pis","no",NA,NA,NA,"2.25","-0.70","-0.38"
"20","H","Bol","no",NA,NA,NA,"1.94","-0.46","-0.85"
"21","A","Laz","no",NA,NA,NA,"1.40","-0.06","-0.90"
"22","H","Tor","no",NA,NA,NA,"0.98","0.26","-0.64"
"23","H","Ata","no",NA,NA,NA,"1.19","0.11","-0.54"
"24","A","Mil","no",NA,NA,NA,"0.26","0.80","0.27"
"25","H","Fir","no",NA,NA,NA,"2.22","-0.68","-0.41"
"26","A","Juv","no",NA,NA,NA,"0.52","0.61","0.20"
"27","H","Lec","no",NA,NA,NA,"2.59","-0.96","-0.76"
"28","A","Cag","no",NA,NA,NA,"1.47","-0.11","-0.87"
"29","H","Rom","no",NA,NA,NA,"0.38","0.71","-0.16"
"30","H","Pis","no",NA,NA,NA,"2.17","-0.63","-0.79"
"31","A","Udi","no",NA,NA,NA,"1.32","0.00","-0.79"
"32","H","Int","no",NA,NA,NA,"0.69","0.48","-0.31"
"33","A","Sas","no",NA,NA,NA,"0.56","0.58","0.27"
"34","A","Gen","no",NA,NA,NA,"2.42","-0.83","-0.56"
"35","H","Nap","no",NA,NA,NA,"0.26","0.80","0.25"
"36","A","Ver","no",NA,NA,NA,"1.49","-0.13","0.12"
"37","H","Par","no",NA,NA,NA,"1.98","-0.49","-0.37"
"38","A","Cre","no",NA,NA,NA,"0.83","0.37","-0.00"
