"","HA","vs","played","Pts","GD","GS","ePts","sched","cumulative"
"1","A","Mil","yes",3,1,2,"0.83","0.45","0.45"
"2","H","Sas","yes",3,1,3,"1.62","-0.07","0.38"
"3","A","Ver","yes",1,0,0,"2.27","-0.50","-0.12"
"4","H","Par","yes",1,0,0,"2.22","-0.47","-0.59"
"5","A","Com","yes",1,0,1,"1.22","0.19","-0.40"
"6","A","Int","yes",0,-3,1,"0.60","0.60","0.21"
"7","H","Udi","yes",1,0,1,"0.99","0.35","0.56"
"8","H","Ata","yes",1,0,1,"1.26","0.17","0.72"
"9","A","Gen","no",NA,NA,NA,"2.49","-0.65","0.07"
"10","H","Juv","no",NA,NA,NA,"1.56","-0.03","0.04"
"11","A","Pis","no",NA,NA,NA,"2.35","-0.55","-0.51"
"12","H","Rom","no",NA,NA,NA,"0.50","0.67","0.16"
"13","A","Bol","no",NA,NA,NA,"0.58","0.62","0.78"
"14","H","Lec","no",NA,NA,NA,"2.11","-0.39","0.38"
"15","A","Tor","no",NA,NA,NA,"1.55","-0.03","0.35"
"16","A","Laz","no",NA,NA,NA,"1.63","-0.08","0.27"
"17","H","Nap","no",NA,NA,NA,"0.88","0.42","0.69"
"18","A","Fir","no",NA,NA,NA,"2.51","-0.66","0.03"
"19","H","Cag","no",NA,NA,NA,"1.52","-0.00","0.03"
"20","A","Juv","no",NA,NA,NA,"0.78","0.48","0.51"
"21","H","Ver","no",NA,NA,NA,"2.33","-0.54","-0.03"
"22","A","Sas","no",NA,NA,NA,"0.93","0.38","0.35"
"23","H","Int","no",NA,NA,NA,"0.67","0.56","0.91"
"24","A","Ata","no",NA,NA,NA,"1.58","-0.04","0.86"
"25","H","Gen","no",NA,NA,NA,"2.34","-0.55","0.31"
"26","A","Rom","no",NA,NA,NA,"1.09","0.28","0.59"
"27","H","Mil","no",NA,NA,NA,"0.58","0.62","1.21"
"28","A","Lec","no",NA,NA,NA,"2.18","-0.45","0.76"
"29","H","Fir","no",NA,NA,NA,"2.35","-0.56","0.21"
"30","A","Par","no",NA,NA,NA,"1.90","-0.26","-0.05"
"31","H","Bol","no",NA,NA,NA,"1.45","0.04","-0.01"
"32","A","Cag","no",NA,NA,NA,"1.90","-0.25","-0.26"
"33","H","Tor","no",NA,NA,NA,"1.55","-0.02","-0.28"
"34","A","Nap","no",NA,NA,NA,"0.24","0.84","0.56"
"35","H","Laz","no",NA,NA,NA,"1.75","-0.16","0.40"
"36","H","Pis","no",NA,NA,NA,"2.08","-0.38","0.03"
"37","A","Udi","no",NA,NA,NA,"1.54","-0.02","0.01"
"38","H","Com","no",NA,NA,NA,"1.52","-0.01","0.00"
