"","HA","vs","played","Pts","GD","GS","ePts","sched","cumulative"
"1","A","Cag","yes",1,0,1,"0.44","-0.01","-0.01"
"2","A","Tor","yes",1,0,0,"0.97","-1.21","-1.23"
"3","H","Nap","yes",0,-2,1,"0.05","0.90","-0.33"
"4","H","Com","yes",0,-1,1,"0.37","0.15","-0.18"
"5","A","Pis","yes",1,0,0,"1.17","-1.68","-1.86"
"6","H","Rom","no",NA,NA,NA,"0.09","0.79","-1.07"
"7","A","Mil","no",NA,NA,NA,"0.07","0.85","-0.22"
"8","H","Bol","no",NA,NA,NA,"0.55","-0.26","-0.48"
"9","A","Int","no",NA,NA,NA,"0.10","0.77","0.29"
"10","H","Lec","no",NA,NA,NA,"0.66","-0.50","-0.21"
"11","A","Gen","no",NA,NA,NA,"1.29","-1.94","-2.15"
"12","H","Juv","no",NA,NA,NA,"0.21","0.51","-1.64"
"13","A","Ata","no",NA,NA,NA,"0.42","0.04","-1.60"
"14","A","Sas","no",NA,NA,NA,"0.11","0.75","-0.85"
"15","H","Ver","no",NA,NA,NA,"0.85","-0.95","-1.79"
"16","H","Udi","no",NA,NA,NA,"0.12","0.72","-1.07"
"17","A","Par","no",NA,NA,NA,"0.61","-0.39","-1.46"
"18","H","Cre","no",NA,NA,NA,"0.20","0.55","-0.91"
"19","A","Laz","no",NA,NA,NA,"0.51","-0.17","-1.08"
"20","H","Mil","no",NA,NA,NA,"0.04","0.91","-0.17"
"21","A","Bol","no",NA,NA,NA,"0.18","0.58","0.41"
"22","H","Cag","no",NA,NA,NA,"0.25","0.44","0.85"
"23","A","Nap","no",NA,NA,NA,"0.04","0.91","1.76"
"24","H","Tor","no",NA,NA,NA,"0.52","-0.20","1.56"
"25","A","Com","no",NA,NA,NA,"0.40","0.08","1.64"
"26","H","Pis","no",NA,NA,NA,"0.89","-1.03","0.61"
"27","A","Udi","no",NA,NA,NA,"0.46","-0.06","0.55"
"28","H","Par","no",NA,NA,NA,"0.65","-0.49","0.06"
"29","A","Cre","no",NA,NA,NA,"0.22","0.51","0.57"
"30","H","Int","no",NA,NA,NA,"0.12","0.72","1.29"
"31","A","Ver","no",NA,NA,NA,"0.77","-0.77","0.53"
"32","H","Laz","no",NA,NA,NA,"0.51","-0.16","0.37"
"33","A","Lec","no",NA,NA,NA,"0.92","-1.09","-0.73"
"34","H","Sas","no",NA,NA,NA,"0.22","0.50","-0.23"
"35","A","Rom","no",NA,NA,NA,"0.23","0.47","0.25"
"36","H","Gen","no",NA,NA,NA,"1.02","-1.32","-1.08"
"37","A","Juv","no",NA,NA,NA,"0.13","0.71","-0.37"
"38","H","Ata","no",NA,NA,NA,"0.27","0.37","-0.00"
