"","HA","vs","played","Pts","GD","GS","ePts","sched","cumulative"
"1","H","Lec","yes",1,0,0,"1.30","-2.01","-2.01"
"2","H","Juv","yes",0,-1,0,"0.17","0.61","-1.40"
"3","A","Com","yes",1,0,1,"0.36","0.17","-1.23"
"4","A","Bol","yes",0,-1,1,"0.17","0.60","-0.63"
"5","H","Laz","no",NA,NA,NA,"0.64","-0.48","-1.11"
"6","A","Nap","no",NA,NA,NA,"0.04","0.91","-0.20"
"7","H","Par","no",NA,NA,NA,"0.69","-0.60","-0.80"
"8","A","Tor","no",NA,NA,NA,"0.71","-0.64","-1.44"
"9","H","Cre","no",NA,NA,NA,"0.13","0.69","-0.74"
"10","A","Sas","no",NA,NA,NA,"0.13","0.70","-0.04"
"11","H","Fir","no",NA,NA,NA,"0.90","-1.09","-1.13"
"12","A","Cag","no",NA,NA,NA,"0.47","-0.08","-1.22"
"13","H","Ver","no",NA,NA,NA,"0.64","-0.47","-1.69"
"14","A","Udi","no",NA,NA,NA,"0.39","0.10","-1.59"
"15","H","Int","no",NA,NA,NA,"0.13","0.71","-0.89"
"16","H","Ata","no",NA,NA,NA,"0.26","0.39","-0.49"
"17","A","Rom","no",NA,NA,NA,"0.15","0.65","0.15"
"18","H","Pis","no",NA,NA,NA,"0.85","-0.97","-0.81"
"19","A","Mil","no",NA,NA,NA,"0.06","0.86","0.05"
"20","H","Cag","no",NA,NA,NA,"0.32","0.26","0.31"
"21","A","Par","no",NA,NA,NA,"0.69","-0.60","-0.29"
"22","H","Bol","no",NA,NA,NA,"0.66","-0.52","-0.81"
"23","A","Laz","no",NA,NA,NA,"0.43","0.01","-0.80"
"24","H","Nap","no",NA,NA,NA,"0.04","0.90","0.09"
"25","A","Cre","no",NA,NA,NA,"0.20","0.53","0.62"
"26","H","Tor","no",NA,NA,NA,"0.20","0.54","1.16"
"27","A","Int","no",NA,NA,NA,"0.12","0.71","1.87"
"28","H","Rom","no",NA,NA,NA,"0.07","0.85","2.72"
"29","A","Ver","no",NA,NA,NA,"0.48","-0.11","2.61"
"30","H","Udi","no",NA,NA,NA,"0.13","0.71","3.32"
"31","A","Juv","no",NA,NA,NA,"0.12","0.73","4.04"
"32","H","Sas","no",NA,NA,NA,"0.35","0.18","4.22"
"33","A","Pis","no",NA,NA,NA,"1.07","-1.49","2.74"
"34","H","Com","no",NA,NA,NA,"0.31","0.29","3.03"
"35","A","Ata","no",NA,NA,NA,"0.44","-0.03","3.00"
"36","A","Fir","no",NA,NA,NA,"1.14","-1.65","1.36"
"37","H","Mil","no",NA,NA,NA,"0.03","0.92","2.28"
"38","A","Lec","no",NA,NA,NA,"1.42","-2.28","0.00"
