"","HA","vs","played","Pts","GD","GS","ePts","sched","cumulative"
"1","H","Tor","yes",3,5,5,"2.23","-0.03","-0.03"
"2","H","Udi","yes",0,-1,1,"1.93","0.11","0.08"
"3","A","Juv","yes",0,-1,3,"1.55","0.28","0.36"
"4","H","Sas","yes",3,1,2,"2.41","-0.11","0.24"
"5","A","Cag","yes",3,2,2,"2.49","-0.15","0.10"
"6","H","Cre","yes",3,3,4,"2.15","0.01","0.10"
"7","A","Rom","yes",3,1,1,"1.70","0.21","0.32"
"8","A","Nap","yes",0,-2,1,"0.53","0.75","1.07"
"9","H","Fir","no",NA,NA,NA,"2.72","-0.26","0.81"
"10","A","Ver","no",NA,NA,NA,"2.63","-0.21","0.60"
"11","H","Laz","no",NA,NA,NA,"2.41","-0.11","0.49"
"12","H","Mil","no",NA,NA,NA,"1.75","0.19","0.68"
"13","A","Pis","no",NA,NA,NA,"2.66","-0.23","0.45"
"14","H","Com","no",NA,NA,NA,"2.31","-0.07","0.39"
"15","A","Gen","no",NA,NA,NA,"2.81","-0.30","0.09"
"16","A","Ata","no",NA,NA,NA,"2.13","0.01","0.10"
"17","H","Bol","no",NA,NA,NA,"2.46","-0.14","-0.03"
"18","A","Par","no",NA,NA,NA,"2.42","-0.12","-0.15"
"19","H","Nap","no",NA,NA,NA,"1.66","0.23","0.08"
"20","H","Lec","no",NA,NA,NA,"2.70","-0.25","-0.16"
"21","A","Udi","no",NA,NA,NA,"2.25","-0.04","-0.20"
"22","H","Pis","no",NA,NA,NA,"2.63","-0.21","-0.41"
"23","A","Cre","no",NA,NA,NA,"2.02","0.07","-0.35"
"24","A","Sas","no",NA,NA,NA,"1.66","0.23","-0.11"
"25","H","Juv","no",NA,NA,NA,"2.49","-0.15","-0.26"
"26","A","Lec","no",NA,NA,NA,"2.68","-0.24","-0.50"
"27","H","Gen","no",NA,NA,NA,"2.82","-0.30","-0.80"
"28","A","Mil","no",NA,NA,NA,"1.59","0.27","-0.54"
"29","H","Ata","no",NA,NA,NA,"2.11","0.03","-0.51"
"30","A","Fir","no",NA,NA,NA,"2.70","-0.25","-0.76"
"31","H","Rom","no",NA,NA,NA,"0.71","0.67","-0.08"
"32","A","Com","no",NA,NA,NA,"1.93","0.11","0.03"
"33","H","Cag","no",NA,NA,NA,"2.50","-0.15","-0.13"
"34","A","Tor","no",NA,NA,NA,"1.98","0.08","-0.04"
"35","H","Par","no",NA,NA,NA,"2.73","-0.26","-0.30"
"36","A","Laz","no",NA,NA,NA,"1.87","0.14","-0.17"
"37","H","Ver","no",NA,NA,NA,"2.74","-0.26","-0.43"
"38","A","Bol","no",NA,NA,NA,"1.23","0.43","-0.00"
