"","HA","vs","played","Pts","GD","GS","ePts","sched","cumulative"
"1","H","Par","yes",3,2,2,"2.58","-0.39","-0.39"
"2","A","Gen","yes",3,1,1,"2.59","-0.40","-0.79"
"3","H","Int","yes",3,1,4,"1.49","0.19","-0.60"
"4","A","Ver","yes",1,0,1,"2.21","-0.19","-0.79"
"5","H","Ata","yes",1,0,1,"2.13","-0.15","-0.94"
"6","H","Mil","no",NA,NA,NA,"0.59","0.68","-0.26"
"7","A","Com","no",NA,NA,NA,"1.69","0.09","-0.17"
"8","A","Laz","no",NA,NA,NA,"1.89","-0.02","-0.19"
"9","H","Udi","no",NA,NA,NA,"1.50","0.19","-0.00"
"10","A","Cre","no",NA,NA,NA,"1.17","0.37","0.37"
"11","H","Tor","no",NA,NA,NA,"2.48","-0.34","0.03"
"12","A","Fir","no",NA,NA,NA,"2.60","-0.40","-0.38"
"13","H","Cag","no",NA,NA,NA,"2.05","-0.11","-0.48"
"14","A","Nap","no",NA,NA,NA,"0.24","0.87","0.39"
"15","A","Bol","no",NA,NA,NA,"1.04","0.44","0.83"
"16","H","Rom","no",NA,NA,NA,"1.27","0.31","1.14"
"17","A","Pis","no",NA,NA,NA,"2.52","-0.36","0.78"
"18","H","Lec","no",NA,NA,NA,"2.58","-0.39","0.38"
"19","A","Sas","no",NA,NA,NA,"0.67","0.64","1.02"
"20","H","Cre","no",NA,NA,NA,"1.89","-0.02","1.00"
"21","A","Cag","no",NA,NA,NA,"1.77","0.05","1.04"
"22","H","Nap","no",NA,NA,NA,"0.72","0.61","1.65"
"23","A","Par","no",NA,NA,NA,"2.03","-0.09","1.56"
"24","H","Laz","no",NA,NA,NA,"2.47","-0.33","1.23"
"25","A","Int","no",NA,NA,NA,"0.63","0.66","1.89"
"26","H","Com","no",NA,NA,NA,"2.31","-0.25","1.64"
"27","A","Rom","no",NA,NA,NA,"1.22","0.34","1.98"
"28","H","Pis","no",NA,NA,NA,"2.70","-0.46","1.52"
"29","A","Udi","no",NA,NA,NA,"1.81","0.03","1.55"
"30","H","Sas","no",NA,NA,NA,"1.97","-0.07","1.48"
"31","H","Gen","no",NA,NA,NA,"2.75","-0.49","1.00"
"32","A","Ata","no",NA,NA,NA,"1.72","0.07","1.06"
"33","H","Bol","no",NA,NA,NA,"2.51","-0.35","0.71"
"34","A","Mil","no",NA,NA,NA,"0.41","0.78","1.49"
"35","H","Ver","no",NA,NA,NA,"2.69","-0.45","1.04"
"36","A","Lec","no",NA,NA,NA,"2.34","-0.26","0.78"
"37","H","Fir","no",NA,NA,NA,"2.76","-0.49","0.29"
"38","A","Tor","no",NA,NA,NA,"2.38","-0.29","-0.00"
