"","HA","vs","played","Pts","GD","GS","ePts","sched","cumulative"
"1","A","Com","yes",0,-2,0,"0.90","0.16","0.16"
"2","H","Ver","yes",3,4,4,"2.10","-0.97","-0.81"
"3","A","Sas","yes",0,-1,0,"0.47","0.56","-0.25"
"4","H","Rom","yes",0,-1,0,"0.35","0.67","0.42"
"5","A","Gen","yes",3,3,3,"2.03","-0.91","-0.49"
"6","H","Tor","yes",1,0,3,"1.14","-0.07","-0.56"
"7","A","Ata","no",NA,NA,NA,"0.83","0.22","-0.34"
"8","H","Juv","no",NA,NA,NA,"0.80","0.25","-0.09"
"9","A","Pis","no",NA,NA,NA,"1.96","-0.84","-0.93"
"10","H","Cag","no",NA,NA,NA,"1.13","-0.06","-0.98"
"11","A","Int","no",NA,NA,NA,"0.25","0.76","-0.22"
"12","H","Lec","no",NA,NA,NA,"1.61","-0.51","-0.73"
"13","A","Mil","no",NA,NA,NA,"0.32","0.70","-0.02"
"14","H","Bol","no",NA,NA,NA,"1.54","-0.44","-0.47"
"15","A","Par","no",NA,NA,NA,"1.08","-0.02","-0.48"
"16","H","Cre","no",NA,NA,NA,"0.87","0.19","-0.30"
"17","A","Udi","no",NA,NA,NA,"1.19","-0.12","-0.41"
"18","H","Nap","no",NA,NA,NA,"0.61","0.42","0.01"
"19","H","Fir","no",NA,NA,NA,"1.99","-0.86","-0.85"
"20","A","Ver","no",NA,NA,NA,"1.67","-0.57","-1.42"
"21","H","Com","no",NA,NA,NA,"1.12","-0.05","-1.47"
"22","A","Lec","no",NA,NA,NA,"1.58","-0.48","-1.95"
"23","H","Gen","no",NA,NA,NA,"2.12","-0.99","-2.94"
"24","A","Juv","no",NA,NA,NA,"0.29","0.73","-2.21"
"25","H","Ata","no",NA,NA,NA,"0.73","0.31","-1.90"
"26","A","Cag","no",NA,NA,NA,"0.98","0.08","-1.82"
"27","A","Tor","no",NA,NA,NA,"0.87","0.18","-1.64"
"28","H","Sas","no",NA,NA,NA,"1.21","-0.14","-1.77"
"29","H","Mil","no",NA,NA,NA,"0.33","0.69","-1.08"
"30","A","Bol","no",NA,NA,NA,"0.35","0.67","-0.41"
"31","H","Par","no",NA,NA,NA,"1.62","-0.52","-0.93"
"32","A","Fir","no",NA,NA,NA,"2.00","-0.87","-1.80"
"33","A","Nap","no",NA,NA,NA,"0.22","0.80","-1.00"
"34","H","Udi","no",NA,NA,NA,"0.61","0.43","-0.57"
"35","A","Cre","no",NA,NA,NA,"0.64","0.40","-0.17"
"36","H","Int","no",NA,NA,NA,"0.33","0.69","0.52"
"37","A","Rom","no",NA,NA,NA,"0.63","0.41","0.93"
"38","H","Pis","no",NA,NA,NA,"2.06","-0.93","0.00"
