"","HA","vs","played","Pts","GD","GS","ePts","sched","cumulative"
"1","A","Gen","yes",1,0,0,"1.83","-1.50","-1.50"
"2","H","Mil","yes",0,-2,0,"0.07","0.91","-0.60"
"3","A","Ata","yes",0,-3,1,"0.74","-0.02","-0.61"
"4","H","Cag","yes",0,-1,1,"0.44","0.40","-0.22"
"5","H","Bol","yes",1,0,2,"0.90","-0.23","-0.45"
"6","A","Par","yes",3,1,1,"1.02","-0.40","-0.84"
"7","H","Sas","no",NA,NA,NA,"0.40","0.46","-0.38"
"8","A","Udi","no",NA,NA,NA,"0.81","-0.11","-0.49"
"9","H","Nap","no",NA,NA,NA,"0.08","0.89","0.39"
"10","A","Fir","no",NA,NA,NA,"1.84","-1.52","-1.13"
"11","H","Ver","no",NA,NA,NA,"1.29","-0.76","-1.89"
"12","A","Laz","no",NA,NA,NA,"0.88","-0.21","-2.10"
"13","H","Tor","no",NA,NA,NA,"0.86","-0.18","-2.28"
"14","A","Cre","no",NA,NA,NA,"0.40","0.45","-1.84"
"15","H","Pis","no",NA,NA,NA,"1.33","-0.82","-2.66"
"16","A","Int","no",NA,NA,NA,"0.19","0.74","-1.92"
"17","H","Com","no",NA,NA,NA,"0.64","0.12","-1.80"
"18","A","Juv","no",NA,NA,NA,"0.24","0.67","-1.14"
"19","H","Rom","no",NA,NA,NA,"0.17","0.77","-0.37"
"20","H","Par","no",NA,NA,NA,"1.03","-0.41","-0.79"
"21","A","Mil","no",NA,NA,NA,"0.12","0.83","0.04"
"22","H","Laz","no",NA,NA,NA,"0.84","-0.15","-0.10"
"23","A","Tor","no",NA,NA,NA,"1.47","-1.02","-1.12"
"24","H","Udi","no",NA,NA,NA,"0.22","0.70","-0.42"
"25","A","Cag","no",NA,NA,NA,"0.78","-0.07","-0.49"
"26","H","Int","no",NA,NA,NA,"0.22","0.70","0.21"
"27","A","Com","no",NA,NA,NA,"0.72","0.02","0.22"
"28","H","Cre","no",NA,NA,NA,"0.36","0.51","0.74"
"29","A","Nap","no",NA,NA,NA,"0.07","0.90","1.64"
"30","A","Rom","no",NA,NA,NA,"0.43","0.41","2.05"
"31","H","Ata","no",NA,NA,NA,"0.49","0.33","2.38"
"32","A","Bol","no",NA,NA,NA,"0.35","0.53","2.91"
"33","H","Fir","no",NA,NA,NA,"1.49","-1.04","1.86"
"34","A","Ver","no",NA,NA,NA,"1.24","-0.69","1.17"
"35","A","Pis","no",NA,NA,NA,"1.70","-1.33","-0.16"
"36","H","Juv","no",NA,NA,NA,"0.39","0.47","0.31"
"37","A","Sas","no",NA,NA,NA,"0.21","0.72","1.03"
"38","H","Gen","no",NA,NA,NA,"1.48","-1.03","-0.00"
