"","HA","vs","played","Pts","GD","GS","ePts","sched","cumulative"
"1","H","Cre","yes",0,-1,1,"2.03","0.09","0.09"
"2","A","Lec","yes",3,2,2,"2.70","-0.21","-0.13"
"3","H","Bol","yes",3,1,1,"2.51","-0.13","-0.25"
"4","A","Udi","yes",3,3,3,"2.55","-0.14","-0.40"
"5","H","Nap","yes",3,1,2,"1.72","0.23","-0.17"
"6","A","Juv","yes",1,0,0,"1.48","0.33","0.17"
"7","H","Fir","no",NA,NA,NA,"2.71","-0.22","-0.05"
"8","H","Pis","no",NA,NA,NA,"2.74","-0.23","-0.28"
"9","A","Ata","no",NA,NA,NA,"2.32","-0.04","-0.32"
"10","H","Rom","no",NA,NA,NA,"1.23","0.45","0.13"
"11","A","Par","no",NA,NA,NA,"2.49","-0.12","0.01"
"12","A","Int","no",NA,NA,NA,"1.36","0.39","0.40"
"13","H","Laz","no",NA,NA,NA,"2.47","-0.11","0.29"
"14","A","Tor","no",NA,NA,NA,"2.35","-0.06","0.23"
"15","H","Sas","no",NA,NA,NA,"2.32","-0.04","0.19"
"16","H","Ver","no",NA,NA,NA,"2.75","-0.24","-0.04"
"17","A","Cag","no",NA,NA,NA,"2.43","-0.09","-0.14"
"18","H","Gen","no",NA,NA,NA,"2.76","-0.24","-0.37"
"19","A","Fir","no",NA,NA,NA,"2.83","-0.27","-0.64"
"20","A","Com","no",NA,NA,NA,"2.37","-0.07","-0.71"
"21","H","Lec","no",NA,NA,NA,"2.54","-0.14","-0.85"
"22","A","Rom","no",NA,NA,NA,"2.12","0.05","-0.80"
"23","A","Bol","no",NA,NA,NA,"1.65","0.26","-0.55"
"24","H","Com","no",NA,NA,NA,"2.26","-0.01","-0.56"
"25","A","Pis","no",NA,NA,NA,"2.82","-0.27","-0.82"
"26","H","Par","no",NA,NA,NA,"2.55","-0.14","-0.97"
"27","A","Cre","no",NA,NA,NA,"2.14","0.04","-0.93"
"28","H","Int","no",NA,NA,NA,"1.18","0.47","-0.46"
"29","A","Laz","no",NA,NA,NA,"2.47","-0.11","-0.57"
"30","H","Tor","no",NA,NA,NA,"2.27","-0.02","-0.58"
"31","A","Nap","no",NA,NA,NA,"1.23","0.45","-0.14"
"32","H","Udi","no",NA,NA,NA,"1.72","0.23","0.09"
"33","A","Ver","no",NA,NA,NA,"2.74","-0.23","-0.14"
"34","H","Juv","no",NA,NA,NA,"1.97","0.12","-0.02"
"35","A","Sas","no",NA,NA,NA,"1.89","0.15","0.13"
"36","H","Ata","no",NA,NA,NA,"1.88","0.15","0.29"
"37","A","Gen","no",NA,NA,NA,"2.84","-0.27","0.01"
"38","H","Cag","no",NA,NA,NA,"2.26","-0.01","-0.00"
