"","HA","vs","played","Pts","GD","GS","ePts","sched","cumulative"
"1","H","Nap","yes",0,-2,0,"1.38","0.10","0.10"
"2","A","Cre","yes",0,-1,2,"0.92","0.40","0.49"
"3","H","Laz","yes",3,1,1,"2.11","-0.38","0.11"
"4","A","Int","yes",0,-1,1,"0.37","0.76","0.87"
"5","H","Udi","yes",3,2,3,"1.49","0.02","0.89"
"6","A","Ver","yes",3,1,1,"1.96","-0.29","0.60"
"7","A","Lec","yes",1,0,0,"1.77","-0.16","0.43"
"8","H","Rom","no",NA,NA,NA,"0.77","0.49","0.92"
"9","A","Cag","no",NA,NA,NA,"1.54","-0.01","0.91"
"10","H","Gen","no",NA,NA,NA,"2.56","-0.68","0.23"
"11","A","Ata","no",NA,NA,NA,"1.09","0.29","0.52"
"12","H","Pis","no",NA,NA,NA,"2.40","-0.58","-0.06"
"13","A","Com","no",NA,NA,NA,"0.78","0.49","0.43"
"14","H","Fir","no",NA,NA,NA,"2.59","-0.70","-0.27"
"15","A","Mil","no",NA,NA,NA,"0.57","0.63","0.35"
"16","H","Tor","no",NA,NA,NA,"1.94","-0.27","0.08"
"17","A","Bol","no",NA,NA,NA,"0.33","0.78","0.86"
"18","H","Par","no",NA,NA,NA,"2.48","-0.63","0.23"
"19","H","Juv","no",NA,NA,NA,"1.94","-0.27","-0.04"
"20","A","Rom","no",NA,NA,NA,"0.73","0.52","0.48"
"21","A","Nap","no",NA,NA,NA,"0.30","0.80","1.28"
"22","H","Cre","no",NA,NA,NA,"1.65","-0.08","1.20"
"23","A","Pis","no",NA,NA,NA,"2.06","-0.36","0.85"
"24","H","Int","no",NA,NA,NA,"0.87","0.43","1.27"
"25","A","Udi","no",NA,NA,NA,"1.52","-0.00","1.27"
"26","H","Ver","no",NA,NA,NA,"2.61","-0.71","0.56"
"27","H","Ata","no",NA,NA,NA,"1.55","-0.02","0.54"
"28","A","Laz","no",NA,NA,NA,"1.23","0.19","0.73"
"29","H","Bol","no",NA,NA,NA,"1.86","-0.22","0.51"
"30","A","Juv","no",NA,NA,NA,"0.48","0.69","1.20"
"31","H","Cag","no",NA,NA,NA,"2.04","-0.34","0.86"
"32","A","Gen","no",NA,NA,NA,"2.18","-0.43","0.43"
"33","H","Com","no",NA,NA,NA,"1.73","-0.14","0.29"
"34","A","Fir","no",NA,NA,NA,"2.24","-0.47","-0.18"
"35","H","Mil","no",NA,NA,NA,"0.94","0.38","0.21"
"36","A","Tor","no",NA,NA,NA,"1.14","0.25","0.46"
"37","H","Lec","no",NA,NA,NA,"2.29","-0.50","-0.05"
"38","A","Par","no",NA,NA,NA,"1.45","0.05","-0.00"
