"","HA","vs","played","Pts","GD","GS","ePts","sched","cumulative"
"1","A","Int","yes",0,-5,0,"0.81","0.34","0.34"
"2","H","Fir","yes",1,0,0,"1.61","-0.32","0.01"
"3","A","Rom","yes",3,1,1,"0.95","0.22","0.24"
"4","H","Ata","yes",0,-3,0,"0.64","0.48","0.71"
"5","A","Par","no",NA,NA,NA,"2.15","-0.77","-0.05"
"6","A","Laz","no",NA,NA,NA,"1.77","-0.45","-0.51"
"7","H","Nap","no",NA,NA,NA,"0.12","0.90","0.39"
"8","H","Gen","no",NA,NA,NA,"1.75","-0.43","-0.04"
"9","A","Bol","no",NA,NA,NA,"1.04","0.15","0.11"
"10","H","Pis","no",NA,NA,NA,"1.54","-0.27","-0.16"
"11","A","Juv","no",NA,NA,NA,"0.77","0.37","0.21"
"12","H","Com","no",NA,NA,NA,"0.72","0.41","0.61"
"13","A","Lec","no",NA,NA,NA,"2.71","-1.23","-0.61"
"14","H","Mil","no",NA,NA,NA,"0.09","0.92","0.31"
"15","H","Cre","no",NA,NA,NA,"0.35","0.72","1.03"
"16","A","Sas","no",NA,NA,NA,"0.82","0.32","1.35"
"17","H","Cag","no",NA,NA,NA,"0.75","0.38","1.74"
"18","A","Ver","no",NA,NA,NA,"1.86","-0.53","1.21"
"19","H","Udi","no",NA,NA,NA,"0.33","0.73","1.93"
"20","A","Ata","no",NA,NA,NA,"1.80","-0.48","1.45"
"21","H","Rom","no",NA,NA,NA,"0.18","0.85","2.31"
"22","A","Com","no",NA,NA,NA,"1.63","-0.34","1.97"
"23","H","Lec","no",NA,NA,NA,"2.12","-0.74","1.23"
"24","A","Fir","no",NA,NA,NA,"2.54","-1.09","0.14"
"25","H","Bol","no",NA,NA,NA,"1.29","-0.06","0.08"
"26","A","Gen","no",NA,NA,NA,"2.62","-1.15","-1.07"
"27","H","Laz","no",NA,NA,NA,"1.26","-0.03","-1.11"
"28","A","Nap","no",NA,NA,NA,"0.27","0.78","-0.33"
"29","H","Par","no",NA,NA,NA,"1.33","-0.09","-0.42"
"30","A","Mil","no",NA,NA,NA,"0.40","0.67","0.25"
"31","A","Pis","no",NA,NA,NA,"2.49","-1.05","-0.80"
"32","H","Ver","no",NA,NA,NA,"1.26","-0.03","-0.83"
"33","A","Cre","no",NA,NA,NA,"1.17","0.04","-0.80"
"34","H","Int","no",NA,NA,NA,"0.33","0.73","-0.07"
"35","A","Udi","no",NA,NA,NA,"1.70","-0.39","-0.46"
"36","H","Sas","no",NA,NA,NA,"0.81","0.33","-0.13"
"37","A","Cag","no",NA,NA,NA,"1.84","-0.51","-0.64"
"38","H","Juv","no",NA,NA,NA,"0.43","0.64","0.00"
