"","HA","vs","played","Pts","GD","GS","ePts","sched","cumulative"
"1","H","Ver","yes",1,0,1,"1.84","-0.16","-0.16"
"2","A","Int","yes",3,1,2,"1.15","0.28","0.12"
"3","A","Pis","yes",3,1,1,"2.66","-0.68","-0.55"
"4","H","Mil","yes",0,-3,0,"0.18","0.89","0.33"
"5","A","Sas","yes",0,-2,1,"1.17","0.27","0.60"
"6","H","Cag","no",NA,NA,NA,"1.27","0.20","0.80"
"7","A","Cre","no",NA,NA,NA,"1.55","0.02","0.82"
"8","H","Lec","no",NA,NA,NA,"2.56","-0.61","0.22"
"9","A","Juv","no",NA,NA,NA,"1.10","0.31","0.52"
"10","H","Ata","no",NA,NA,NA,"1.12","0.30","0.82"
"11","A","Rom","no",NA,NA,NA,"1.31","0.18","1.00"
"12","H","Bol","no",NA,NA,NA,"1.87","-0.18","0.82"
"13","A","Par","no",NA,NA,NA,"2.41","-0.52","0.30"
"14","H","Gen","no",NA,NA,NA,"2.28","-0.43","-0.13"
"15","H","Nap","no",NA,NA,NA,"0.24","0.85","0.72"
"16","A","Fir","no",NA,NA,NA,"2.70","-0.70","0.02"
"17","H","Laz","no",NA,NA,NA,"1.84","-0.16","-0.14"
"18","A","Com","no",NA,NA,NA,"1.99","-0.25","-0.39"
"19","A","Tor","no",NA,NA,NA,"2.43","-0.53","-0.91"
"20","H","Pis","no",NA,NA,NA,"2.10","-0.32","-1.24"
"21","H","Int","no",NA,NA,NA,"0.64","0.60","-0.64"
"22","A","Ver","no",NA,NA,NA,"2.18","-0.37","-1.01"
"23","H","Rom","no",NA,NA,NA,"0.35","0.78","-0.23"
"24","A","Lec","no",NA,NA,NA,"2.81","-0.77","-1.00"
"25","H","Sas","no",NA,NA,NA,"1.35","0.15","-0.85"
"26","A","Bol","no",NA,NA,NA,"1.41","0.11","-0.74"
"27","H","Fir","no",NA,NA,NA,"2.17","-0.36","-1.11"
"28","A","Ata","no",NA,NA,NA,"2.13","-0.34","-1.45"
"29","H","Juv","no",NA,NA,NA,"0.81","0.49","-0.96"
"30","A","Gen","no",NA,NA,NA,"2.75","-0.73","-1.69"
"31","H","Com","no",NA,NA,NA,"1.23","0.22","-1.46"
"32","A","Mil","no",NA,NA,NA,"0.61","0.61","-0.85"
"33","H","Par","no",NA,NA,NA,"1.91","-0.20","-1.05"
"34","A","Laz","no",NA,NA,NA,"2.11","-0.33","-1.38"
"35","H","Tor","no",NA,NA,NA,"0.92","0.42","-0.95"
"36","A","Cag","no",NA,NA,NA,"2.17","-0.36","-1.32"
"37","H","Cre","no",NA,NA,NA,"0.66","0.58","-0.73"
"38","A","Nap","no",NA,NA,NA,"0.42","0.73","0.00"
