"","HA","vs","played","Pts","GD","GS","ePts","sched","cumulative"
"1","A","Udi","yes",1,0,1,"0.66","-0.22","-0.22"
"2","A","Laz","yes",0,-4,0,"0.47","0.12","-0.10"
"3","H","Cre","yes",1,0,0,"0.38","0.29","0.19"
"4","H","Juv","yes",1,0,1,"0.55","-0.02","0.18"
"5","A","Rom","yes",0,-2,0,"0.24","0.56","0.74"
"6","H","Sas","yes",0,-1,0,"0.60","-0.11","0.62"
"7","A","Pis","yes",1,0,0,"1.10","-1.04","-0.42"
"8","H","Cag","no",NA,NA,NA,"0.62","-0.15","-0.57"
"9","A","Com","no",NA,NA,NA,"0.26","0.52","-0.06"
"10","H","Int","no",NA,NA,NA,"0.15","0.73","0.67"
"11","A","Lec","no",NA,NA,NA,"0.85","-0.57","0.10"
"12","H","Par","no",NA,NA,NA,"1.11","-1.07","-0.97"
"13","A","Gen","no",NA,NA,NA,"1.21","-1.24","-2.21"
"14","H","Ata","no",NA,NA,NA,"0.34","0.36","-1.85"
"15","A","Fir","no",NA,NA,NA,"1.27","-1.36","-3.20"
"16","A","Mil","no",NA,NA,NA,"0.18","0.67","-2.54"
"17","H","Tor","no",NA,NA,NA,"0.55","-0.01","-2.55"
"18","A","Nap","no",NA,NA,NA,"0.09","0.83","-1.72"
"19","H","Laz","no",NA,NA,NA,"0.68","-0.26","-1.97"
"20","H","Bol","no",NA,NA,NA,"0.49","0.08","-1.89"
"21","A","Cre","no",NA,NA,NA,"0.32","0.41","-1.48"
"22","H","Udi","no",NA,NA,NA,"0.32","0.41","-1.07"
"23","A","Cag","no",NA,NA,NA,"0.67","-0.24","-1.31"
"24","H","Pis","no",NA,NA,NA,"1.00","-0.85","-2.16"
"25","A","Par","no",NA,NA,NA,"0.61","-0.12","-2.29"
"26","A","Sas","no",NA,NA,NA,"0.21","0.61","-1.68"
"27","H","Nap","no",NA,NA,NA,"0.28","0.48","-1.19"
"28","A","Bol","no",NA,NA,NA,"0.10","0.81","-0.38"
"29","H","Gen","no",NA,NA,NA,"1.24","-1.30","-1.68"
"30","A","Ata","no",NA,NA,NA,"0.40","0.26","-1.41"
"31","H","Fir","no",NA,NA,NA,"1.29","-1.39","-2.81"
"32","A","Tor","no",NA,NA,NA,"0.42","0.21","-2.59"
"33","H","Mil","no",NA,NA,NA,"0.16","0.70","-1.90"
"34","H","Lec","no",NA,NA,NA,"0.86","-0.60","-2.49"
"35","A","Juv","no",NA,NA,NA,"0.15","0.72","-1.77"
"36","H","Com","no",NA,NA,NA,"0.42","0.21","-1.55"
"37","A","Int","no",NA,NA,NA,"0.11","0.79","-0.76"
"38","H","Rom","no",NA,NA,NA,"0.13","0.76","-0.00"
