"","HA","vs","played","Pts","GD","GS","ePts","sched","cumulative"
"1","H","Wol","yes",3,2,2,"2.59","-0.32","-0.32"
"2","A","Ast","yes",3,2,2,"1.77","0.10","-0.23"
"3","H","BHA","yes",1,0,1,"1.85","0.05","-0.18"
"4","A","Tot","yes",3,1,1,"1.70","0.13","-0.05"
"5","A","MnC","yes",1,0,2,"1.43","0.27","0.22"
"6","H","Lei","yes",3,2,4,"2.62","-0.34","-0.12"
"7","H","Sot","yes",3,2,3,"2.84","-0.45","-0.57"
"8","A","Bou","yes",0,-2,0,"1.27","0.35","-0.22"
"9","H","Liv","yes",1,0,2,"1.05","0.46","0.24"
"10","A","New","yes",0,-1,0,"1.49","0.24","0.48"
"11","A","Che","yes",1,0,1,"1.16","0.41","0.89"
"12","H","Not","yes",3,3,3,"1.58","0.19","1.08"
"13","A","WHU","yes",3,3,5,"1.99","-0.02","1.06"
"14","H","MnU","yes",3,2,2,"2.38","-0.22","0.85"
"15","A","Ful","yes",1,0,1,"1.67","0.15","0.99"
"16","H","Eve","yes",1,0,0,"2.60","-0.33","0.66"
"17","A","Pal","no",NA,NA,NA,"2.24","-0.14","0.52"
"18","H","Ips","no",NA,NA,NA,"2.53","-0.29","0.22"
"19","A","Bre","no",NA,NA,NA,"0.80","0.59","0.82"
"20","A","BHA","no",NA,NA,NA,"1.80","0.08","0.90"
"21","H","Tot","no",NA,NA,NA,"2.22","-0.14","0.76"
"22","H","Ast","no",NA,NA,NA,"2.13","-0.09","0.67"
"23","A","Wol","no",NA,NA,NA,"2.57","-0.31","0.36"
"24","H","MnC","no",NA,NA,NA,"1.98","-0.01","0.34"
"25","A","Lei","no",NA,NA,NA,"2.02","-0.03","0.31"
"26","H","WHU","no",NA,NA,NA,"2.21","-0.13","0.18"
"27","A","Not","no",NA,NA,NA,"1.57","0.20","0.38"
"28","A","MnU","no",NA,NA,NA,"1.63","0.17","0.55"
"29","H","Che","no",NA,NA,NA,"1.06","0.46","1.00"
"30","H","Ful","no",NA,NA,NA,"2.18","-0.11","0.89"
"31","A","Eve","no",NA,NA,NA,"2.17","-0.11","0.78"
"32","H","Bre","no",NA,NA,NA,"2.73","-0.40","0.39"
"33","A","Ips","no",NA,NA,NA,"2.55","-0.30","0.08"
"34","H","Pal","no",NA,NA,NA,"2.39","-0.22","-0.14"
"35","H","Bou","no",NA,NA,NA,"2.08","-0.06","-0.20"
"36","A","Liv","no",NA,NA,NA,"0.60","0.69","0.49"
"37","H","New","no",NA,NA,NA,"2.21","-0.13","0.36"
"38","A","Sot","no",NA,NA,NA,"2.67","-0.36","-0.00"
