"","HA","vs","played","Pts","GD","GS","ePts","sched","cumulative"
"1","A","Eve","yes",3,3,3,"2.19","-0.30","-0.30"
"2","H","MnU","yes",3,1,2,"2.19","-0.29","-0.59"
"3","A","Ars","yes",1,0,1,"0.70","0.59","-0.00"
"4","H","Ips","yes",1,0,0,"2.30","-0.36","-0.37"
"5","H","Not","yes",1,0,2,"0.88","0.48","0.11"
"6","A","Che","yes",0,-2,2,"1.13","0.33","0.44"
"7","H","Tot","yes",3,1,3,"1.72","-0.02","0.42"
"8","A","New","yes",3,1,1,"1.51","0.11","0.53"
"9","H","Wol","yes",1,0,2,"2.22","-0.31","0.22"
"10","A","Liv","yes",0,-1,1,"0.37","0.78","1.00"
"11","H","MnC","yes",3,1,2,"1.29","0.23","1.23"
"12","A","Bou","yes",3,1,2,"1.21","0.28","1.52"
"13","H","Sot","yes",1,0,1,"2.67","-0.58","0.94"
"14","A","Ful","yes",0,-2,1,"1.62","0.04","0.98"
"15","A","Lei","yes",1,0,2,"1.98","-0.17","0.81"
"16","H","Pal","no",NA,NA,NA,"2.20","-0.30","0.51"
"17","A","WHU","no",NA,NA,NA,"2.00","-0.18","0.32"
"18","H","Bre","no",NA,NA,NA,"2.45","-0.45","-0.12"
"19","A","Ast","no",NA,NA,NA,"1.78","-0.05","-0.17"
"20","H","Ars","no",NA,NA,NA,"1.07","0.37","0.20"
"21","A","Ips","no",NA,NA,NA,"2.60","-0.53","-0.34"
"22","A","MnU","no",NA,NA,NA,"1.64","0.03","-0.31"
"23","H","Eve","no",NA,NA,NA,"2.36","-0.39","-0.70"
"24","A","Not","no",NA,NA,NA,"1.78","-0.05","-0.76"
"25","H","Che","no",NA,NA,NA,"0.54","0.68","-0.07"
"26","A","Sot","no",NA,NA,NA,"2.65","-0.57","-0.64"
"27","H","Bou","no",NA,NA,NA,"1.52","0.10","-0.54"
"28","H","Ful","no",NA,NA,NA,"1.74","-0.03","-0.56"
"29","A","MnC","no",NA,NA,NA,"1.07","0.37","-0.20"
"30","H","Ast","no",NA,NA,NA,"1.42","0.16","-0.04"
"31","A","Pal","no",NA,NA,NA,"2.29","-0.36","-0.39"
"32","H","Lei","no",NA,NA,NA,"2.26","-0.34","-0.73"
"33","A","Bre","no",NA,NA,NA,"0.83","0.51","-0.22"
"34","H","WHU","no",NA,NA,NA,"1.72","-0.02","-0.23"
"35","H","New","no",NA,NA,NA,"1.70","-0.01","-0.24"
"36","A","Wol","no",NA,NA,NA,"2.49","-0.47","-0.71"
"37","H","Liv","no",NA,NA,NA,"0.48","0.72","0.00"
"38","A","Tot","no",NA,NA,NA,"1.70","-0.00","0.00"
