"","HA","vs","played","Pts","GD","GS","ePts","sched","cumulative"
"1","A","Not","yes",1,0,1,"1.29","0.21","0.21"
"2","H","New","yes",1,0,1,"2.04","-0.25","-0.04"
"3","A","Eve","yes",3,1,3,"1.76","-0.08","-0.12"
"4","H","Che","yes",0,-1,0,"0.92","0.44","0.31"
"5","A","Liv","yes",0,-3,0,"0.22","0.87","1.18"
"6","H","Sot","yes",3,2,3,"2.78","-0.70","0.48"
"7","A","Lei","yes",0,-1,0,"1.58","0.03","0.51"
"8","H","Ars","yes",3,2,2,"1.34","0.18","0.68"
"9","A","Ast","yes",1,0,1,"1.29","0.21","0.89"
"10","H","MnC","yes",3,1,2,"1.68","-0.03","0.86"
"11","A","Bre","yes",0,-1,2,"0.50","0.69","1.56"
"12","H","BHA","yes",0,-1,1,"1.38","0.15","1.71"
"13","A","Wol","yes",3,2,4,"2.16","-0.33","1.38"
"14","H","Tot","yes",3,1,1,"2.06","-0.26","1.12"
"15","A","Ips","no",NA,NA,NA,"2.31","-0.42","0.71"
"16","H","WHU","no",NA,NA,NA,"2.09","-0.28","0.43"
"17","A","MnU","no",NA,NA,NA,"1.17","0.28","0.71"
"18","H","Pal","no",NA,NA,NA,"2.44","-0.50","0.21"
"19","A","Ful","no",NA,NA,NA,"1.11","0.32","0.53"
"20","H","Eve","no",NA,NA,NA,"2.57","-0.57","-0.05"
"21","A","Che","no",NA,NA,NA,"0.71","0.56","0.52"
"22","A","New","no",NA,NA,NA,"1.01","0.38","0.90"
"23","H","Not","no",NA,NA,NA,"1.23","0.25","1.15"
"24","H","Liv","no",NA,NA,NA,"0.71","0.56","1.71"
"25","A","Sot","no",NA,NA,NA,"2.43","-0.49","1.22"
"26","H","Wol","no",NA,NA,NA,"2.37","-0.45","0.77"
"27","A","BHA","no",NA,NA,NA,"1.04","0.36","1.13"
"28","A","Tot","no",NA,NA,NA,"1.15","0.29","1.42"
"29","H","Bre","no",NA,NA,NA,"2.62","-0.61","0.82"
"30","H","Ips","no",NA,NA,NA,"2.52","-0.55","0.27"
"31","A","WHU","no",NA,NA,NA,"1.72","-0.05","0.22"
"32","H","Ful","no",NA,NA,NA,"2.06","-0.26","-0.05"
"33","A","Pal","no",NA,NA,NA,"1.91","-0.17","-0.22"
"34","H","MnU","no",NA,NA,NA,"2.44","-0.50","-0.72"
"35","A","Ars","no",NA,NA,NA,"0.39","0.76","0.04"
"36","H","Ast","no",NA,NA,NA,"1.81","-0.11","-0.07"
"37","A","MnC","no",NA,NA,NA,"0.66","0.60","0.53"
"38","H","Lei","no",NA,NA,NA,"2.49","-0.53","-0.00"
