"","HA","vs","played","Pts","GD","GS","ePts","sched","cumulative"
"1","H","Pal","yes",3,1,2,"2.57","-0.95","-0.95"
"2","A","Liv","yes",0,-2,0,"0.06","0.95","-0.00"
"3","H","Sot","yes",3,2,3,"2.81","-1.14","-1.14"
"4","A","MnC","yes",0,-1,1,"0.18","0.86","-0.28"
"5","A","Tot","yes",0,-2,1,"0.37","0.72","0.44"
"6","H","WHU","yes",1,0,1,"2.27","-0.73","-0.28"
"7","H","Wol","yes",3,2,5,"2.51","-0.91","-1.19"
"8","A","MnU","yes",0,-1,1,"0.32","0.76","-0.43"
"9","H","Ips","yes",3,1,4,"2.62","-1.00","-1.43"
"10","A","Ful","yes",0,-1,1,"0.35","0.74","-0.69"
"11","H","Bou","yes",3,1,3,"2.17","-0.65","-1.35"
"12","A","Eve","yes",1,0,0,"0.71","0.46","-0.89"
"13","H","Lei","yes",3,3,4,"2.60","-0.98","-1.87"
"14","A","Ast","yes",0,-2,1,"0.46","0.65","-1.22"
"15","H","New","no",NA,NA,NA,"2.17","-0.65","-1.88"
"16","A","Che","no",NA,NA,NA,"0.20","0.85","-1.03"
"17","H","Not","no",NA,NA,NA,"1.61","-0.23","-1.26"
"18","A","BHA","no",NA,NA,NA,"0.32","0.76","-0.50"
"19","H","Ars","no",NA,NA,NA,"1.57","-0.19","-0.69"
"20","A","Sot","no",NA,NA,NA,"1.46","-0.11","-0.79"
"21","H","MnC","no",NA,NA,NA,"1.73","-0.31","-1.11"
"22","H","Liv","no",NA,NA,NA,"0.87","0.34","-0.77"
"23","A","Pal","no",NA,NA,NA,"0.89","0.32","-0.45"
"24","H","Tot","no",NA,NA,NA,"2.22","-0.69","-1.14"
"25","A","WHU","no",NA,NA,NA,"0.68","0.49","-0.66"
"26","A","Lei","no",NA,NA,NA,"0.60","0.54","-0.12"
"27","H","Eve","no",NA,NA,NA,"2.66","-1.02","-1.14"
"28","H","Ast","no",NA,NA,NA,"2.03","-0.54","-1.68"
"29","A","Bou","no",NA,NA,NA,"0.21","0.84","-0.84"
"30","A","New","no",NA,NA,NA,"0.29","0.78","-0.07"
"31","H","Che","no",NA,NA,NA,"1.10","0.17","0.10"
"32","A","Ars","no",NA,NA,NA,"0.11","0.92","1.02"
"33","H","BHA","no",NA,NA,NA,"1.59","-0.21","0.80"
"34","A","Not","no",NA,NA,NA,"0.44","0.66","1.47"
"35","H","MnU","no",NA,NA,NA,"2.56","-0.95","0.52"
"36","A","Ips","no",NA,NA,NA,"1.30","0.01","0.53"
"37","H","Ful","no",NA,NA,NA,"2.23","-0.70","-0.17"
"38","A","Wol","no",NA,NA,NA,"1.09","0.17","-0.00"
