"","HA","vs","played","Pts","GD","GS","ePts","sched","cumulative"
"1","H","MnC","yes",0,-2,0,"1.77","0.17","0.17"
"2","A","Wol","yes",3,4,6,"2.74","-0.28","-0.11"
"3","H","Pal","yes",1,0,1,"2.49","-0.17","-0.28"
"4","A","Bou","yes",3,1,1,"1.87","0.12","-0.16"
"5","A","WHU","yes",3,3,3,"2.55","-0.20","-0.35"
"6","H","BHA","yes",3,2,4,"1.47","0.31","-0.04"
"7","H","Not","yes",1,0,1,"1.32","0.38","0.34"
"8","A","Liv","yes",0,-1,1,"0.79","0.63","0.97"
"9","H","New","yes",3,1,2,"2.12","0.01","0.98"
"10","A","MnU","yes",1,0,1,"2.24","-0.05","0.93"
"11","H","Ars","yes",1,0,1,"1.43","0.33","1.25"
"12","A","Lei","yes",3,1,2,"2.49","-0.17","1.09"
"13","H","Ast","yes",3,3,3,"1.90","0.11","1.20"
"14","A","Sot","yes",3,4,5,"2.83","-0.33","0.87"
"15","A","Tot","no",NA,NA,NA,"2.22","-0.04","0.83"
"16","H","Bre","no",NA,NA,NA,"2.65","-0.24","0.59"
"17","A","Eve","no",NA,NA,NA,"2.57","-0.21","0.38"
"18","H","Ful","no",NA,NA,NA,"2.14","-0.00","0.38"
"19","A","Ips","no",NA,NA,NA,"2.79","-0.31","0.07"
"20","A","Pal","no",NA,NA,NA,"2.64","-0.24","-0.17"
"21","H","Bou","no",NA,NA,NA,"2.04","0.04","-0.13"
"22","H","Wol","no",NA,NA,NA,"2.42","-0.14","-0.26"
"23","A","MnC","no",NA,NA,NA,"1.72","0.20","-0.07"
"24","H","WHU","no",NA,NA,NA,"2.16","-0.01","-0.08"
"25","A","BHA","no",NA,NA,NA,"2.14","-0.00","-0.08"
"26","A","Ast","no",NA,NA,NA,"2.32","-0.09","-0.17"
"27","H","Sot","no",NA,NA,NA,"2.80","-0.31","-0.48"
"28","H","Lei","no",NA,NA,NA,"2.54","-0.19","-0.67"
"29","A","Ars","no",NA,NA,NA,"1.24","0.42","-0.25"
"30","H","Tot","no",NA,NA,NA,"2.13","-0.00","-0.25"
"31","A","Bre","no",NA,NA,NA,"1.46","0.32","0.06"
"32","H","Ips","no",NA,NA,NA,"2.56","-0.20","-0.14"
"33","A","Ful","no",NA,NA,NA,"2.19","-0.03","-0.17"
"34","H","Eve","no",NA,NA,NA,"2.61","-0.22","-0.39"
"35","H","Liv","no",NA,NA,NA,"0.78","0.63","0.25"
"36","A","New","no",NA,NA,NA,"2.11","0.01","0.26"
"37","H","MnU","no",NA,NA,NA,"2.49","-0.17","0.09"
"38","A","Not","no",NA,NA,NA,"2.32","-0.09","-0.00"
