"","HA","vs","played","Pts","GD","GS","ePts","sched","cumulative"
"1","H","BHA","yes",0,-3,0,"0.48","0.41","0.41"
"2","A","Tot","yes",0,-4,0,"0.42","0.48","0.89"
"3","H","Bou","yes",0,-1,2,"0.90","-0.11","0.78"
"4","A","Ast","yes",0,-1,2,"0.49","0.39","1.17"
"5","A","Lei","yes",1,0,1,"0.68","0.17","1.34"
"6","H","Pal","yes",3,1,2,"1.53","-0.89","0.45"
"7","H","New","yes",1,0,0,"0.97","-0.20","0.24"
"8","A","Ips","yes",3,2,2,"1.42","-0.76","-0.51"
"9","H","Ful","yes",1,0,1,"1.00","-0.23","-0.75"
"10","A","Sot","yes",0,-1,0,"1.60","-0.98","-1.73"
"11","A","WHU","yes",1,0,0,"0.78","0.04","-1.68"
"12","H","Bre","yes",1,0,0,"1.89","-1.33","-3.02"
"13","A","MnU","yes",0,-4,0,"0.43","0.47","-2.55"
"14","H","Wol","yes",3,4,4,"1.41","-0.74","-3.29"
"15","A","Ars","no",NA,NA,NA,"0.12","0.85","-2.44"
"16","H","Che","no",NA,NA,NA,"0.27","0.66","-1.78"
"17","A","MnC","no",NA,NA,NA,"0.21","0.74","-1.05"
"18","H","Not","no",NA,NA,NA,"0.40","0.50","-0.54"
"19","A","Bou","no",NA,NA,NA,"0.26","0.68","0.14"
"20","H","Ast","no",NA,NA,NA,"0.76","0.06","0.20"
"21","H","Tot","no",NA,NA,NA,"0.99","-0.23","-0.03"
"22","A","BHA","no",NA,NA,NA,"0.37","0.54","0.51"
"23","H","Lei","no",NA,NA,NA,"1.63","-1.01","-0.50"
"24","A","Pal","no",NA,NA,NA,"0.95","-0.17","-0.67"
"25","H","MnU","no",NA,NA,NA,"1.54","-0.90","-1.57"
"26","A","Bre","no",NA,NA,NA,"0.16","0.80","-0.76"
"27","A","Wol","no",NA,NA,NA,"1.23","-0.51","-1.28"
"28","H","WHU","no",NA,NA,NA,"1.03","-0.27","-1.54"
"29","A","Liv","no",NA,NA,NA,"0.07","0.91","-0.63"
"30","H","Ars","no",NA,NA,NA,"0.46","0.43","-0.20"
"31","A","Not","no",NA,NA,NA,"0.50","0.39","0.19"
"32","H","MnC","no",NA,NA,NA,"0.66","0.18","0.37"
"33","A","Che","no",NA,NA,NA,"0.23","0.71","1.09"
"34","H","Ips","no",NA,NA,NA,"1.68","-1.08","0.01"
"35","A","Ful","no",NA,NA,NA,"0.40","0.50","0.51"
"36","H","Sot","no",NA,NA,NA,"2.28","-1.82","-1.31"
"37","A","New","no",NA,NA,NA,"0.35","0.56","-0.75"
"38","H","Liv","no",NA,NA,NA,"0.20","0.75","-0.00"
