"","HA","vs","played","Pts","GD","GS","ePts","sched","cumulative"
"1","H","Tot","yes",1,0,1,"0.89","-0.29","-0.29"
"2","A","Ful","yes",0,-1,1,"0.53","0.22","-0.07"
"3","H","Ast","yes",0,-1,1,"0.77","-0.12","-0.19"
"4","A","Pal","yes",1,0,2,"1.01","-0.48","-0.67"
"5","H","Eve","yes",1,0,1,"1.02","-0.49","-1.16"
"6","A","Ars","yes",0,-2,2,"0.19","0.73","-0.43"
"7","H","Bou","yes",3,1,1,"0.47","0.32","-0.11"
"8","A","Sot","yes",3,1,3,"1.80","-1.62","-1.74"
"9","H","Not","yes",0,-2,1,"0.36","0.47","-1.27"
"10","A","Ips","yes",1,0,1,"1.37","-1.00","-2.27"
"11","A","MnU","yes",0,-3,0,"0.67","0.02","-2.25"
"12","H","Che","yes",0,-1,1,"0.60","0.13","-2.12"
"13","A","Bre","yes",0,-3,1,"0.39","0.43","-1.69"
"14","H","WHU","yes",3,2,3,"0.89","-0.30","-1.98"
"15","H","BHA","yes",1,0,2,"0.53","0.23","-1.75"
"16","A","New","yes",0,-4,0,"0.41","0.40","-1.35"
"17","H","Wol","yes",0,-3,0,"1.13","-0.65","-2.00"
"18","A","Liv","yes",0,-2,1,"0.16","0.77","-1.23"
"19","H","MnC","yes",0,-2,0,"0.58","0.15","-1.08"
"20","A","Ast","yes",0,-1,1,"0.43","0.38","-0.70"
"21","H","Pal","yes",0,-2,0,"0.60","0.13","-0.57"
"22","H","Ful","yes",0,-2,0,"0.53","0.22","-0.35"
"23","A","Tot","yes",3,1,2,"0.76","-0.10","-0.45"
"24","A","Eve","yes",0,-4,0,"0.59","0.14","-0.31"
"25","H","Ars","yes",0,-2,0,"0.33","0.52","0.21"
"26","H","Bre","no",NA,NA,NA,"1.02","-0.48","-0.28"
"27","A","WHU","no",NA,NA,NA,"0.75","-0.10","-0.38"
"28","A","Che","no",NA,NA,NA,"0.31","0.55","0.17"
"29","H","MnU","no",NA,NA,NA,"0.89","-0.29","-0.12"
"30","A","MnC","no",NA,NA,NA,"0.25","0.63","0.51"
"31","H","New","no",NA,NA,NA,"0.55","0.20","0.72"
"32","A","BHA","no",NA,NA,NA,"0.55","0.19","0.91"
"33","H","Liv","no",NA,NA,NA,"0.18","0.73","1.64"
"34","A","Wol","no",NA,NA,NA,"0.95","-0.38","1.26"
"35","H","Sot","no",NA,NA,NA,"1.84","-1.69","-0.43"
"36","A","Not","no",NA,NA,NA,"0.27","0.60","0.18"
"37","H","Ips","no",NA,NA,NA,"1.17","-0.70","-0.53"
"38","A","Bou","no",NA,NA,NA,"0.32","0.53","-0.00"
