"","HA","vs","played","Pts","GD","GS","ePts","sched","cumulative"
"1","A","Ips","yes",3,2,2,"2.85","-0.12","-0.12"
"2","H","Bre","yes",3,2,2,"2.89","-0.14","-0.26"
"3","A","MnU","yes",3,3,3,"2.34","0.08","-0.18"
"4","H","Not","yes",0,-1,0,"2.41","0.05","-0.13"
"5","H","Bou","yes",3,3,3,"2.69","-0.06","-0.19"
"6","A","Wol","yes",3,1,2,"2.80","-0.10","-0.30"
"7","A","Pal","yes",3,1,1,"2.75","-0.08","-0.38"
"8","H","Che","yes",3,1,2,"2.04","0.20","-0.18"
"9","A","Ars","yes",1,0,2,"1.55","0.39","0.21"
"10","H","BHA","yes",3,1,2,"2.40","0.05","0.26"
"11","H","Ast","yes",3,2,2,"2.63","-0.03","0.22"
"12","A","Sot","yes",3,1,3,"2.87","-0.13","0.09"
"13","H","MnC","yes",3,2,2,"2.48","0.02","0.12"
"14","A","New","yes",1,0,3,"2.30","0.10","0.21"
"15","A","Eve","no",NA,NA,NA,"2.69","-0.06","0.16"
"16","H","Ful","no",NA,NA,NA,"2.71","-0.07","0.09"
"17","A","Tot","no",NA,NA,NA,"2.42","0.05","0.14"
"18","H","Lei","no",NA,NA,NA,"2.85","-0.12","0.01"
"19","A","WHU","no",NA,NA,NA,"2.67","-0.05","-0.04"
"20","H","MnU","no",NA,NA,NA,"2.84","-0.12","-0.16"
"21","A","Not","no",NA,NA,NA,"2.51","0.01","-0.15"
"22","A","Bre","no",NA,NA,NA,"1.94","0.23","0.09"
"23","H","Ips","no",NA,NA,NA,"2.86","-0.13","-0.04"
"24","A","Bou","no",NA,NA,NA,"2.09","0.18","0.14"
"25","H","Wol","no",NA,NA,NA,"2.82","-0.11","0.03"
"26","A","MnC","no",NA,NA,NA,"1.98","0.22","0.25"
"27","H","New","no",NA,NA,NA,"2.69","-0.06","0.19"
"28","H","Sot","no",NA,NA,NA,"2.93","-0.15","0.03"
"29","A","Ast","no",NA,NA,NA,"2.53","0.01","0.04"
"30","H","Eve","no",NA,NA,NA,"2.87","-0.13","-0.09"
"31","A","Ful","no",NA,NA,NA,"2.39","0.06","-0.04"
"32","H","WHU","no",NA,NA,NA,"2.73","-0.08","-0.11"
"33","A","Lei","no",NA,NA,NA,"2.63","-0.04","-0.15"
"34","H","Tot","no",NA,NA,NA,"2.71","-0.07","-0.21"
"35","A","Che","no",NA,NA,NA,"2.04","0.19","-0.02"
"36","H","Ars","no",NA,NA,NA,"2.39","0.06","0.04"
"37","A","BHA","no",NA,NA,NA,"2.34","0.08","0.12"
"38","H","Pal","no",NA,NA,NA,"2.84","-0.12","-0.00"
