"","HA","vs","played","Pts","GD","GS","ePts","sched","cumulative"
"1","H","Ful","yes",3,1,1,"1.61","-0.21","-0.21"
"2","A","BHA","yes",0,-1,1,"0.98","0.26","0.06"
"3","H","Liv","yes",0,-3,0,"0.56","0.58","0.64"
"4","A","Sot","yes",3,3,3,"2.21","-0.65","-0.01"
"5","A","Pal","yes",1,0,0,"1.54","-0.15","-0.17"
"6","H","Tot","yes",0,-3,0,"1.68","-0.26","-0.43"
"7","A","Ast","yes",1,0,0,"0.78","0.42","-0.01"
"8","H","Bre","yes",3,1,2,"2.46","-0.84","-0.85"
"9","A","WHU","yes",0,-1,1,"1.16","0.13","-0.72"
"10","H","Che","yes",1,0,1,"0.57","0.57","-0.15"
"11","H","Lei","yes",3,3,3,"2.30","-0.72","-0.87"
"12","A","Ips","yes",1,0,1,"2.04","-0.53","-1.40"
"13","H","Eve","yes",3,4,4,"2.24","-0.68","-2.08"
"14","A","Ars","yes",0,-2,0,"0.41","0.70","-1.38"
"15","H","Not","yes",0,-1,2,"0.79","0.41","-0.97"
"16","A","MnC","yes",3,1,2,"0.67","0.50","-0.47"
"17","H","Bou","no",NA,NA,NA,"1.50","-0.13","-0.60"
"18","A","Wol","no",NA,NA,NA,"2.02","-0.51","-1.11"
"19","H","New","no",NA,NA,NA,"1.60","-0.20","-1.31"
"20","A","Liv","no",NA,NA,NA,"0.23","0.83","-0.48"
"21","H","Sot","no",NA,NA,NA,"2.69","-1.01","-1.49"
"22","H","BHA","no",NA,NA,NA,"1.32","0.01","-1.48"
"23","A","Ful","no",NA,NA,NA,"0.85","0.36","-1.12"
"24","H","Pal","no",NA,NA,NA,"1.92","-0.44","-1.56"
"25","A","Tot","no",NA,NA,NA,"0.87","0.35","-1.21"
"26","A","Eve","no",NA,NA,NA,"1.38","-0.03","-1.24"
"27","H","Ips","no",NA,NA,NA,"2.14","-0.61","-1.85"
"28","H","Ars","no",NA,NA,NA,"1.04","0.22","-1.63"
"29","A","Lei","no",NA,NA,NA,"1.20","0.11","-1.52"
"30","A","Not","no",NA,NA,NA,"0.75","0.44","-1.08"
"31","H","MnC","no",NA,NA,NA,"1.52","-0.14","-1.22"
"32","A","New","no",NA,NA,NA,"0.72","0.46","-0.77"
"33","H","Wol","no",NA,NA,NA,"2.22","-0.67","-1.43"
"34","A","Bou","no",NA,NA,NA,"0.66","0.51","-0.92"
"35","A","Bre","no",NA,NA,NA,"0.45","0.66","-0.26"
"36","H","WHU","no",NA,NA,NA,"1.65","-0.24","-0.50"
"37","A","Che","no",NA,NA,NA,"0.49","0.63","0.13"
"38","H","Ast","no",NA,NA,NA,"1.51","-0.13","-0.00"
