"","HA","vs","played","Pts","GD","GS","ePts","sched","cumulative"
"1","H","Bou","yes",1,0,1,"1.38","0.16","0.16"
"2","A","Sot","yes",3,1,1,"2.70","-0.64","-0.48"
"3","H","Wol","yes",1,0,1,"1.90","-0.16","-0.64"
"4","A","Liv","yes",3,1,1,"0.45","0.73","0.09"
"5","A","BHA","yes",1,0,2,"1.66","-0.01","0.07"
"6","H","Ful","yes",0,-1,0,"1.46","0.11","0.18"
"7","A","Che","yes",1,0,1,"1.26","0.23","0.41"
"8","H","Pal","yes",3,1,1,"2.02","-0.23","0.18"
"9","A","Lei","yes",3,2,3,"2.17","-0.32","-0.14"
"10","H","WHU","yes",3,3,3,"1.52","0.08","-0.06"
"11","H","New","yes",0,-2,1,"1.38","0.16","0.10"
"12","A","Ars","yes",0,-3,0,"0.79","0.52","0.61"
"13","H","Ips","yes",3,1,1,"2.12","-0.29","0.32"
"14","A","MnC","yes",0,-3,0,"1.19","0.28","0.60"
"15","A","MnU","no",NA,NA,NA,"1.67","-0.02","0.58"
"16","H","Ast","no",NA,NA,NA,"1.20","0.27","0.85"
"17","A","Bre","no",NA,NA,NA,"1.15","0.30","1.15"
"18","H","Tot","no",NA,NA,NA,"1.45","0.12","1.27"
"19","A","Eve","no",NA,NA,NA,"2.29","-0.39","0.87"
"20","A","Wol","no",NA,NA,NA,"2.54","-0.55","0.32"
"21","H","Liv","no",NA,NA,NA,"0.35","0.79","1.11"
"22","H","Sot","no",NA,NA,NA,"2.53","-0.54","0.57"
"23","A","Bou","no",NA,NA,NA,"1.32","0.19","0.76"
"24","H","BHA","no",NA,NA,NA,"0.79","0.52","1.28"
"25","A","Ful","no",NA,NA,NA,"1.74","-0.06","1.22"
"26","A","New","no",NA,NA,NA,"1.60","0.03","1.25"
"27","H","Ars","no",NA,NA,NA,"0.76","0.53","1.78"
"28","H","MnC","no",NA,NA,NA,"0.90","0.45","2.24"
"29","A","Ips","no",NA,NA,NA,"2.64","-0.61","1.63"
"30","H","MnU","no",NA,NA,NA,"2.00","-0.22","1.41"
"31","A","Ast","no",NA,NA,NA,"1.98","-0.20","1.21"
"32","H","Eve","no",NA,NA,NA,"2.19","-0.33","0.88"
"33","A","Tot","no",NA,NA,NA,"1.79","-0.09","0.79"
"34","H","Bre","no",NA,NA,NA,"2.28","-0.39","0.40"
"35","A","Pal","no",NA,NA,NA,"2.43","-0.48","-0.08"
"36","H","Lei","no",NA,NA,NA,"2.08","-0.27","-0.35"
"37","A","WHU","no",NA,NA,NA,"2.25","-0.37","-0.72"
"38","H","Che","no",NA,NA,NA,"0.46","0.72","-0.00"
