"","HA","vs","played","Pts","GD","GS","ePts","sched","cumulative"
"1","A","Lei","yes",1,0,1,"1.57","-0.18","-0.18"
"2","H","Eve","yes",3,4,4,"2.11","-0.58","-0.76"
"3","A","New","yes",0,-1,1,"0.87","0.35","-0.42"
"4","H","Ars","yes",0,-1,0,"0.89","0.33","-0.08"
"5","H","Bre","yes",3,2,3,"2.37","-0.78","-0.87"
"6","A","MnU","yes",3,3,3,"1.13","0.15","-0.72"
"7","A","BHA","yes",0,-1,2,"1.12","0.16","-0.56"
"8","H","WHU","yes",3,3,4,"1.50","-0.13","-0.69"
"9","A","Pal","yes",0,-1,0,"1.73","-0.30","-0.99"
"10","H","Ast","yes",3,3,4,"1.37","-0.03","-1.02"
"11","H","Ips","yes",0,-1,1,"1.97","-0.48","-1.50"
"12","A","MnC","yes",3,4,4,"0.81","0.39","-1.11"
"13","H","Ful","yes",1,0,1,"1.46","-0.10","-1.21"
"14","A","Bou","yes",0,-1,0,"0.79","0.40","-0.80"
"15","H","Che","yes",0,-1,3,"0.62","0.53","-0.27"
"16","A","Sot","yes",3,5,5,"2.29","-0.72","-1.00"
"17","H","Liv","yes",0,-3,3,"0.40","0.70","-0.30"
"18","A","Not","no",NA,NA,NA,"0.87","0.35","0.05"
"19","H","Wol","no",NA,NA,NA,"1.82","-0.37","-0.32"
"20","H","New","no",NA,NA,NA,"1.41","-0.06","-0.38"
"21","A","Ars","no",NA,NA,NA,"0.48","0.64","0.26"
"22","A","Eve","no",NA,NA,NA,"1.45","-0.09","0.17"
"23","H","Lei","no",NA,NA,NA,"2.20","-0.65","-0.48"
"24","A","Bre","no",NA,NA,NA,"0.52","0.61","0.13"
"25","H","MnU","no",NA,NA,NA,"1.72","-0.29","-0.16"
"26","A","Ips","no",NA,NA,NA,"2.19","-0.64","-0.81"
"27","H","MnC","no",NA,NA,NA,"1.32","0.01","-0.80"
"28","H","Bou","no",NA,NA,NA,"1.13","0.15","-0.65"
"29","A","Ful","no",NA,NA,NA,"1.16","0.12","-0.53"
"30","A","Che","no",NA,NA,NA,"0.63","0.52","-0.00"
"31","H","Sot","no",NA,NA,NA,"2.51","-0.89","-0.89"
"32","A","Wol","no",NA,NA,NA,"2.08","-0.57","-1.46"
"33","H","Not","no",NA,NA,NA,"0.66","0.50","-0.96"
"34","A","Liv","no",NA,NA,NA,"0.29","0.79","-0.17"
"35","A","WHU","no",NA,NA,NA,"1.34","-0.01","-0.18"
"36","H","Pal","no",NA,NA,NA,"1.71","-0.28","-0.46"
"37","A","Ast","no",NA,NA,NA,"0.89","0.33","-0.13"
"38","H","BHA","no",NA,NA,NA,"1.16","0.13","0.00"
