"","HA","vs","played","Pts","GD","GS","ePts","sched","cumulative"
"1","H","Ast","yes",0,-1,1,"0.82","0.27","0.27"
"2","A","Pal","yes",3,2,2,"1.81","-0.61","-0.34"
"3","H","MnC","yes",0,-2,1,"0.58","0.48","0.14"
"4","A","Ful","yes",1,0,1,"0.95","0.15","0.29"
"5","H","Che","yes",0,-3,0,"0.28","0.75","1.03"
"6","A","Bre","yes",1,0,1,"0.52","0.54","1.57"
"7","H","Ips","yes",3,3,4,"1.75","-0.56","1.01"
"8","A","Tot","yes",0,-3,1,"0.99","0.12","1.13"
"9","H","MnU","yes",3,1,2,"1.60","-0.43","0.70"
"10","A","Not","yes",0,-3,0,"1.15","-0.02","0.68"
"11","H","Eve","yes",1,0,0,"1.83","-0.63","0.04"
"12","A","New","yes",3,2,2,"0.82","0.27","0.31"
"13","H","Ars","yes",0,-3,2,"0.49","0.57","0.87"
"14","A","Lei","yes",0,-2,1,"1.42","-0.27","0.60"
"15","H","Wol","no",NA,NA,NA,"1.49","-0.33","0.27"
"16","A","Bou","no",NA,NA,NA,"0.62","0.44","0.72"
"17","H","BHA","no",NA,NA,NA,"0.50","0.55","1.27"
"18","A","Sot","no",NA,NA,NA,"2.30","-1.06","0.21"
"19","H","Liv","no",NA,NA,NA,"0.21","0.81","1.02"
"20","A","MnC","no",NA,NA,NA,"0.54","0.52","1.54"
"21","H","Ful","no",NA,NA,NA,"1.05","0.07","1.61"
"22","H","Pal","no",NA,NA,NA,"1.62","-0.45","1.16"
"23","A","Ast","no",NA,NA,NA,"1.18","-0.06","1.10"
"24","A","Che","no",NA,NA,NA,"0.58","0.48","1.58"
"25","H","Bre","no",NA,NA,NA,"1.94","-0.73","0.85"
"26","A","Ars","no",NA,NA,NA,"0.33","0.71","1.56"
"27","H","Lei","no",NA,NA,NA,"1.69","-0.51","1.05"
"28","H","New","no",NA,NA,NA,"0.97","0.13","1.18"
"29","A","Eve","no",NA,NA,NA,"1.59","-0.42","0.76"
"30","A","Wol","no",NA,NA,NA,"2.01","-0.79","-0.03"
"31","H","Bou","no",NA,NA,NA,"0.97","0.13","0.10"
"32","A","Liv","no",NA,NA,NA,"0.18","0.84","0.95"
"33","H","Sot","no",NA,NA,NA,"2.28","-1.03","-0.09"
"34","A","BHA","no",NA,NA,NA,"0.88","0.21","0.13"
"35","H","Tot","no",NA,NA,NA,"1.03","0.08","0.20"
"36","A","MnU","no",NA,NA,NA,"0.88","0.21","0.41"
"37","H","Not","no",NA,NA,NA,"0.51","0.54","0.96"
"38","A","Ips","no",NA,NA,NA,"2.19","-0.96","-0.00"
