"","HA","vs","played","Pts","GD","GS","ePts","sched","cumulative"
"1","A","Sam","yes",3,2,2,"2.58","-0.53","-0.53"
"2","H","Mil","yes",1,0,1,"1.31","0.22","-0.31"
"3","A","Ver","yes",3,1,1,"2.43","-0.44","-0.76"
"4","H","Tor","yes",3,2,3,"1.47","0.13","-0.63"
"5","A","Mon","yes",3,2,2,"1.96","-0.16","-0.79"
"6","H","Cre","yes",1,0,1,"2.29","-0.36","-1.15"
"7","A","Rom","yes",3,1,1,"1.64","0.03","-1.12"
"8","H","Fir","yes",3,1,1,"1.73","-0.03","-1.15"
"9","A","Udi","yes",1,0,2,"1.70","-0.01","-1.16"
"10","H","Sas","yes",3,1,2,"2.08","-0.24","-1.40"
"11","H","Laz","yes",0,-2,0,"1.06","0.37","-1.03"
"12","A","Emp","yes",3,2,2,"2.09","-0.24","-1.27"
"13","H","Nap","yes",0,-1,1,"0.42","0.75","-0.52"
"14","A","Lec","yes",0,-1,1,"2.06","-0.23","-0.75"
"15","H","Int","yes",0,-1,2,"1.06","0.37","-0.38"
"16","A","Spe","yes",1,0,2,"2.17","-0.29","-0.67"
"17","A","Bol","yes",3,1,2,"1.97","-0.17","-0.84"
"18","H","Sal","no",NA,NA,NA,"1.75","-0.04","-0.88"
"19","A","Juv","no",NA,NA,NA,"0.90","0.46","-0.41"
"20","H","Sam","no",NA,NA,NA,"2.09","-0.24","-0.66"
"21","A","Sas","no",NA,NA,NA,"2.13","-0.27","-0.92"
"22","A","Laz","no",NA,NA,NA,"1.55","0.08","-0.84"
"23","H","Lec","no",NA,NA,NA,"1.77","-0.06","-0.90"
"24","A","Mil","no",NA,NA,NA,"0.87","0.48","-0.42"
"25","H","Udi","no",NA,NA,NA,"1.33","0.21","-0.21"
"26","A","Nap","no",NA,NA,NA,"0.64","0.62","0.41"
"27","H","Emp","no",NA,NA,NA,"1.71","-0.02","0.39"
"28","A","Cre","no",NA,NA,NA,"2.61","-0.55","-0.16"
"29","H","Bol","no",NA,NA,NA,"1.77","-0.05","-0.21"
"30","A","Fir","no",NA,NA,NA,"1.82","-0.08","-0.29"
"31","H","Rom","no",NA,NA,NA,"0.80","0.53","0.24"
"32","A","Tor","no",NA,NA,NA,"2.11","-0.26","-0.02"
"33","H","Spe","no",NA,NA,NA,"1.82","-0.08","-0.10"
"34","H","Juv","no",NA,NA,NA,"1.23","0.27","0.16"
"35","A","Sal","no",NA,NA,NA,"2.16","-0.28","-0.12"
"36","H","Ver","no",NA,NA,NA,"2.27","-0.35","-0.47"
"37","A","Int","no",NA,NA,NA,"0.77","0.54","0.07"
"38","H","Mon","no",NA,NA,NA,"1.80","-0.07","-0.00"
