"","HA","vs","played","Pts","GD","GS","ePts","sched","cumulative"
"1","A","Laz","yes",0,-1,1,"0.66","0.45","0.45"
"2","H","Ver","yes",1,0,1,"2.17","-0.83","-0.38"
"3","A","Mil","yes",0,-2,0,"0.30","0.75","0.37"
"4","H","Sal","yes",1,0,1,"1.43","-0.20","0.16"
"5","A","Spe","yes",1,0,2,"1.36","-0.15","0.02"
"6","H","Fir","yes",3,1,2,"1.52","-0.29","-0.27"
"7","H","Emp","yes",0,-1,0,"1.62","-0.37","-0.64"
"8","A","Juv","yes",0,-3,0,"0.48","0.59","-0.04"
"9","H","Sam","yes",1,0,1,"2.11","-0.78","-0.82"
"10","A","Nap","yes",0,-1,2,"0.29","0.76","-0.06"
"11","H","Lec","yes",3,2,2,"1.66","-0.40","-0.46"
"12","A","Mon","yes",3,1,2,"1.27","-0.07","-0.53"
"13","H","Tor","yes",3,1,2,"1.18","0.01","-0.52"
"14","A","Int","yes",0,-5,1,"0.43","0.64","0.12"
"15","H","Sas","no",NA,NA,NA,"1.69","-0.43","-0.31"
"16","A","Rom","no",NA,NA,NA,"0.75","0.36","0.05"
"17","H","Ata","no",NA,NA,NA,"0.75","0.37","0.42"
"18","A","Udi","no",NA,NA,NA,"0.72","0.40","0.82"
"19","H","Cre","no",NA,NA,NA,"1.93","-0.63","0.19"
"20","H","Spe","no",NA,NA,NA,"2.19","-0.85","-0.65"
"21","A","Fir","no",NA,NA,NA,"0.87","0.26","-0.39"
"22","H","Mon","no",NA,NA,NA,"1.77","-0.49","-0.88"
"23","A","Sam","no",NA,NA,NA,"1.92","-0.62","-1.50"
"24","H","Int","no",NA,NA,NA,"0.98","0.17","-1.33"
"25","A","Tor","no",NA,NA,NA,"0.97","0.18","-1.15"
"26","H","Laz","no",NA,NA,NA,"0.65","0.45","-0.70"
"27","A","Sal","no",NA,NA,NA,"1.24","-0.04","-0.74"
"28","H","Udi","no",NA,NA,NA,"1.01","0.15","-0.60"
"29","A","Ata","no",NA,NA,NA,"0.75","0.37","-0.23"
"30","H","Mil","no",NA,NA,NA,"1.09","0.08","-0.15"
"31","A","Ver","no",NA,NA,NA,"1.69","-0.43","-0.57"
"32","H","Juv","no",NA,NA,NA,"1.22","-0.03","-0.60"
"33","A","Emp","no",NA,NA,NA,"1.30","-0.10","-0.70"
"34","A","Sas","no",NA,NA,NA,"0.95","0.20","-0.50"
"35","H","Rom","no",NA,NA,NA,"0.69","0.42","-0.08"
"36","A","Cre","no",NA,NA,NA,"1.79","-0.51","-0.59"
"37","H","Nap","no",NA,NA,NA,"0.25","0.79","0.19"
"38","A","Lec","no",NA,NA,NA,"1.41","-0.19","-0.00"
