"","HA","vs","played","Pts","GD","GS","ePts","sched","cumulative"
"1","A","Fir","yes",0,-1,2,"0.68","-0.03","-0.03"
"2","A","Rom","yes",0,-1,0,"0.35","0.47","0.44"
"3","H","Tor","yes",0,-1,1,"0.51","0.22","0.66"
"4","A","Int","yes",0,-2,1,"0.26","0.60","1.26"
"5","H","Sas","yes",1,0,0,"0.88","-0.34","0.91"
"6","A","Ata","yes",1,0,1,"0.43","0.34","1.25"
"7","H","Laz","yes",0,-4,0,"0.32","0.51","1.76"
"8","A","Lec","yes",1,0,1,"1.26","-0.93","0.83"
"9","H","Nap","yes",0,-3,1,"0.09","0.86","1.69"
"10","A","Spe","yes",1,0,2,"0.95","-0.45","1.24"
"11","H","Sam","yes",0,-1,0,"1.21","-0.85","0.38"
"12","H","Udi","yes",1,0,0,"0.34","0.48","0.86"
"13","A","Sal","yes",1,0,2,"0.80","-0.22","0.64"
"14","H","Mil","no",NA,NA,NA,"0.37","0.44","1.08"
"15","A","Emp","no",NA,NA,NA,"0.84","-0.28","0.80"
"16","H","Juv","no",NA,NA,NA,"0.57","0.12","0.92"
"17","A","Ver","no",NA,NA,NA,"1.15","-0.75","0.17"
"18","H","Mon","no",NA,NA,NA,"0.93","-0.43","-0.26"
"19","A","Bol","no",NA,NA,NA,"0.69","-0.05","-0.32"
"20","H","Int","no",NA,NA,NA,"0.36","0.45","0.13"
"21","H","Lec","no",NA,NA,NA,"0.87","-0.33","-0.20"
"22","A","Nap","no",NA,NA,NA,"0.19","0.71","0.51"
"23","A","Tor","no",NA,NA,NA,"0.69","-0.05","0.46"
"24","H","Rom","no",NA,NA,NA,"0.21","0.67","1.13"
"25","A","Sas","no",NA,NA,NA,"0.57","0.13","1.26"
"26","H","Fir","no",NA,NA,NA,"0.76","-0.16","1.10"
"27","A","Mon","no",NA,NA,NA,"0.81","-0.24","0.86"
"28","H","Ata","no",NA,NA,NA,"0.17","0.74","1.60"
"29","A","Sam","no",NA,NA,NA,"1.44","-1.20","0.39"
"30","H","Emp","no",NA,NA,NA,"0.82","-0.25","0.15"
"31","A","Udi","no",NA,NA,NA,"0.39","0.41","0.55"
"32","H","Ver","no",NA,NA,NA,"1.34","-1.05","-0.50"
"33","A","Mil","no",NA,NA,NA,"0.17","0.75","0.25"
"34","H","Spe","no",NA,NA,NA,"1.40","-1.14","-0.89"
"35","A","Juv","no",NA,NA,NA,"0.34","0.48","-0.41"
"36","H","Bol","no",NA,NA,NA,"0.73","-0.12","-0.53"
"37","A","Laz","no",NA,NA,NA,"0.39","0.41","-0.13"
"38","H","Sal","no",NA,NA,NA,"0.57","0.13","-0.00"
