"","HA","vs","played","Pts","GD","GS","ePts","sched","cumulative"
"1","H","Cre","yes",3,1,3,"2.02","-0.68","-0.68"
"2","A","Emp","yes",1,0,0,"1.27","-0.06","-0.74"
"3","H","Nap","yes",1,0,0,"0.26","0.78","0.04"
"4","A","Udi","yes",0,-1,0,"0.66","0.45","0.50"
"5","H","Juv","yes",1,0,1,"1.34","-0.12","0.38"
"6","A","Bol","yes",0,-1,1,"1.09","0.09","0.47"
"7","H","Ver","yes",3,2,2,"2.18","-0.82","-0.34"
"8","A","Ata","yes",0,-1,0,"0.73","0.40","0.06"
"9","H","Laz","yes",0,-4,0,"0.86","0.29","0.34"
"10","A","Lec","yes",1,0,1,"1.74","-0.45","-0.10"
"11","H","Int","yes",0,-1,3,"0.95","0.21","0.11"
"12","A","Spe","yes",3,1,2,"1.41","-0.17","-0.06"
"13","A","Sam","yes",3,2,2,"1.91","-0.59","-0.64"
"14","H","Sal","no",NA,NA,NA,"1.34","-0.11","-0.76"
"15","A","Mil","no",NA,NA,NA,"0.29","0.76","0.00"
"16","H","Mon","no",NA,NA,NA,"1.82","-0.51","-0.51"
"17","H","Sas","no",NA,NA,NA,"1.75","-0.46","-0.97"
"18","A","Rom","no",NA,NA,NA,"0.59","0.51","-0.46"
"19","H","Tor","no",NA,NA,NA,"1.23","-0.02","-0.48"
"20","A","Laz","no",NA,NA,NA,"0.66","0.45","-0.02"
"21","H","Bol","no",NA,NA,NA,"1.57","-0.31","-0.33"
"22","A","Juv","no",NA,NA,NA,"0.58","0.52","0.19"
"23","H","Emp","no",NA,NA,NA,"1.68","-0.40","-0.21"
"24","A","Ver","no",NA,NA,NA,"1.62","-0.35","-0.56"
"25","H","Mil","no",NA,NA,NA,"0.96","0.20","-0.36"
"26","A","Cre","no",NA,NA,NA,"1.89","-0.57","-0.93"
"27","H","Lec","no",NA,NA,NA,"1.74","-0.45","-1.38"
"28","A","Int","no",NA,NA,NA,"0.46","0.62","-0.76"
"29","H","Spe","no",NA,NA,NA,"2.23","-0.85","-1.61"
"30","H","Ata","no",NA,NA,NA,"0.48","0.60","-1.01"
"31","A","Mon","no",NA,NA,NA,"1.25","-0.04","-1.05"
"32","H","Sam","no",NA,NA,NA,"2.08","-0.73","-1.78"
"33","A","Sal","no",NA,NA,NA,"1.23","-0.02","-1.80"
"34","A","Nap","no",NA,NA,NA,"0.33","0.73","-1.07"
"35","H","Udi","no",NA,NA,NA,"0.91","0.25","-0.82"
"36","A","Tor","no",NA,NA,NA,"1.09","0.10","-0.73"
"37","H","Rom","no",NA,NA,NA,"0.60","0.50","-0.23"
"38","A","Sas","no",NA,NA,NA,"0.93","0.23","-0.00"
