"","HA","vs","played","Pts","GD","GS","ePts","sched","cumulative"
"1","A","Lec","yes",3,1,2,"2.24","-0.23","-0.23"
"2","H","Spe","yes",3,3,3,"2.66","-0.46","-0.68"
"3","A","Laz","yes",0,-2,1,"1.15","0.37","-0.31"
"4","H","Cre","yes",3,2,3,"2.56","-0.40","-0.71"
"5","A","Mil","yes",0,-1,2,"0.60","0.67","-0.03"
"6","H","Tor","yes",3,1,1,"2.05","-0.12","-0.15"
"7","A","Udi","yes",0,-2,1,"1.19","0.35","0.20"
"8","H","Rom","yes",0,-1,1,"1.36","0.26","0.45"
"9","A","Sas","yes",3,1,2,"1.55","0.16","0.61"
"10","H","Sal","yes",3,2,2,"2.14","-0.17","0.44"
"11","A","Fir","yes",3,1,4,"1.64","0.10","0.54"
"12","H","Sam","yes",3,3,3,"2.59","-0.42","0.13"
"13","A","Juv","yes",0,-2,0,"0.88","0.52","0.65"
"14","H","Bol","no",NA,NA,NA,"2.30","-0.25","0.39"
"15","A","Ata","no",NA,NA,NA,"1.24","0.32","0.72"
"16","H","Nap","no",NA,NA,NA,"0.70","0.62","1.33"
"17","A","Mon","no",NA,NA,NA,"1.84","-0.00","1.33"
"18","H","Ver","no",NA,NA,NA,"2.65","-0.45","0.88"
"19","H","Emp","no",NA,NA,NA,"2.39","-0.31","0.57"
"20","A","Cre","no",NA,NA,NA,"2.29","-0.25","0.33"
"21","H","Mil","no",NA,NA,NA,"1.96","-0.07","0.25"
"22","A","Sam","no",NA,NA,NA,"2.36","-0.29","-0.04"
"23","H","Udi","no",NA,NA,NA,"1.87","-0.02","-0.06"
"24","A","Bol","no",NA,NA,NA,"1.67","0.09","0.03"
"25","H","Lec","no",NA,NA,NA,"2.43","-0.33","-0.30"
"26","A","Spe","no",NA,NA,NA,"1.94","-0.06","-0.36"
"27","H","Juv","no",NA,NA,NA,"2.13","-0.17","-0.52"
"28","H","Fir","no",NA,NA,NA,"2.33","-0.27","-0.80"
"29","A","Sal","no",NA,NA,NA,"1.81","0.01","-0.78"
"30","H","Mon","no",NA,NA,NA,"2.47","-0.35","-1.13"
"31","A","Emp","no",NA,NA,NA,"1.87","-0.02","-1.15"
"32","H","Laz","no",NA,NA,NA,"1.46","0.20","-0.95"
"33","A","Ver","no",NA,NA,NA,"2.18","-0.19","-1.14"
"34","A","Rom","no",NA,NA,NA,"1.24","0.32","-0.82"
"35","H","Sas","no",NA,NA,NA,"2.41","-0.32","-1.14"
"36","A","Nap","no",NA,NA,NA,"0.57","0.69","-0.45"
"37","H","Ata","no",NA,NA,NA,"1.18","0.36","-0.09"
"38","A","Tor","no",NA,NA,NA,"1.67","0.09","-0.00"
