"","HA","vs","played","Pts","GD","GS","ePts","sched","cumulative"
"1","H","Sas","yes",3,3,3,"2.40","-0.42","-0.42"
"2","A","Sam","yes",1,0,0,"2.16","-0.27","-0.69"
"3","H","Rom","yes",1,0,1,"1.35","0.21","-0.48"
"4","H","Spe","yes",3,2,2,"2.66","-0.57","-1.05"
"5","A","Fir","yes",1,0,1,"1.35","0.20","-0.85"
"6","H","Sal","yes",1,0,2,"2.13","-0.26","-1.11"
"7","A","Mon","yes",0,-1,0,"1.56","0.08","-1.03"
"8","H","Bol","yes",3,3,3,"2.29","-0.35","-1.38"
"9","A","Mil","yes",0,-2,0,"0.44","0.74","-0.63"
"10","A","Tor","yes",3,1,1,"1.38","0.19","-0.45"
"11","H","Emp","yes",3,4,4,"2.38","-0.41","-0.85"
"12","A","Lec","yes",3,1,1,"2.02","-0.19","-1.04"
"13","H","Int","yes",3,2,2,"1.89","-0.12","-1.16"
"14","A","Ver","no",NA,NA,NA,"1.94","-0.14","-1.30"
"15","H","Laz","no",NA,NA,NA,"1.45","0.14","-1.16"
"16","A","Cre","no",NA,NA,NA,"2.07","-0.22","-1.38"
"17","H","Udi","no",NA,NA,NA,"1.86","-0.10","-1.48"
"18","A","Nap","no",NA,NA,NA,"0.41","0.76","-0.72"
"19","H","Ata","no",NA,NA,NA,"1.17","0.31","-0.41"
"20","H","Mon","no",NA,NA,NA,"2.46","-0.45","-0.86"
"21","A","Sal","no",NA,NA,NA,"1.53","0.10","-0.76"
"22","H","Fir","no",NA,NA,NA,"2.33","-0.37","-1.14"
"23","A","Spe","no",NA,NA,NA,"1.67","0.02","-1.12"
"24","H","Tor","no",NA,NA,NA,"2.04","-0.20","-1.32"
"25","A","Rom","no",NA,NA,NA,"0.97","0.43","-0.89"
"26","H","Sam","no",NA,NA,NA,"2.59","-0.53","-1.42"
"27","A","Int","no",NA,NA,NA,"0.65","0.62","-0.80"
"28","H","Ver","no",NA,NA,NA,"2.65","-0.56","-1.37"
"29","A","Laz","no",NA,NA,NA,"0.88","0.48","-0.89"
"30","A","Sas","no",NA,NA,NA,"1.26","0.26","-0.63"
"31","H","Nap","no",NA,NA,NA,"0.69","0.59","-0.04"
"32","A","Bol","no",NA,NA,NA,"1.38","0.19","0.15"
"33","H","Lec","no",NA,NA,NA,"2.42","-0.43","-0.28"
"34","A","Ata","no",NA,NA,NA,"0.97","0.43","0.15"
"35","H","Cre","no",NA,NA,NA,"2.56","-0.51","-0.36"
"36","A","Emp","no",NA,NA,NA,"1.60","0.06","-0.30"
"37","H","Mil","no",NA,NA,NA,"1.95","-0.15","-0.46"
"38","A","Udi","no",NA,NA,NA,"0.92","0.46","-0.00"
