"","HA","vs","played","Pts","GD","GS","ePts","sched","cumulative"
"1","H","Int","yes",0,-1,1,"0.50","0.40","0.40"
"2","A","Sas","yes",0,-1,0,"0.80","0.03","0.43"
"3","H","Emp","yes",1,0,1,"0.94","-0.14","0.28"
"4","A","Nap","yes",1,0,1,"0.27","0.67","0.95"
"5","A","Tor","yes",0,-1,0,"0.92","-0.11","0.84"
"6","H","Mon","yes",1,0,1,"1.10","-0.33","0.51"
"7","A","Sal","yes",3,1,2,"1.07","-0.30","0.21"
"8","H","Cre","yes",1,0,1,"1.31","-0.59","-0.38"
"9","A","Rom","yes",0,-1,1,"0.61","0.26","-0.12"
"10","H","Fir","yes",1,0,1,"0.89","-0.08","-0.20"
"11","A","Bol","yes",0,-2,0,"0.94","-0.14","-0.33"
"12","H","Juv","yes",0,-1,0,"0.67","0.19","-0.14"
"13","A","Udi","yes",1,0,1,"0.56","0.32","0.18"
"14","H","Ata","no",NA,NA,NA,"0.21","0.74","0.92"
"15","A","Sam","no",NA,NA,NA,"1.75","-1.12","-0.20"
"16","H","Laz","no",NA,NA,NA,"0.30","0.64","0.44"
"17","A","Spe","no",NA,NA,NA,"1.24","-0.50","-0.06"
"18","H","Mil","no",NA,NA,NA,"0.44","0.46","0.40"
"19","A","Ver","no",NA,NA,NA,"1.46","-0.77","-0.37"
"20","H","Sal","no",NA,NA,NA,"0.67","0.19","-0.18"
"21","A","Cre","no",NA,NA,NA,"1.73","-1.09","-1.27"
"22","H","Rom","no",NA,NA,NA,"0.26","0.68","-0.59"
"23","A","Ata","no",NA,NA,NA,"0.60","0.28","-0.32"
"24","H","Sas","no",NA,NA,NA,"1.01","-0.23","-0.54"
"25","A","Int","no",NA,NA,NA,"0.39","0.53","-0.02"
"26","H","Tor","no",NA,NA,NA,"0.61","0.27","0.25"
"27","A","Fir","no",NA,NA,NA,"0.92","-0.11","0.14"
"28","A","Emp","no",NA,NA,NA,"1.12","-0.35","-0.21"
"29","H","Nap","no",NA,NA,NA,"0.11","0.86","0.65"
"30","H","Sam","no",NA,NA,NA,"1.38","-0.67","-0.02"
"31","A","Mil","no",NA,NA,NA,"0.24","0.71","0.69"
"32","H","Udi","no",NA,NA,NA,"0.42","0.50","1.19"
"33","A","Juv","no",NA,NA,NA,"0.39","0.52","1.71"
"34","H","Ver","no",NA,NA,NA,"1.51","-0.83","0.88"
"35","A","Laz","no",NA,NA,NA,"0.54","0.35","1.23"
"36","H","Spe","no",NA,NA,NA,"1.56","-0.89","0.34"
"37","A","Mon","no",NA,NA,NA,"1.09","-0.32","0.03"
"38","H","Bol","no",NA,NA,NA,"0.85","-0.03","0.00"
