"","HA","vs","played","Pts","GD","GS","ePts","sched","cumulative"
"1","H","Udi","yes",3,2,4,"2.37","-0.19","-0.19"
"2","A","Ata","yes",1,0,1,"1.50","0.25","0.06"
"3","H","Bol","yes",3,2,2,"2.59","-0.30","-0.25"
"4","A","Sas","yes",1,0,0,"1.74","0.12","-0.12"
"5","H","Int","yes",3,1,3,"2.17","-0.09","-0.21"
"6","A","Sam","yes",3,1,2,"2.40","-0.21","-0.42"
"7","H","Nap","yes",0,-1,1,"1.37","0.31","-0.11"
"8","A","Emp","yes",3,2,3,"1.79","0.10","-0.01"
"9","H","Juv","yes",3,2,2,"2.27","-0.14","-0.15"
"10","A","Ver","yes",3,1,2,"2.36","-0.18","-0.33"
"11","H","Mon","yes",3,3,4,"2.65","-0.33","-0.67"
"12","A","Tor","yes",0,-1,1,"1.66","0.17","-0.50"
"13","H","Spe","yes",3,1,2,"2.71","-0.36","-0.86"
"14","A","Cre","yes",1,0,0,"2.36","-0.18","-1.04"
"15","H","Fir","yes",3,1,2,"2.58","-0.29","-1.34"
"16","A","Sal","yes",3,1,2,"1.86","0.06","-1.27"
"17","H","Rom","no",NA,NA,NA,"1.94","0.03","-1.25"
"18","A","Lec","no",NA,NA,NA,"1.75","0.12","-1.13"
"19","A","Laz","no",NA,NA,NA,"1.14","0.43","-0.70"
"20","H","Sas","no",NA,NA,NA,"2.71","-0.36","-1.06"
"21","A","Int","no",NA,NA,NA,"0.56","0.72","-0.34"
"22","H","Tor","no",NA,NA,NA,"2.40","-0.21","-0.55"
"23","A","Mon","no",NA,NA,NA,"1.66","0.16","-0.38"
"24","H","Ata","no",NA,NA,NA,"2.15","-0.08","-0.46"
"25","A","Fir","no",NA,NA,NA,"1.48","0.26","-0.21"
"26","H","Sal","no",NA,NA,NA,"2.58","-0.30","-0.50"
"27","A","Udi","no",NA,NA,NA,"1.35","0.32","-0.18"
"28","A","Nap","no",NA,NA,NA,"0.51","0.74","0.56"
"29","H","Emp","no",NA,NA,NA,"2.58","-0.29","0.27"
"30","A","Bol","no",NA,NA,NA,"1.55","0.22","0.49"
"31","H","Lec","no",NA,NA,NA,"2.58","-0.29","0.19"
"32","A","Rom","no",NA,NA,NA,"1.30","0.35","0.54"
"33","H","Cre","no",NA,NA,NA,"2.75","-0.38","0.16"
"34","H","Laz","no",NA,NA,NA,"2.24","-0.12","0.03"
"35","A","Spe","no",NA,NA,NA,"1.88","0.06","0.09"
"36","H","Sam","no",NA,NA,NA,"2.72","-0.36","-0.28"
"37","A","Juv","no",NA,NA,NA,"0.65","0.67","0.40"
"38","H","Ver","no",NA,NA,NA,"2.79","-0.40","-0.00"
