"","HA","vs","played","Pts","GD","GS","ePts","sched","cumulative"
"1","A","Ver","yes",3,3,5,"2.78","-0.14","-0.14"
"2","H","Mon","yes",3,4,4,"2.62","-0.08","-0.22"
"3","A","Fir","yes",1,0,0,"2.61","-0.07","-0.29"
"4","H","Lec","yes",1,0,1,"2.59","-0.06","-0.35"
"5","A","Laz","yes",3,1,2,"2.34","0.04","-0.31"
"6","H","Spe","yes",3,1,1,"2.77","-0.13","-0.45"
"7","A","Mil","yes",3,1,2,"1.77","0.27","-0.17"
"8","H","Tor","yes",3,2,3,"2.31","0.05","-0.12"
"9","A","Cre","yes",3,3,4,"2.83","-0.16","-0.28"
"10","H","Bol","yes",3,1,3,"2.50","-0.02","-0.31"
"11","A","Rom","yes",3,1,1,"2.41","0.01","-0.30"
"12","H","Sas","yes",3,4,4,"2.58","-0.06","-0.36"
"13","A","Ata","yes",3,1,2,"2.40","0.01","-0.34"
"14","H","Emp","no",NA,NA,NA,"2.55","-0.05","-0.39"
"15","H","Udi","no",NA,NA,NA,"2.05","0.16","-0.23"
"16","A","Int","no",NA,NA,NA,"2.14","0.12","-0.10"
"17","A","Sam","no",NA,NA,NA,"2.84","-0.16","-0.27"
"18","H","Juv","no",NA,NA,NA,"2.37","0.03","-0.24"
"19","A","Sal","no",NA,NA,NA,"2.67","-0.10","-0.34"
"20","H","Rom","no",NA,NA,NA,"1.68","0.31","-0.03"
"21","A","Spe","no",NA,NA,NA,"2.73","-0.12","-0.14"
"22","H","Cre","no",NA,NA,NA,"2.70","-0.11","-0.25"
"23","A","Sas","no",NA,NA,NA,"2.55","-0.05","-0.30"
"24","A","Emp","no",NA,NA,NA,"2.69","-0.10","-0.40"
"25","H","Laz","no",NA,NA,NA,"1.79","0.27","-0.13"
"26","H","Ata","no",NA,NA,NA,"1.50","0.39","0.25"
"27","A","Tor","no",NA,NA,NA,"2.61","-0.07","0.18"
"28","H","Mil","no",NA,NA,NA,"2.10","0.14","0.32"
"29","A","Lec","no",NA,NA,NA,"2.81","-0.15","0.17"
"30","H","Ver","no",NA,NA,NA,"2.75","-0.13","0.04"
"31","A","Juv","no",NA,NA,NA,"2.14","0.12","0.16"
"32","H","Sal","no",NA,NA,NA,"2.37","0.03","0.19"
"33","A","Udi","no",NA,NA,NA,"2.37","0.03","0.22"
"34","H","Fir","no",NA,NA,NA,"2.52","-0.03","0.18"
"35","A","Mon","no",NA,NA,NA,"2.68","-0.10","0.08"
"36","H","Int","no",NA,NA,NA,"2.18","0.11","0.19"
"37","A","Bol","no",NA,NA,NA,"2.62","-0.07","0.11"
"38","H","Sam","no",NA,NA,NA,"2.72","-0.11","0.00"
