"","HA","vs","played","Pts","GD","GS","ePts","sched","cumulative"
"1","H","Rom","yes",0,-1,0,"0.50","0.60","0.60"
"2","A","Udi","yes",1,0,0,"0.88","0.30","0.90"
"3","H","Sam","yes",3,4,4,"1.93","-0.54","0.36"
"4","A","Bol","yes",1,0,1,"1.37","-0.10","0.26"
"5","H","Emp","yes",1,0,2,"1.51","-0.20","0.06"
"6","A","Juv","yes",1,0,2,"0.79","0.37","0.43"
"7","H","Lec","yes",0,-1,1,"1.57","-0.25","0.18"
"8","A","Sas","yes",0,-5,0,"1.20","0.04","0.22"
"9","H","Ver","yes",3,1,2,"2.04","-0.63","-0.41"
"10","A","Int","yes",0,-2,0,"0.63","0.50","0.09"
"11","H","Spe","yes",3,1,1,"2.09","-0.67","-0.58"
"12","A","Laz","yes",3,2,3,"0.88","0.30","-0.29"
"13","H","Cre","yes",1,0,2,"1.86","-0.49","-0.78"
"14","A","Fir","no",NA,NA,NA,"1.35","-0.08","-0.86"
"15","A","Mon","no",NA,NA,NA,"1.54","-0.23","-1.08"
"16","H","Mil","no",NA,NA,NA,"0.82","0.35","-0.73"
"17","H","Tor","no",NA,NA,NA,"1.06","0.15","-0.58"
"18","A","Ata","no",NA,NA,NA,"0.96","0.23","-0.35"
"19","H","Nap","no",NA,NA,NA,"0.22","0.83","0.48"
"20","A","Lec","no",NA,NA,NA,"2.00","-0.60","-0.12"
"21","H","Juv","no",NA,NA,NA,"1.17","0.06","-0.06"
"22","A","Ver","no",NA,NA,NA,"1.90","-0.52","-0.58"
"23","H","Laz","no",NA,NA,NA,"0.72","0.43","-0.15"
"24","H","Mon","no",NA,NA,NA,"1.65","-0.32","-0.47"
"25","A","Sam","no",NA,NA,NA,"2.15","-0.72","-1.18"
"26","A","Mil","no",NA,NA,NA,"0.40","0.68","-0.50"
"27","H","Bol","no",NA,NA,NA,"1.40","-0.12","-0.62"
"28","A","Spe","no",NA,NA,NA,"1.70","-0.35","-0.97"
"29","H","Int","no",NA,NA,NA,"0.80","0.36","-0.61"
"30","A","Tor","no",NA,NA,NA,"1.37","-0.10","-0.71"
"31","H","Sas","no",NA,NA,NA,"1.58","-0.26","-0.97"
"32","A","Nap","no",NA,NA,NA,"0.45","0.64","-0.34"
"33","H","Fir","no",NA,NA,NA,"1.43","-0.15","-0.48"
"34","A","Emp","no",NA,NA,NA,"1.56","-0.25","-0.73"
"35","H","Ata","no",NA,NA,NA,"0.40","0.68","-0.05"
"36","A","Rom","no",NA,NA,NA,"0.80","0.36","0.32"
"37","H","Udi","no",NA,NA,NA,"0.77","0.39","0.71"
"38","A","Cre","no",NA,NA,NA,"2.14","-0.71","0.00"
