"","HA","vs","played","Pts","GD","GS","ePts","sched","cumulative"
"1","A","Juv","yes",0,-3,0,"0.41","0.66","0.66"
"2","H","Lec","yes",3,1,1,"1.86","-0.55","0.11"
"3","A","Spe","yes",1,0,2,"1.23","-0.02","0.09"
"4","H","Mil","yes",1,0,0,"1.24","-0.03","0.06"
"5","A","Cre","yes",1,0,0,"1.67","-0.39","-0.33"
"6","H","Udi","yes",0,-2,1,"1.14","0.05","-0.28"
"7","A","Tor","yes",3,1,1,"0.96","0.20","-0.08"
"8","H","Sal","yes",3,5,5,"1.45","-0.20","-0.28"
"9","H","Int","yes",0,-1,1,"1.17","0.03","-0.26"
"10","A","Ata","yes",0,-1,1,"0.62","0.48","0.22"
"11","H","Ver","yes",3,1,2,"2.27","-0.89","-0.67"
"12","A","Nap","yes",0,-4,0,"0.25","0.79","0.13"
"13","A","Emp","yes",0,-1,0,"1.16","0.04","0.16"
"14","H","Rom","no",NA,NA,NA,"0.69","0.42","0.59"
"15","A","Bol","no",NA,NA,NA,"0.96","0.20","0.79"
"16","H","Sam","no",NA,NA,NA,"2.16","-0.80","-0.01"
"17","A","Fir","no",NA,NA,NA,"0.94","0.22","0.21"
"18","H","Laz","no",NA,NA,NA,"0.77","0.36","0.57"
"19","A","Mon","no",NA,NA,NA,"1.12","0.07","0.64"
"20","A","Mil","no",NA,NA,NA,"0.26","0.78","1.42"
"21","H","Ata","no",NA,NA,NA,"0.57","0.52","1.94"
"22","A","Udi","no",NA,NA,NA,"0.59","0.51","2.45"
"23","H","Nap","no",NA,NA,NA,"0.30","0.75","3.19"
"24","A","Lec","no",NA,NA,NA,"1.61","-0.34","2.85"
"25","H","Cre","no",NA,NA,NA,"2.10","-0.75","2.11"
"26","A","Rom","no",NA,NA,NA,"0.62","0.48","2.59"
"27","H","Spe","no",NA,NA,NA,"2.29","-0.91","1.68"
"28","H","Tor","no",NA,NA,NA,"1.33","-0.11","1.57"
"29","A","Ver","no",NA,NA,NA,"1.52","-0.26","1.31"
"30","H","Juv","no",NA,NA,NA,"1.44","-0.20","1.11"
"31","A","Sal","no",NA,NA,NA,"1.09","0.09","1.20"
"32","H","Emp","no",NA,NA,NA,"1.80","-0.50","0.70"
"33","A","Laz","no",NA,NA,NA,"0.56","0.53","1.23"
"34","H","Bol","no",NA,NA,NA,"1.66","-0.38","0.85"
"35","A","Int","no",NA,NA,NA,"0.40","0.67","1.52"
"36","H","Mon","no",NA,NA,NA,"1.93","-0.61","0.91"
"37","A","Sam","no",NA,NA,NA,"1.77","-0.48","0.43"
"38","H","Fir","no",NA,NA,NA,"1.72","-0.43","-0.00"
