"","HA","vs","played","Pts","GD","GS","ePts","sched","cumulative"
"1","H","Nap","yes",0,-3,2,"0.10","0.83","0.83"
"2","A","Bol","yes",1,0,1,"0.53","0.13","0.96"
"3","H","Ata","yes",0,-1,0,"0.33","0.46","1.43"
"4","A","Emp","yes",1,0,1,"0.67","-0.10","1.32"
"5","H","Sam","yes",3,1,2,"1.40","-1.30","0.02"
"6","A","Laz","yes",0,-2,0,"0.26","0.57","0.60"
"7","A","Fir","yes",0,-2,0,"0.39","0.35","0.95"
"8","H","Udi","yes",0,-1,1,"0.46","0.24","1.19"
"9","A","Sal","yes",0,-1,1,"0.62","-0.02","1.17"
"10","H","Mil","yes",0,-1,1,"0.51","0.16","1.33"
"11","A","Sas","yes",0,-1,1,"0.44","0.27","1.61"
"12","H","Rom","yes",0,-2,1,"0.30","0.51","2.12"
"13","A","Mon","yes",0,-2,0,"0.64","-0.05","2.07"
"14","H","Juv","yes",0,-1,0,"0.53","0.14","2.21"
"15","H","Spe","no",NA,NA,NA,"1.49","-1.44","0.76"
"16","A","Tor","no",NA,NA,NA,"0.45","0.26","1.02"
"17","H","Cre","no",NA,NA,NA,"1.18","-0.94","0.08"
"18","A","Int","no",NA,NA,NA,"0.18","0.70","0.78"
"19","H","Lec","no",NA,NA,NA,"0.92","-0.51","0.27"
"20","A","Udi","no",NA,NA,NA,"0.32","0.48","0.74"
"21","H","Laz","no",NA,NA,NA,"0.27","0.56","1.30"
"22","H","Sal","no",NA,NA,NA,"0.72","-0.19","1.12"
"23","A","Rom","no",NA,NA,NA,"0.34","0.44","1.56"
"24","H","Fir","no",NA,NA,NA,"0.81","-0.32","1.23"
"25","A","Spe","no",NA,NA,NA,"0.71","-0.16","1.07"
"26","H","Mon","no",NA,NA,NA,"1.08","-0.77","0.30"
"27","A","Sam","no",NA,NA,NA,"1.21","-0.99","-0.69"
"28","A","Juv","no",NA,NA,NA,"0.20","0.67","-0.02"
"29","H","Sas","no",NA,NA,NA,"0.95","-0.55","-0.57"
"30","A","Nap","no",NA,NA,NA,"0.12","0.80","0.23"
"31","H","Bol","no",NA,NA,NA,"0.84","-0.39","-0.16"
"32","A","Cre","no",NA,NA,NA,"1.08","-0.76","-0.92"
"33","H","Int","no",NA,NA,NA,"0.44","0.28","-0.64"
"34","A","Lec","no",NA,NA,NA,"0.75","-0.22","-0.87"
"35","H","Tor","no",NA,NA,NA,"0.56","0.08","-0.78"
"36","A","Ata","no",NA,NA,NA,"0.33","0.45","-0.33"
"37","H","Emp","no",NA,NA,NA,"0.89","-0.46","-0.79"
"38","A","Mil","no",NA,NA,NA,"0.13","0.79","0.00"
