"","HA","vs","played","Pts","GD","GS","ePts","sched","cumulative"
"1","A","Bou","yes",0,-2,0,"0.88","0.11","0.11"
"2","H","Eve","yes",3,1,2,"1.62","-0.66","-0.55"
"3","A","Pal","yes",0,-2,1,"0.53","0.46","-0.08"
"4","H","WHU","yes",0,-1,0,"1.85","-0.88","-0.97"
"5","A","Ars","yes",0,-1,1,"0.10","0.90","-0.07"
"6","H","MnC","yes",1,0,1,"0.79","0.20","0.13"
"7","H","Sot","yes",3,1,1,"1.64","-0.67","-0.54"
"8","A","Lee","yes",1,0,0,"0.63","0.36","-0.18"
"9","A","Not","yes",1,0,1,"1.00","-0.02","-0.20"
"10","H","Che","yes",0,-2,0,"1.21","-0.23","-0.43"
"11","A","Ful","yes",0,-3,0,"0.56","0.43","-0.00"
"12","H","Bre","yes",3,4,4,"1.91","-0.95","-0.95"
"13","A","New","yes",0,-4,0,"0.39","0.60","-0.35"
"14","H","MnU","no",NA,NA,NA,"0.88","0.10","-0.25"
"15","A","BHA","no",NA,NA,NA,"0.42","0.58","0.32"
"16","H","Liv","no",NA,NA,NA,"1.81","-0.84","-0.52"
"17","A","Tot","no",NA,NA,NA,"0.24","0.75","0.23"
"18","H","Wol","no",NA,NA,NA,"2.05","-1.09","-0.85"
"19","H","Lee","no",NA,NA,NA,"1.74","-0.77","-1.63"
"20","A","Sot","no",NA,NA,NA,"0.82","0.17","-1.46"
"21","H","Lei","no",NA,NA,NA,"1.59","-0.62","-2.08"
"22","A","MnC","no",NA,NA,NA,"0.09","0.90","-1.18"
"23","H","Ars","no",NA,NA,NA,"0.47","0.52","-0.66"
"24","A","Eve","no",NA,NA,NA,"0.89","0.09","-0.57"
"25","H","Pal","no",NA,NA,NA,"1.66","-0.69","-1.26"
"26","A","WHU","no",NA,NA,NA,"0.51","0.48","-0.77"
"27","H","Bou","no",NA,NA,NA,"1.70","-0.73","-1.50"
"28","A","Che","no",NA,NA,NA,"0.39","0.61","-0.89"
"29","H","Not","no",NA,NA,NA,"2.07","-1.11","-2.01"
"30","H","New","no",NA,NA,NA,"0.94","0.04","-1.97"
"31","A","Bre","no",NA,NA,NA,"0.47","0.52","-1.45"
"32","H","Ful","no",NA,NA,NA,"1.33","-0.35","-1.80"
"33","A","MnU","no",NA,NA,NA,"0.24","0.76","-1.04"
"34","A","Wol","no",NA,NA,NA,"0.81","0.17","-0.87"
"35","H","Tot","no",NA,NA,NA,"0.85","0.13","-0.74"
"36","A","Liv","no",NA,NA,NA,"0.40","0.59","-0.14"
"37","H","BHA","no",NA,NA,NA,"0.96","0.02","-0.12"
"38","A","Lei","no",NA,NA,NA,"0.86","0.12","0.00"
