"","HA","vs","played","Pts","GD","GS","ePts","sched","cumulative"
"1","A","MnU","yes",3,1,2,"1.02","0.37","0.37"
"2","H","New","yes",1,0,0,"0.49","0.70","1.07"
"3","A","WHU","yes",3,2,2,"1.67","-0.03","1.04"
"4","H","Lee","yes",3,1,1,"2.73","-0.68","0.36"
"5","A","Ful","yes",0,-1,1,"1.93","-0.19","0.17"
"6","H","Lei","yes",3,3,5,"1.85","-0.14","0.04"
"7","A","Liv","yes",1,0,3,"0.87","0.47","0.50"
"8","H","Tot","yes",0,-1,0,"0.58","0.64","1.15"
"9","A","Bre","yes",0,-2,0,"1.50","0.08","1.22"
"10","H","Not","yes",1,0,0,"2.36","-0.45","0.77"
"11","A","MnC","yes",0,-2,1,"0.00","1.00","1.77"
"12","H","Che","no",NA,NA,NA,"0.95","0.42","2.18"
"13","A","Wol","no",NA,NA,NA,"2.25","-0.38","1.80"
"14","H","Ast","no",NA,NA,NA,"2.45","-0.51","1.29"
"15","A","Sot","no",NA,NA,NA,"2.56","-0.58","0.72"
"16","H","Ars","no",NA,NA,NA,"0.41","0.75","1.47"
"17","A","Eve","no",NA,NA,NA,"2.48","-0.53","0.94"
"18","H","Liv","no",NA,NA,NA,"2.05","-0.26","0.68"
"19","A","Lei","no",NA,NA,NA,"2.64","-0.63","0.05"
"20","H","Bou","no",NA,NA,NA,"1.08","0.33","0.39"
"21","A","Pal","no",NA,NA,NA,"2.52","-0.55","-0.17"
"22","H","Ful","no",NA,NA,NA,"0.91","0.44","0.27"
"23","A","New","no",NA,NA,NA,"1.92","-0.18","0.09"
"24","H","WHU","no",NA,NA,NA,"1.84","-0.13","-0.04"
"25","A","Lee","no",NA,NA,NA,"2.43","-0.50","-0.54"
"26","H","MnU","no",NA,NA,NA,"0.54","0.66","0.13"
"27","H","Bre","no",NA,NA,NA,"2.24","-0.38","-0.25"
"28","A","Tot","no",NA,NA,NA,"1.02","0.37","0.12"
"29","A","Che","no",NA,NA,NA,"1.47","0.09","0.21"
"30","H","MnC","no",NA,NA,NA,"0.49","0.70","0.91"
"31","A","Not","no",NA,NA,NA,"2.53","-0.56","0.35"
"32","H","Wol","no",NA,NA,NA,"2.67","-0.64","-0.29"
"33","H","Eve","no",NA,NA,NA,"1.45","0.11","-0.18"
"34","A","Ars","no",NA,NA,NA,"0.00","1.00","0.82"
"35","H","Sot","no",NA,NA,NA,"1.34","0.18","1.00"
"36","A","Ast","no",NA,NA,NA,"2.10","-0.29","0.70"
"37","A","Bou","no",NA,NA,NA,"2.63","-0.62","0.08"
"38","H","Pal","no",NA,NA,NA,"1.76","-0.08","-0.00"
