"","HA","vs","played","Pts","GD","GS","ePts","sched","cumulative"
"1","H","Ast","yes",3,2,2,"2.00","-1.11","-1.11"
"2","A","MnC","yes",0,-4,0,"0.00","1.00","-0.11"
"3","H","Ars","yes",0,-3,0,"0.20","0.79","0.68"
"4","A","Liv","yes",0,-9,0,"0.58","0.39","1.07"
"5","H","Wol","yes",1,0,0,"1.80","-0.90","0.17"
"6","A","Not","yes",3,1,3,"1.76","-0.86","-0.69"
"7","A","New","yes",1,0,1,"0.85","0.10","-0.59"
"8","H","Bre","yes",1,0,0,"1.64","-0.73","-1.32"
"9","H","Lei","yes",3,1,2,"1.17","-0.23","-1.55"
"10","A","Ful","yes",1,0,2,"1.12","-0.18","-1.73"
"11","H","Sot","yes",0,-1,0,"0.96","-0.02","-1.75"
"12","A","WHU","yes",0,-2,0,"0.70","0.26","-1.49"
"13","H","Tot","yes",0,-1,2,"0.24","0.75","-0.74"
"14","A","Lee","no",NA,NA,NA,"1.47","-0.55","-1.29"
"15","H","Eve","no",NA,NA,NA,"0.90","0.05","-1.24"
"16","A","Che","no",NA,NA,NA,"0.47","0.50","-0.74"
"17","H","Pal","no",NA,NA,NA,"1.22","-0.29","-1.03"
"18","A","MnU","no",NA,NA,NA,"0.33","0.65","-0.38"
"19","A","Bre","no",NA,NA,NA,"0.76","0.20","-0.18"
"20","H","Not","no",NA,NA,NA,"1.78","-0.88","-1.07"
"21","A","BHA","no",NA,NA,NA,"0.78","0.17","-0.89"
"22","H","New","no",NA,NA,NA,"0.28","0.70","-0.19"
"23","A","Wol","no",NA,NA,NA,"1.28","-0.36","-0.55"
"24","H","MnC","no",NA,NA,NA,"0.30","0.68","0.13"
"25","A","Ars","no",NA,NA,NA,"0.00","1.00","1.13"
"26","H","Liv","no",NA,NA,NA,"1.59","-0.68","0.45"
"27","A","Ast","no",NA,NA,NA,"1.12","-0.18","0.26"
"28","H","Ful","no",NA,NA,NA,"0.52","0.45","0.71"
"29","A","Lei","no",NA,NA,NA,"1.78","-0.88","-0.17"
"30","A","Tot","no",NA,NA,NA,"0.33","0.66","0.49"
"31","H","WHU","no",NA,NA,NA,"1.30","-0.37","0.11"
"32","A","Sot","no",NA,NA,NA,"1.56","-0.65","-0.54"
"33","H","Lee","no",NA,NA,NA,"1.19","-0.26","-0.80"
"34","H","Che","no",NA,NA,NA,"0.59","0.38","-0.42"
"35","A","Pal","no",NA,NA,NA,"1.12","-0.18","-0.61"
"36","H","MnU","no",NA,NA,NA,"0.29","0.70","0.09"
"37","A","Eve","no",NA,NA,NA,"1.66","-0.75","-0.67"
"38","H","BHA","no",NA,NA,NA,"0.32","0.67","0.00"
