"","HA","vs","played","Pts","GD","GS","ePts","sched","cumulative"
"1","A","Lei","yes",1,0,2,"0.79","0.36","0.36"
"2","H","MnU","yes",3,4,4,"1.40","-0.13","0.23"
"3","A","Ful","yes",0,-1,2,"0.24","0.81","1.04"
"4","H","Eve","yes",1,0,1,"2.34","-0.89","0.15"
"5","A","Pal","yes",1,0,1,"0.63","0.49","0.64"
"6","H","Lee","yes",3,3,5,"2.92","-1.36","-0.72"
"7","H","Ars","yes",0,-3,0,"1.15","0.07","-0.65"
"8","A","Bou","yes",1,0,0,"0.80","0.35","-0.30"
"9","A","New","yes",0,-4,1,"0.24","0.81","0.51"
"10","H","BHA","yes",3,2,2,"1.24","-0.00","0.51"
"11","H","Che","yes",1,0,0,"1.94","-0.57","-0.06"
"12","A","Ast","yes",0,-4,0,"0.30","0.75","0.69"
"13","H","Wol","no",NA,NA,NA,"2.90","-1.34","-0.65"
"14","A","Not","no",NA,NA,NA,"0.64","0.48","-0.17"
"15","A","MnC","no",NA,NA,NA,"0.00","1.00","0.83"
"16","H","Tot","no",NA,NA,NA,"1.47","-0.19","0.64"
"17","A","WHU","no",NA,NA,NA,"0.17","0.86","1.50"
"18","H","Liv","no",NA,NA,NA,"2.66","-1.15","0.35"
"19","H","Bou","no",NA,NA,NA,"2.08","-0.68","-0.32"
"20","A","Lee","no",NA,NA,NA,"0.53","0.57","0.25"
"21","H","Sot","no",NA,NA,NA,"2.26","-0.82","-0.58"
"22","A","Ars","no",NA,NA,NA,"0.00","1.00","0.42"
"23","H","Pal","no",NA,NA,NA,"2.51","-1.03","-0.61"
"24","A","MnU","no",NA,NA,NA,"0.08","0.94","0.33"
"25","H","Ful","no",NA,NA,NA,"1.91","-0.54","-0.21"
"26","A","Eve","no",NA,NA,NA,"0.58","0.53","0.32"
"27","H","Lei","no",NA,NA,NA,"2.56","-1.07","-0.75"
"28","A","BHA","no",NA,NA,NA,"0.43","0.65","-0.10"
"29","H","New","no",NA,NA,NA,"1.32","-0.07","-0.16"
"30","A","Wol","no",NA,NA,NA,"0.38","0.69","0.53"
"31","H","Ast","no",NA,NA,NA,"2.83","-1.28","-0.75"
"32","A","Che","no",NA,NA,NA,"0.13","0.89","0.14"
"33","H","Not","no",NA,NA,NA,"2.79","-1.25","-1.11"
"34","A","Liv","no",NA,NA,NA,"0.07","0.95","-0.16"
"35","H","WHU","no",NA,NA,NA,"2.56","-1.07","-1.23"
"36","A","Tot","no",NA,NA,NA,"0.08","0.94","-0.29"
"37","H","MnC","no",NA,NA,NA,"1.43","-0.15","-0.45"
"38","A","Sot","no",NA,NA,NA,"0.69","0.45","-0.00"
