"","HA","vs","played","Pts","GD","GS","ePts","sched","cumulative"
"1","A","Eve","yes",3,1,1,"1.79","-0.06","-0.06"
"2","H","Tot","yes",1,0,2,"1.49","0.12","0.07"
"3","A","Lee","yes",0,-3,0,"1.91","-0.12","-0.05"
"4","H","Lei","yes",3,1,2,"2.25","-0.32","-0.38"
"5","A","Sot","yes",0,-1,1,"1.88","-0.10","-0.48"
"6","H","WHU","yes",3,1,2,"2.17","-0.28","-0.76"
"7","A","Pal","yes",3,1,2,"1.67","0.02","-0.74"
"8","H","Wol","yes",3,3,3,"2.43","-0.43","-1.17"
"9","A","Ast","yes",3,2,2,"1.66","0.02","-1.15"
"10","A","Bre","yes",1,0,0,"1.38","0.19","-0.96"
"11","H","MnU","yes",1,0,1,"1.39","0.18","-0.78"
"12","A","BHA","no",NA,NA,NA,"1.55","0.09","-0.69"
"13","H","Ars","no",NA,NA,NA,"1.00","0.41","-0.28"
"14","A","New","no",NA,NA,NA,"1.26","0.26","-0.02"
"15","H","Bou","no",NA,NA,NA,"2.05","-0.21","-0.22"
"16","A","Not","no",NA,NA,NA,"2.00","-0.18","-0.40"
"17","H","MnC","no",NA,NA,NA,"1.30","0.23","-0.17"
"18","H","Pal","no",NA,NA,NA,"2.11","-0.24","-0.41"
"19","A","Liv","no",NA,NA,NA,"1.06","0.38","-0.03"
"20","H","Ful","no",NA,NA,NA,"1.84","-0.08","-0.12"
"21","A","WHU","no",NA,NA,NA,"1.52","0.10","-0.01"
"22","H","Sot","no",NA,NA,NA,"2.05","-0.21","-0.22"
"23","A","Tot","no",NA,NA,NA,"0.93","0.45","0.23"
"24","H","Lee","no",NA,NA,NA,"2.43","-0.43","-0.20"
"25","A","Lei","no",NA,NA,NA,"1.93","-0.14","-0.34"
"26","H","Eve","no",NA,NA,NA,"2.11","-0.24","-0.58"
"27","H","Ast","no",NA,NA,NA,"2.35","-0.38","-0.96"
"28","A","Wol","no",NA,NA,NA,"1.89","-0.11","-1.07"
"29","H","BHA","no",NA,NA,NA,"1.69","0.01","-1.07"
"30","A","MnU","no",NA,NA,NA,"0.97","0.43","-0.63"
"31","H","Bre","no",NA,NA,NA,"2.23","-0.31","-0.95"
"32","A","Ars","no",NA,NA,NA,"0.50","0.70","-0.25"
"33","A","Bou","no",NA,NA,NA,"1.85","-0.09","-0.34"
"34","H","Not","no",NA,NA,NA,"2.39","-0.41","-0.74"
"35","A","MnC","no",NA,NA,NA,"0.51","0.70","-0.04"
"36","H","New","no",NA,NA,NA,"1.50","0.12","0.07"
"37","A","Ful","no",NA,NA,NA,"1.43","0.16","0.23"
"38","H","Liv","no",NA,NA,NA,"2.09","-0.23","-0.00"
