"","HA","vs","played","Pts","GD","GS","ePts","sched","cumulative"
"1","A","Ful","yes",1,0,2,"0.38","0.74","0.74"
"2","H","Pal","yes",1,0,1,"2.77","-0.89","-0.15"
"3","A","MnU","yes",0,-1,1,"0.10","0.93","0.78"
"4","H","Bou","yes",3,9,9,"2.53","-0.73","0.06"
"5","H","New","yes",3,1,2,"1.93","-0.32","-0.27"
"6","A","Eve","yes",1,0,0,"0.74","0.49","0.23"
"7","H","BHA","yes",1,0,3,"2.00","-0.37","-0.14"
"8","A","Ars","yes",0,-1,2,"0.00","1.00","0.86"
"9","H","MnC","yes",3,1,1,"1.98","-0.36","0.50"
"10","H","WHU","yes",3,1,1,"2.79","-0.91","-0.40"
"11","A","Not","yes",0,-1,0,"0.78","0.47","0.06"
"12","H","Lee","no",NA,NA,NA,"2.96","-1.02","-0.96"
"13","A","Tot","no",NA,NA,NA,"0.10","0.93","-0.02"
"14","H","Sot","no",NA,NA,NA,"2.70","-0.85","-0.87"
"15","A","Ast","no",NA,NA,NA,"0.41","0.72","-0.15"
"16","H","Lei","no",NA,NA,NA,"2.75","-0.88","-1.04"
"17","A","Bre","no",NA,NA,NA,"0.29","0.80","-0.23"
"18","A","BHA","no",NA,NA,NA,"0.30","0.80","0.57"
"19","H","Che","no",NA,NA,NA,"2.53","-0.73","-0.16"
"20","A","Wol","no",NA,NA,NA,"0.47","0.68","0.51"
"21","H","Eve","no",NA,NA,NA,"2.67","-0.83","-0.31"
"22","A","New","no",NA,NA,NA,"0.27","0.81","0.50"
"23","A","Pal","no",NA,NA,NA,"0.50","0.66","1.15"
"24","H","MnU","no",NA,NA,NA,"2.14","-0.46","0.69"
"25","A","Bou","no",NA,NA,NA,"0.92","0.37","1.06"
"26","H","Ful","no",NA,NA,NA,"2.40","-0.64","0.42"
"27","A","MnC","no",NA,NA,NA,"0.00","1.00","1.42"
"28","H","Ars","no",NA,NA,NA,"1.86","-0.27","1.15"
"29","A","Lee","no",NA,NA,NA,"0.61","0.58","1.73"
"30","H","Not","no",NA,NA,NA,"2.89","-0.98","0.76"
"31","A","WHU","no",NA,NA,NA,"0.20","0.86","1.62"
"32","H","Tot","no",NA,NA,NA,"1.92","-0.31","1.30"
"33","H","Bre","no",NA,NA,NA,"2.87","-0.96","0.35"
"34","A","Lei","no",NA,NA,NA,"1.00","0.32","0.66"
"35","H","Ast","no",NA,NA,NA,"2.91","-0.99","-0.33"
"36","A","Sot","no",NA,NA,NA,"0.86","0.41","0.08"
"37","H","Wol","no",NA,NA,NA,"2.89","-0.97","-0.89"
"38","A","Che","no",NA,NA,NA,"0.15","0.89","-0.00"
