"","HA","vs","played","Pts","GD","GS","ePts","sched","cumulative"
"1","A","WHU","yes",3,2,2,"1.84","0.14","0.14"
"2","H","Bou","yes",3,4,4,"2.58","-0.20","-0.06"
"3","A","New","yes",1,0,3,"1.59","0.26","0.20"
"4","H","Pal","yes",3,2,4,"2.61","-0.22","-0.02"
"5","H","Not","yes",3,6,6,"2.75","-0.28","-0.29"
"6","A","Ast","yes",1,0,1,"1.97","0.08","-0.21"
"7","A","Wol","yes",3,3,3,"2.17","-0.01","-0.22"
"8","H","MnU","yes",3,3,6,"2.18","-0.01","-0.23"
"9","H","Sot","yes",3,4,4,"2.59","-0.20","-0.43"
"10","A","Liv","yes",0,-1,0,"1.38","0.36","-0.07"
"11","H","BHA","yes",3,2,3,"2.38","-0.11","-0.18"
"12","A","Lei","no",NA,NA,NA,"2.20","-0.02","-0.21"
"13","H","Ful","no",NA,NA,NA,"2.47","-0.15","-0.36"
"14","H","Bre","no",NA,NA,NA,"2.67","-0.24","-0.60"
"15","A","Lee","no",NA,NA,NA,"2.18","-0.01","-0.62"
"16","H","Eve","no",NA,NA,NA,"2.62","-0.22","-0.83"
"17","A","Che","no",NA,NA,NA,"1.46","0.32","-0.51"
"18","A","MnU","no",NA,NA,NA,"1.28","0.41","-0.11"
"19","H","Wol","no",NA,NA,NA,"2.76","-0.29","-0.39"
"20","A","Tot","no",NA,NA,NA,"1.24","0.42","0.03"
"21","H","Ast","no",NA,NA,NA,"2.73","-0.27","-0.24"
"22","A","Not","no",NA,NA,NA,"2.26","-0.05","-0.29"
"23","A","Bou","no",NA,NA,NA,"2.13","0.01","-0.28"
"24","H","New","no",NA,NA,NA,"2.26","-0.05","-0.33"
"25","A","Pal","no",NA,NA,NA,"1.97","0.08","-0.25"
"26","H","WHU","no",NA,NA,NA,"2.64","-0.23","-0.48"
"27","H","Liv","no",NA,NA,NA,"2.61","-0.21","-0.69"
"28","A","Sot","no",NA,NA,NA,"2.15","-0.00","-0.70"
"29","H","Lei","no",NA,NA,NA,"2.68","-0.25","-0.94"
"30","A","BHA","no",NA,NA,NA,"1.87","0.13","-0.81"
"31","H","Ars","no",NA,NA,NA,"1.83","0.15","-0.66"
"32","A","Ful","no",NA,NA,NA,"1.76","0.18","-0.48"
"33","H","Lee","no",NA,NA,NA,"2.76","-0.28","-0.77"
"34","A","Eve","no",NA,NA,NA,"2.09","0.03","-0.74"
"35","H","Che","no",NA,NA,NA,"2.34","-0.09","-0.82"
"36","A","Bre","no",NA,NA,NA,"1.71","0.21","-0.62"
"37","H","Tot","no",NA,NA,NA,"2.25","-0.05","-0.67"
"38","A","Ars","no",NA,NA,NA,"0.72","0.67","0.00"
