"","HA","vs","played","Pts","GD","GS","ePts","sched","cumulative"
"1","H","BHA","yes",0,-1,1,"1.87","0.09","0.09"
"2","A","Bre","yes",0,-4,0,"1.62","0.21","0.30"
"3","H","Liv","yes",3,1,2,"2.82","-0.37","-0.08"
"4","A","Sot","yes",3,1,1,"2.43","-0.19","-0.26"
"5","A","Lei","yes",3,1,1,"2.52","-0.23","-0.49"
"6","H","Ars","yes",3,2,3,"1.72","0.16","-0.33"
"7","A","MnC","yes",0,-3,3,"0.00","1.00","0.67"
"8","A","Eve","yes",3,1,2,"2.34","-0.14","0.53"
"9","H","New","yes",1,0,0,"1.80","0.12","0.65"
"10","H","Tot","yes",3,2,2,"1.79","0.13","0.77"
"11","A","Che","yes",1,0,1,"1.09","0.47","1.24"
"12","H","WHU","no",NA,NA,NA,"2.75","-0.34","0.90"
"13","A","Ast","no",NA,NA,NA,"1.92","0.07","0.96"
"14","A","Ful","no",NA,NA,NA,"1.85","0.10","1.06"
"15","H","Not","no",NA,NA,NA,"2.87","-0.40","0.66"
"16","A","Wol","no",NA,NA,NA,"2.03","0.01","0.67"
"17","H","Bou","no",NA,NA,NA,"2.46","-0.20","0.47"
"18","H","MnC","no",NA,NA,NA,"1.85","0.09","0.57"
"19","A","Ars","no",NA,NA,NA,"0.00","1.00","1.57"
"20","H","Pal","no",NA,NA,NA,"2.73","-0.33","1.24"
"21","A","Lee","no",NA,NA,NA,"2.21","-0.08","1.16"
"22","H","Lei","no",NA,NA,NA,"2.71","-0.32","0.83"
"23","H","Bre","no",NA,NA,NA,"2.85","-0.39","0.44"
"24","A","Liv","no",NA,NA,NA,"0.66","0.68","1.12"
"25","H","Sot","no",NA,NA,NA,"2.66","-0.30","0.83"
"26","A","BHA","no",NA,NA,NA,"1.65","0.20","1.02"
"27","A","New","no",NA,NA,NA,"1.58","0.23","1.25"
"28","H","Eve","no",NA,NA,NA,"2.62","-0.28","0.97"
"29","A","Not","no",NA,NA,NA,"2.37","-0.16","0.82"
"30","H","Che","no",NA,NA,NA,"2.46","-0.20","0.62"
"31","A","Tot","no",NA,NA,NA,"0.75","0.63","1.25"
"32","H","Ast","no",NA,NA,NA,"2.90","-0.42","0.83"
"33","A","WHU","no",NA,NA,NA,"1.33","0.35","1.18"
"34","H","Wol","no",NA,NA,NA,"2.87","-0.40","0.78"
"35","A","Bou","no",NA,NA,NA,"2.47","-0.21","0.58"
"36","H","Ful","no",NA,NA,NA,"2.31","-0.13","0.45"
"37","A","Pal","no",NA,NA,NA,"2.07","-0.01","0.44"
"38","H","Lee","no",NA,NA,NA,"2.95","-0.44","-0.00"
