"","HA","vs","played","Pts","GD","GS","ePts","sched","cumulative"
"1","A","New","yes",0,-2,0,"0.39","0.48","0.48"
"2","H","WHU","yes",3,1,1,"1.35","-0.80","-0.32"
"3","A","Eve","yes",1,0,1,"0.89","-0.18","-0.50"
"4","H","Tot","yes",0,-2,0,"0.50","0.33","-0.17"
"5","A","MnC","yes",0,-6,0,"0.09","0.87","0.70"
"6","H","Bou","yes",0,-1,2,"1.19","-0.59","0.12"
"7","H","Ful","yes",0,-1,2,"0.85","-0.14","-0.02"
"8","A","Lei","yes",0,-4,0,"0.86","-0.14","-0.17"
"9","H","Ast","yes",1,0,1,"1.61","-1.14","-1.31"
"10","A","Wol","yes",0,-1,0,"0.81","-0.08","-1.39"
"11","A","BHA","yes",1,0,0,"0.42","0.45","-0.94"
"12","H","Liv","yes",3,1,1,"1.31","-0.74","-1.68"
"13","A","Ars","yes",0,-5,0,"0.10","0.86","-0.82"
"14","H","Bre","yes",1,0,2,"1.42","-0.89","-1.71"
"15","H","Pal","no",NA,NA,NA,"1.16","-0.54","-2.25"
"16","A","MnU","no",NA,NA,NA,"0.24","0.68","-1.57"
"17","H","Che","no",NA,NA,NA,"0.76","-0.01","-1.58"
"18","A","Sot","no",NA,NA,NA,"0.81","-0.09","-1.67"
"19","H","Lei","no",NA,NA,NA,"1.09","-0.45","-2.12"
"20","A","Bou","no",NA,NA,NA,"0.87","-0.16","-2.28"
"21","H","Lee","no",NA,NA,NA,"1.24","-0.65","-2.93"
"22","A","Ful","no",NA,NA,NA,"0.56","0.26","-2.67"
"23","H","MnC","no",NA,NA,NA,"0.46","0.39","-2.29"
"24","A","WHU","no",NA,NA,NA,"0.50","0.33","-1.96"
"25","H","Eve","no",NA,NA,NA,"1.12","-0.49","-2.45"
"26","A","Tot","no",NA,NA,NA,"0.24","0.68","-1.78"
"27","H","New","no",NA,NA,NA,"0.56","0.25","-1.53"
"28","H","Wol","no",NA,NA,NA,"1.57","-1.10","-2.62"
"29","A","Ast","no",NA,NA,NA,"0.63","0.16","-2.46"
"30","H","MnU","no",NA,NA,NA,"0.52","0.30","-2.16"
"31","A","Liv","no",NA,NA,NA,"0.40","0.47","-1.69"
"32","H","BHA","no",NA,NA,NA,"0.58","0.23","-1.46"
"33","A","Bre","no",NA,NA,NA,"0.47","0.37","-1.09"
"34","H","Sot","no",NA,NA,NA,"1.13","-0.51","-1.60"
"35","A","Che","no",NA,NA,NA,"0.39","0.49","-1.11"
"36","H","Ars","no",NA,NA,NA,"0.26","0.65","-0.47"
"37","A","Pal","no",NA,NA,NA,"0.52","0.30","-0.17"
"38","A","Lee","no",NA,NA,NA,"0.63","0.17","-0.00"
