"","HA","vs","played","Pts","GD","GS","ePts","sched","cumulative"
"1","H","Ars","yes",0,-2,0,"0.26","0.70","0.70"
"2","A","Liv","yes",1,0,1,"0.13","0.85","1.55"
"3","H","Ast","yes",3,2,3,"2.17","-1.49","0.06"
"4","A","MnC","yes",0,-2,2,"0.00","1.00","1.06"
"5","H","Bre","yes",1,0,1,"1.91","-1.19","-0.13"
"6","A","New","yes",1,0,0,"0.46","0.47","0.34"
"7","H","Che","yes",0,-1,1,"0.65","0.26","0.60"
"8","H","Lee","yes",3,1,2,"2.55","-1.93","-1.33"
"9","A","Lei","yes",1,0,0,"1.37","-0.57","-1.90"
"10","H","Wol","yes",3,1,2,"2.47","-1.83","-3.73"
"11","A","Eve","yes",0,-3,0,"1.04","-0.19","-3.92"
"12","H","Sot","no",NA,NA,NA,"0.97","-0.11","-4.03"
"13","A","WHU","no",NA,NA,NA,"0.34","0.60","-3.42"
"14","A","Not","no",NA,NA,NA,"1.12","-0.28","-3.71"
"15","H","Ful","no",NA,NA,NA,"0.62","0.29","-3.42"
"16","A","Bou","no",NA,NA,NA,"1.33","-0.53","-3.95"
"17","H","Tot","no",NA,NA,NA,"0.38","0.57","-3.38"
"18","A","Che","no",NA,NA,NA,"0.27","0.69","-2.69"
"19","H","New","no",NA,NA,NA,"0.32","0.64","-2.05"
"20","A","MnU","no",NA,NA,NA,"0.16","0.82","-1.24"
"21","H","BHA","no",NA,NA,NA,"0.29","0.67","-0.57"
"22","A","Bre","no",NA,NA,NA,"0.28","0.68","0.11"
"23","H","Liv","no",NA,NA,NA,"1.68","-0.93","-0.82"
"24","A","Ast","no",NA,NA,NA,"0.59","0.33","-0.49"
"25","H","MnC","no",NA,NA,NA,"0.32","0.63","0.14"
"26","A","Ars","no",NA,NA,NA,"0.00","1.00","1.14"
"27","H","Lei","no",NA,NA,NA,"1.47","-0.68","0.46"
"28","A","Lee","no",NA,NA,NA,"0.96","-0.10","0.36"
"29","A","Sot","no",NA,NA,NA,"1.18","-0.36","0.00"
"30","H","Eve","no",NA,NA,NA,"1.07","-0.23","-0.23"
"31","A","Wol","no",NA,NA,NA,"0.72","0.17","-0.05"
"32","H","WHU","no",NA,NA,NA,"1.45","-0.67","-0.72"
"33","A","Tot","no",NA,NA,NA,"0.16","0.82","0.09"
"34","H","Bou","no",NA,NA,NA,"0.75","0.13","0.23"
"35","A","Ful","no",NA,NA,NA,"0.47","0.46","0.69"
"36","H","Not","no",NA,NA,NA,"2.05","-1.36","-0.67"
"37","H","MnU","no",NA,NA,NA,"0.35","0.59","-0.08"
"38","A","BHA","no",NA,NA,NA,"0.80","0.08","-0.00"
