"","HA","vs","played","Pts","GD","GS","ePts","sched","cumulative"
"1","H","MnC","yes",0,-2,0,"0.79","0.27","0.27"
"2","A","Not","yes",0,-1,0,"1.23","-0.15","0.12"
"3","H","BHA","yes",0,-2,0,"0.99","0.08","0.19"
"4","A","Ast","yes",3,1,1,"0.67","0.38","0.57"
"5","H","Tot","yes",1,0,1,"0.92","0.14","0.71"
"6","A","Che","yes",0,-1,1,"0.55","0.48","1.19"
"7","A","Eve","yes",0,-1,0,"1.10","-0.03","1.17"
"8","H","Wol","yes",3,2,2,"2.10","-0.96","0.21"
"9","H","Ful","yes",3,2,3,"1.38","-0.29","-0.08"
"10","A","Sot","yes",1,0,1,"1.15","-0.07","-0.16"
"11","A","Liv","yes",0,-1,0,"0.50","0.54","0.38"
"12","H","Bou","yes",3,2,2,"1.72","-0.60","-0.22"
"13","A","MnU","yes",0,-1,0,"0.33","0.69","0.47"
"14","H","Pal","yes",0,-1,1,"1.40","-0.31","0.16"
"15","H","Lei","no",NA,NA,NA,"1.63","-0.52","-0.36"
"16","A","Ars","no",NA,NA,NA,"0.14","0.87","0.51"
"17","H","Bre","no",NA,NA,NA,"1.90","-0.78","-0.27"
"18","A","Lee","no",NA,NA,NA,"0.84","0.22","-0.05"
"19","A","Wol","no",NA,NA,NA,"1.06","0.01","-0.04"
"20","H","Eve","no",NA,NA,NA,"1.64","-0.53","-0.57"
"21","A","New","no",NA,NA,NA,"0.51","0.53","-0.05"
"22","H","Che","no",NA,NA,NA,"1.22","-0.13","-0.18"
"23","A","Tot","no",NA,NA,NA,"0.47","0.56","0.38"
"24","H","Not","no",NA,NA,NA,"2.08","-0.94","-0.57"
"25","A","BHA","no",NA,NA,NA,"0.57","0.47","-0.10"
"26","H","Ast","no",NA,NA,NA,"2.06","-0.92","-1.02"
"27","A","MnC","no",NA,NA,NA,"0.13","0.88","-0.14"
"28","H","Sot","no",NA,NA,NA,"1.67","-0.56","-0.70"
"29","A","Ful","no",NA,NA,NA,"0.72","0.33","-0.37"
"30","H","Ars","no",NA,NA,NA,"0.49","0.54","0.17"
"31","A","Bou","no",NA,NA,NA,"1.14","-0.06","0.11"
"32","H","Liv","no",NA,NA,NA,"1.45","-0.35","-0.24"
"33","A","Pal","no",NA,NA,NA,"0.68","0.37","0.12"
"34","H","MnU","no",NA,NA,NA,"1.08","-0.01","0.12"
"35","A","Bre","no",NA,NA,NA,"0.66","0.38","0.50"
"36","H","Lee","no",NA,NA,NA,"1.76","-0.65","-0.15"
"37","A","Lei","no",NA,NA,NA,"1.10","-0.03","-0.18"
"38","H","New","no",NA,NA,NA,"0.88","0.18","0.00"
