"","HA","vs","played","Pts","GD","GS","ePts","sched","cumulative"
"1","A","Lee","yes",0,-1,1,"0.82","0.06","0.06"
"2","H","Ful","yes",1,0,0,"0.91","-0.05","0.01"
"3","A","Tot","yes",0,-1,0,"0.50","0.43","0.43"
"4","H","New","yes",1,0,1,"0.57","0.35","0.78"
"5","A","Bou","yes",1,0,0,"0.97","-0.11","0.67"
"6","H","Sot","yes",3,1,1,"1.52","-0.75","-0.08"
"7","H","MnC","yes",0,-3,0,"0.53","0.39","0.31"
"8","A","WHU","yes",0,-2,0,"1.00","-0.15","0.16"
"9","A","Che","yes",0,-3,0,"0.45","0.48","0.64"
"10","H","Not","yes",3,1,1,"1.84","-1.11","-0.47"
"11","A","Pal","yes",0,-1,1,"0.70","0.20","-0.28"
"12","H","Lei","yes",0,-4,0,"1.21","-0.39","-0.67"
"13","A","Bre","yes",1,0,1,"0.59","0.32","-0.35"
"14","H","BHA","yes",0,-1,2,"0.69","0.20","-0.15"
"15","H","Ars","yes",0,-2,0,"0.26","0.70","0.55"
"16","A","Eve","yes",3,1,2,"1.21","-0.39","0.16"
"17","H","MnU","yes",0,-1,0,"0.64","0.27","0.43"
"18","A","Ast","no",NA,NA,NA,"0.68","0.22","0.65"
"19","H","WHU","no",NA,NA,NA,"1.58","-0.82","-0.17"
"20","A","MnC","no",NA,NA,NA,"0.29","0.67","0.50"
"21","H","Liv","no",NA,NA,NA,"0.86","0.01","0.51"
"22","A","Sot","no",NA,NA,NA,"1.22","-0.41","0.10"
"23","H","Bou","no",NA,NA,NA,"1.42","-0.63","-0.53"
"24","A","Ful","no",NA,NA,NA,"0.61","0.30","-0.23"
"25","H","Tot","no",NA,NA,NA,"0.69","0.20","-0.02"
"26","A","New","no",NA,NA,NA,"0.45","0.48","0.46"
"27","H","Lee","no",NA,NA,NA,"1.48","-0.70","-0.25"
"28","A","Not","no",NA,NA,NA,"0.93","-0.07","-0.32"
"29","H","Che","no",NA,NA,NA,"1.06","-0.22","-0.54"
"30","H","Bre","no",NA,NA,NA,"1.10","-0.27","-0.81"
"31","A","Lei","no",NA,NA,NA,"1.08","-0.25","-1.05"
"32","H","Pal","no",NA,NA,NA,"1.13","-0.30","-1.35"
"33","A","BHA","no",NA,NA,NA,"0.72","0.17","-1.18"
"34","H","Ast","no",NA,NA,NA,"1.18","-0.36","-1.54"
"35","A","MnU","no",NA,NA,NA,"0.26","0.70","-0.84"
"36","H","Eve","no",NA,NA,NA,"1.40","-0.61","-1.45"
"37","A","Ars","no",NA,NA,NA,"0.10","0.88","-0.57"
"38","A","Liv","no",NA,NA,NA,"0.37","0.57","-0.00"
